graph_object,num_machines
"{'directed': True, 'multigraph': False, 'graph': {}, 'nodes': [{'id': 0}, {'id': 1}, {'id': 2}, {'id': 3}, {'id': 4}, {'id': 5}, {'id': 6}, {'id': 7}, {'id': 8}, {'id': 9}, {'id': 10}, {'id': 11}, {'id': 12}, {'id': 13}, {'id': 14}, {'id': 15}, {'id': 16}, {'id': 17}, {'id': 18}, {'id': 19}, {'id': 20}, {'id': 21}, {'id': 22}, {'id': 23}, {'id': 24}, {'id': 25}, {'id': 26}, {'id': 27}, {'id': 28}, {'id': 29}, {'id': 30}, {'id': 31}, {'id': 32}, {'id': 33}, {'id': 34}, {'id': 35}, {'id': 36}, {'id': 37}, {'id': 38}, {'id': 39}, {'id': 40}, {'id': 41}, {'id': 42}, {'id': 43}, {'id': 44}, {'id': 45}, {'id': 46}, {'id': 47}, {'id': 48}, {'id': 49}, {'id': 50}, {'id': 51}, {'id': 52}, {'id': 53}, {'id': 54}, {'id': 55}, {'id': 56}, {'id': 57}, {'id': 58}, {'id': 59}], 'links': [{'source': 1, 'target': 12}, {'source': 3, 'target': 35}, {'source': 5, 'target': 38}, {'source': 5, 'target': 19}, {'source': 5, 'target': 16}, {'source': 6, 'target': 54}, {'source': 6, 'target': 15}, {'source': 8, 'target': 20}, {'source': 8, 'target': 32}, {'source': 9, 'target': 2}, {'source': 9, 'target': 25}, {'source': 9, 'target': 40}, {'source': 10, 'target': 4}, {'source': 11, 'target': 7}, {'source': 15, 'target': 0}, {'source': 15, 'target': 43}, {'source': 16, 'target': 13}, {'source': 16, 'target': 28}, {'source': 17, 'target': 34}, {'source': 17, 'target': 37}, {'source': 17, 'target': 9}, {'source': 19, 'target': 41}, {'source': 20, 'target': 31}, {'source': 24, 'target': 1}, {'source': 24, 'target': 55}, {'source': 24, 'target': 30}, {'source': 26, 'target': 39}, {'source': 28, 'target': 14}, {'source': 28, 'target': 33}, {'source': 28, 'target': 48}, {'source': 28, 'target': 49}, {'source': 30, 'target': 8}, {'source': 30, 'target': 42}, {'source': 31, 'target': 56}, {'source': 32, 'target': 53}, {'source': 32, 'target': 6}, {'source': 34, 'target': 27}, {'source': 39, 'target': 36}, {'source': 41, 'target': 11}, {'source': 42, 'target': 58}, {'source': 43, 'target': 57}, {'source': 44, 'target': 52}, {'source': 45, 'target': 21}, {'source': 45, 'target': 22}, {'source': 45, 'target': 29}, {'source': 45, 'target': 3}, {'source': 45, 'target': 5}, {'source': 46, 'target': 26}, {'source': 50, 'target': 46}, {'source': 51, 'target': 44}, {'source': 52, 'target': 45}, {'source': 55, 'target': 17}, {'source': 55, 'target': 47}, {'source': 56, 'target': 18}, {'source': 56, 'target': 51}, {'source': 57, 'target': 10}, {'source': 58, 'target': 23}, {'source': 58, 'target': 59}, {'source': 59, 'target': 50}]}",3
"{'directed': True, 'multigraph': False, 'graph': {}, 'nodes': [{'id': 0}, {'id': 1}, {'id': 2}, {'id': 3}, {'id': 4}, {'id': 5}, {'id': 6}, {'id': 7}, {'id': 8}, {'id': 9}, {'id': 10}, {'id': 11}, {'id': 12}, {'id': 13}, {'id': 14}, {'id': 15}, {'id': 16}, {'id': 17}, {'id': 18}, {'id': 19}, {'id': 20}, {'id': 21}, {'id': 22}, {'id': 23}, {'id': 24}, {'id': 25}, {'id': 26}, {'id': 27}, {'id': 28}, {'id': 29}, {'id': 30}, {'id': 31}, {'id': 32}, {'id': 33}, {'id': 34}, {'id': 35}, {'id': 36}, {'id': 37}, {'id': 38}, {'id': 39}, {'id': 40}, {'id': 41}, {'id': 42}, {'id': 43}, {'id': 44}, {'id': 45}, {'id': 46}, {'id': 47}, {'id': 48}, {'id': 49}, {'id': 50}, {'id': 51}, {'id': 52}, {'id': 53}, {'id': 54}, {'id': 55}, {'id': 56}, {'id': 57}, {'id': 58}, {'id': 59}], 'links': [{'source': 0, 'target': 7}, {'source': 1, 'target': 38}, {'source': 4, 'target': 55}, {'source': 5, 'target': 8}, {'source': 7, 'target': 11}, {'source': 7, 'target': 41}, {'source': 8, 'target': 57}, {'source': 9, 'target': 23}, {'source': 10, 'target': 42}, {'source': 11, 'target': 1}, {'source': 12, 'target': 20}, {'source': 12, 'target': 29}, {'source': 13, 'target': 19}, {'source': 15, 'target': 17}, {'source': 15, 'target': 49}, {'source': 17, 'target': 14}, {'source': 18, 'target': 47}, {'source': 21, 'target': 31}, {'source': 22, 'target': 6}, {'source': 22, 'target': 51}, {'source': 23, 'target': 30}, {'source': 23, 'target': 46}, {'source': 23, 'target': 59}, {'source': 25, 'target': 3}, {'source': 25, 'target': 12}, {'source': 26, 'target': 36}, {'source': 27, 'target': 16}, {'source': 27, 'target': 35}, {'source': 28, 'target': 21}, {'source': 29, 'target': 33}, {'source': 29, 'target': 44}, {'source': 29, 'target': 50}, {'source': 31, 'target': 34}, {'source': 32, 'target': 9}, {'source': 33, 'target': 37}, {'source': 35, 'target': 28}, {'source': 36, 'target': 18}, {'source': 42, 'target': 2}, {'source': 42, 'target': 25}, {'source': 42, 'target': 22}, {'source': 43, 'target': 15}, {'source': 45, 'target': 13}, {'source': 45, 'target': 0}, {'source': 45, 'target': 56}, {'source': 46, 'target': 27}, {'source': 46, 'target': 26}, {'source': 46, 'target': 45}, {'source': 49, 'target': 10}, {'source': 50, 'target': 48}, {'source': 51, 'target': 5}, {'source': 52, 'target': 32}, {'source': 53, 'target': 39}, {'source': 54, 'target': 53}, {'source': 54, 'target': 52}, {'source': 55, 'target': 54}, {'source': 56, 'target': 24}, {'source': 57, 'target': 58}, {'source': 59, 'target': 40}, {'source': 59, 'target': 43}]}",3
"{'directed': True, 'multigraph': False, 'graph': {}, 'nodes': [{'id': 0}, {'id': 1}, {'id': 2}, {'id': 3}, {'id': 4}, {'id': 5}, {'id': 6}, {'id': 7}, {'id': 8}, {'id': 9}, {'id': 10}, {'id': 11}, {'id': 12}, {'id': 13}, {'id': 14}, {'id': 15}, {'id': 16}, {'id': 17}, {'id': 18}, {'id': 19}, {'id': 20}, {'id': 21}, {'id': 22}, {'id': 23}, {'id': 24}, {'id': 25}, {'id': 26}, {'id': 27}, {'id': 28}, {'id': 29}, {'id': 30}, {'id': 31}, {'id': 32}, {'id': 33}, {'id': 34}, {'id': 35}, {'id': 36}, {'id': 37}, {'id': 38}, {'id': 39}, {'id': 40}, {'id': 41}, {'id': 42}, {'id': 43}, {'id': 44}, {'id': 45}, {'id': 46}, {'id': 47}, {'id': 48}, {'id': 49}, {'id': 50}, {'id': 51}, {'id': 52}, {'id': 53}, {'id': 54}, {'id': 55}, {'id': 56}, {'id': 57}, {'id': 58}, {'id': 59}], 'links': [{'source': 0, 'target': 13}, {'source': 0, 'target': 11}, {'source': 1, 'target': 2}, {'source': 2, 'target': 28}, {'source': 2, 'target': 55}, {'source': 2, 'target': 0}, {'source': 3, 'target': 24}, {'source': 3, 'target': 26}, {'source': 8, 'target': 59}, {'source': 9, 'target': 46}, {'source': 10, 'target': 42}, {'source': 11, 'target': 38}, {'source': 12, 'target': 7}, {'source': 12, 'target': 3}, {'source': 12, 'target': 56}, {'source': 12, 'target': 37}, {'source': 12, 'target': 8}, {'source': 18, 'target': 27}, {'source': 18, 'target': 45}, {'source': 19, 'target': 54}, {'source': 20, 'target': 10}, {'source': 20, 'target': 32}, {'source': 22, 'target': 33}, {'source': 24, 'target': 6}, {'source': 25, 'target': 23}, {'source': 27, 'target': 16}, {'source': 29, 'target': 25}, {'source': 31, 'target': 53}, {'source': 31, 'target': 9}, {'source': 32, 'target': 39}, {'source': 32, 'target': 48}, {'source': 32, 'target': 43}, {'source': 34, 'target': 58}, {'source': 35, 'target': 29}, {'source': 36, 'target': 21}, {'source': 36, 'target': 19}, {'source': 37, 'target': 57}, {'source': 38, 'target': 17}, {'source': 38, 'target': 30}, {'source': 38, 'target': 50}, {'source': 38, 'target': 51}, {'source': 41, 'target': 18}, {'source': 43, 'target': 14}, {'source': 43, 'target': 12}, {'source': 44, 'target': 15}, {'source': 45, 'target': 4}, {'source': 46, 'target': 5}, {'source': 46, 'target': 22}, {'source': 46, 'target': 20}, {'source': 47, 'target': 49}, {'source': 47, 'target': 31}, {'source': 50, 'target': 36}, {'source': 51, 'target': 52}, {'source': 52, 'target': 34}, {'source': 53, 'target': 35}, {'source': 53, 'target': 41}, {'source': 54, 'target': 44}, {'source': 58, 'target': 40}, {'source': 58, 'target': 47}]}",3
"{'directed': True, 'multigraph': False, 'graph': {}, 'nodes': [{'id': 0}, {'id': 1}, {'id': 2}, {'id': 3}, {'id': 4}, {'id': 5}, {'id': 6}, {'id': 7}, {'id': 8}, {'id': 9}, {'id': 10}, {'id': 11}, {'id': 12}, {'id': 13}, {'id': 14}, {'id': 15}, {'id': 16}, {'id': 17}, {'id': 18}, {'id': 19}, {'id': 20}, {'id': 21}, {'id': 22}, {'id': 23}, {'id': 24}, {'id': 25}, {'id': 26}, {'id': 27}, {'id': 28}, {'id': 29}, {'id': 30}, {'id': 31}, {'id': 32}, {'id': 33}, {'id': 34}, {'id': 35}, {'id': 36}, {'id': 37}, {'id': 38}, {'id': 39}, {'id': 40}, {'id': 41}, {'id': 42}, {'id': 43}, {'id': 44}, {'id': 45}, {'id': 46}, {'id': 47}, {'id': 48}, {'id': 49}, {'id': 50}, {'id': 51}, {'id': 52}, {'id': 53}, {'id': 54}, {'id': 55}, {'id': 56}, {'id': 57}, {'id': 58}, {'id': 59}], 'links': [{'source': 1, 'target': 52}, {'source': 1, 'target': 12}, {'source': 2, 'target': 5}, {'source': 2, 'target': 59}, {'source': 3, 'target': 29}, {'source': 3, 'target': 18}, {'source': 5, 'target': 53}, {'source': 6, 'target': 43}, {'source': 6, 'target': 57}, {'source': 8, 'target': 9}, {'source': 9, 'target': 38}, {'source': 12, 'target': 3}, {'source': 12, 'target': 54}, {'source': 12, 'target': 16}, {'source': 13, 'target': 58}, {'source': 14, 'target': 31}, {'source': 16, 'target': 20}, {'source': 16, 'target': 37}, {'source': 18, 'target': 42}, {'source': 19, 'target': 47}, {'source': 20, 'target': 22}, {'source': 20, 'target': 35}, {'source': 21, 'target': 15}, {'source': 21, 'target': 27}, {'source': 21, 'target': 32}, {'source': 22, 'target': 51}, {'source': 24, 'target': 10}, {'source': 24, 'target': 41}, {'source': 24, 'target': 46}, {'source': 27, 'target': 0}, {'source': 29, 'target': 34}, {'source': 30, 'target': 44}, {'source': 31, 'target': 24}, {'source': 33, 'target': 7}, {'source': 35, 'target': 39}, {'source': 35, 'target': 48}, {'source': 36, 'target': 49}, {'source': 37, 'target': 2}, {'source': 38, 'target': 11}, {'source': 38, 'target': 14}, {'source': 40, 'target': 33}, {'source': 40, 'target': 45}, {'source': 40, 'target': 8}, {'source': 42, 'target': 19}, {'source': 43, 'target': 55}, {'source': 44, 'target': 40}, {'source': 44, 'target': 6}, {'source': 48, 'target': 21}, {'source': 48, 'target': 50}, {'source': 48, 'target': 30}, {'source': 49, 'target': 4}, {'source': 49, 'target': 56}, {'source': 50, 'target': 26}, {'source': 51, 'target': 23}, {'source': 52, 'target': 13}, {'source': 53, 'target': 28}, {'source': 53, 'target': 36}, {'source': 58, 'target': 25}, {'source': 59, 'target': 17}]}",10
"{'directed': True, 'multigraph': False, 'graph': {}, 'nodes': [{'id': 0}, {'id': 1}, {'id': 2}, {'id': 3}, {'id': 4}, {'id': 5}, {'id': 6}, {'id': 7}, {'id': 8}, {'id': 9}, {'id': 10}, {'id': 11}, {'id': 12}, {'id': 13}, {'id': 14}, {'id': 15}, {'id': 16}, {'id': 17}, {'id': 18}, {'id': 19}, {'id': 20}, {'id': 21}, {'id': 22}, {'id': 23}, {'id': 24}, {'id': 25}, {'id': 26}, {'id': 27}, {'id': 28}, {'id': 29}, {'id': 30}, {'id': 31}, {'id': 32}, {'id': 33}, {'id': 34}, {'id': 35}, {'id': 36}, {'id': 37}, {'id': 38}, {'id': 39}, {'id': 40}, {'id': 41}, {'id': 42}, {'id': 43}, {'id': 44}, {'id': 45}, {'id': 46}, {'id': 47}, {'id': 48}, {'id': 49}, {'id': 50}, {'id': 51}, {'id': 52}, {'id': 53}, {'id': 54}, {'id': 55}, {'id': 56}, {'id': 57}, {'id': 58}, {'id': 59}], 'links': [{'source': 0, 'target': 31}, {'source': 1, 'target': 24}, {'source': 1, 'target': 19}, {'source': 2, 'target': 55}, {'source': 3, 'target': 10}, {'source': 3, 'target': 49}, {'source': 4, 'target': 6}, {'source': 4, 'target': 13}, {'source': 4, 'target': 43}, {'source': 9, 'target': 17}, {'source': 11, 'target': 54}, {'source': 13, 'target': 28}, {'source': 13, 'target': 29}, {'source': 13, 'target': 36}, {'source': 14, 'target': 12}, {'source': 15, 'target': 41}, {'source': 16, 'target': 45}, {'source': 18, 'target': 57}, {'source': 19, 'target': 35}, {'source': 20, 'target': 9}, {'source': 21, 'target': 11}, {'source': 22, 'target': 7}, {'source': 23, 'target': 34}, {'source': 25, 'target': 37}, {'source': 25, 'target': 26}, {'source': 26, 'target': 42}, {'source': 29, 'target': 8}, {'source': 30, 'target': 14}, {'source': 30, 'target': 32}, {'source': 31, 'target': 15}, {'source': 31, 'target': 46}, {'source': 32, 'target': 58}, {'source': 33, 'target': 5}, {'source': 33, 'target': 2}, {'source': 35, 'target': 20}, {'source': 35, 'target': 30}, {'source': 36, 'target': 22}, {'source': 38, 'target': 40}, {'source': 39, 'target': 53}, {'source': 39, 'target': 25}, {'source': 40, 'target': 23}, {'source': 42, 'target': 33}, {'source': 43, 'target': 1}, {'source': 44, 'target': 0}, {'source': 44, 'target': 52}, {'source': 44, 'target': 18}, {'source': 46, 'target': 27}, {'source': 46, 'target': 38}, {'source': 46, 'target': 50}, {'source': 47, 'target': 3}, {'source': 48, 'target': 21}, {'source': 48, 'target': 44}, {'source': 49, 'target': 59}, {'source': 52, 'target': 16}, {'source': 52, 'target': 4}, {'source': 56, 'target': 47}, {'source': 57, 'target': 51}, {'source': 57, 'target': 39}, {'source': 57, 'target': 56}]}",10
"{'directed': True, 'multigraph': False, 'graph': {}, 'nodes': [{'id': 0}, {'id': 1}, {'id': 2}, {'id': 3}, {'id': 4}, {'id': 5}, {'id': 6}, {'id': 7}, {'id': 8}, {'id': 9}, {'id': 10}, {'id': 11}, {'id': 12}, {'id': 13}, {'id': 14}, {'id': 15}, {'id': 16}, {'id': 17}, {'id': 18}, {'id': 19}, {'id': 20}, {'id': 21}, {'id': 22}, {'id': 23}, {'id': 24}, {'id': 25}, {'id': 26}, {'id': 27}, {'id': 28}, {'id': 29}, {'id': 30}, {'id': 31}, {'id': 32}, {'id': 33}, {'id': 34}, {'id': 35}, {'id': 36}, {'id': 37}, {'id': 38}, {'id': 39}, {'id': 40}, {'id': 41}, {'id': 42}, {'id': 43}, {'id': 44}, {'id': 45}, {'id': 46}, {'id': 47}, {'id': 48}, {'id': 49}, {'id': 50}, {'id': 51}, {'id': 52}, {'id': 53}, {'id': 54}, {'id': 55}, {'id': 56}, {'id': 57}, {'id': 58}, {'id': 59}], 'links': [{'source': 0, 'target': 7}, {'source': 0, 'target': 11}, {'source': 1, 'target': 19}, {'source': 4, 'target': 45}, {'source': 5, 'target': 39}, {'source': 8, 'target': 34}, {'source': 8, 'target': 32}, {'source': 8, 'target': 55}, {'source': 8, 'target': 16}, {'source': 8, 'target': 59}, {'source': 9, 'target': 43}, {'source': 9, 'target': 57}, {'source': 11, 'target': 2}, {'source': 11, 'target': 27}, {'source': 12, 'target': 5}, {'source': 12, 'target': 30}, {'source': 13, 'target': 4}, {'source': 16, 'target': 21}, {'source': 16, 'target': 58}, {'source': 18, 'target': 23}, {'source': 19, 'target': 52}, {'source': 20, 'target': 38}, {'source': 21, 'target': 51}, {'source': 21, 'target': 9}, {'source': 22, 'target': 17}, {'source': 22, 'target': 31}, {'source': 25, 'target': 48}, {'source': 26, 'target': 49}, {'source': 27, 'target': 37}, {'source': 29, 'target': 46}, {'source': 29, 'target': 47}, {'source': 30, 'target': 0}, {'source': 30, 'target': 54}, {'source': 31, 'target': 3}, {'source': 32, 'target': 25}, {'source': 33, 'target': 35}, {'source': 35, 'target': 36}, {'source': 37, 'target': 10}, {'source': 39, 'target': 53}, {'source': 40, 'target': 22}, {'source': 42, 'target': 14}, {'source': 43, 'target': 50}, {'source': 45, 'target': 28}, {'source': 45, 'target': 26}, {'source': 46, 'target': 15}, {'source': 51, 'target': 24}, {'source': 51, 'target': 1}, {'source': 52, 'target': 40}, {'source': 52, 'target': 44}, {'source': 53, 'target': 6}, {'source': 54, 'target': 18}, {'source': 54, 'target': 56}, {'source': 55, 'target': 12}, {'source': 56, 'target': 33}, {'source': 56, 'target': 20}, {'source': 56, 'target': 41}, {'source': 56, 'target': 29}, {'source': 57, 'target': 13}, {'source': 58, 'target': 42}]}",10
"{'directed': True, 'multigraph': False, 'graph': {}, 'nodes': [{'id': 0}, {'id': 1}, {'id': 2}, {'id': 3}, {'id': 4}, {'id': 5}, {'id': 6}, {'id': 7}, {'id': 8}, {'id': 9}, {'id': 10}, {'id': 11}, {'id': 12}, {'id': 13}, {'id': 14}, {'id': 15}, {'id': 16}, {'id': 17}, {'id': 18}, {'id': 19}, {'id': 20}, {'id': 21}, {'id': 22}, {'id': 23}, {'id': 24}, {'id': 25}, {'id': 26}, {'id': 27}, {'id': 28}, {'id': 29}, {'id': 30}, {'id': 31}, {'id': 32}, {'id': 33}, {'id': 34}, {'id': 35}, {'id': 36}, {'id': 37}, {'id': 38}, {'id': 39}, {'id': 40}, {'id': 41}, {'id': 42}, {'id': 43}, {'id': 44}, {'id': 45}, {'id': 46}, {'id': 47}, {'id': 48}, {'id': 49}, {'id': 50}, {'id': 51}, {'id': 52}, {'id': 53}, {'id': 54}, {'id': 55}, {'id': 56}, {'id': 57}, {'id': 58}, {'id': 59}], 'links': [{'source': 1, 'target': 3}, {'source': 1, 'target': 14}, {'source': 2, 'target': 8}, {'source': 2, 'target': 25}, {'source': 2, 'target': 32}, {'source': 2, 'target': 6}, {'source': 4, 'target': 29}, {'source': 5, 'target': 39}, {'source': 6, 'target': 23}, {'source': 6, 'target': 22}, {'source': 9, 'target': 12}, {'source': 10, 'target': 35}, {'source': 10, 'target': 49}, {'source': 12, 'target': 38}, {'source': 14, 'target': 11}, {'source': 14, 'target': 59}, {'source': 16, 'target': 2}, {'source': 17, 'target': 28}, {'source': 19, 'target': 15}, {'source': 20, 'target': 54}, {'source': 21, 'target': 5}, {'source': 21, 'target': 47}, {'source': 22, 'target': 37}, {'source': 22, 'target': 30}, {'source': 24, 'target': 45}, {'source': 24, 'target': 48}, {'source': 24, 'target': 10}, {'source': 26, 'target': 19}, {'source': 26, 'target': 46}, {'source': 27, 'target': 55}, {'source': 28, 'target': 31}, {'source': 29, 'target': 17}, {'source': 30, 'target': 9}, {'source': 31, 'target': 50}, {'source': 33, 'target': 57}, {'source': 34, 'target': 16}, {'source': 36, 'target': 4}, {'source': 38, 'target': 42}, {'source': 39, 'target': 44}, {'source': 40, 'target': 33}, {'source': 40, 'target': 1}, {'source': 41, 'target': 34}, {'source': 41, 'target': 58}, {'source': 42, 'target': 26}, {'source': 43, 'target': 56}, {'source': 43, 'target': 21}, {'source': 46, 'target': 24}, {'source': 47, 'target': 7}, {'source': 47, 'target': 41}, {'source': 48, 'target': 0}, {'source': 48, 'target': 13}, {'source': 51, 'target': 18}, {'source': 52, 'target': 51}, {'source': 54, 'target': 27}, {'source': 55, 'target': 43}, {'source': 57, 'target': 36}, {'source': 58, 'target': 52}, {'source': 58, 'target': 40}, {'source': 59, 'target': 53}]}",50
"{'directed': True, 'multigraph': False, 'graph': {}, 'nodes': [{'id': 0}, {'id': 1}, {'id': 2}, {'id': 3}, {'id': 4}, {'id': 5}, {'id': 6}, {'id': 7}, {'id': 8}, {'id': 9}, {'id': 10}, {'id': 11}, {'id': 12}, {'id': 13}, {'id': 14}, {'id': 15}, {'id': 16}, {'id': 17}, {'id': 18}, {'id': 19}, {'id': 20}, {'id': 21}, {'id': 22}, {'id': 23}, {'id': 24}, {'id': 25}, {'id': 26}, {'id': 27}, {'id': 28}, {'id': 29}, {'id': 30}, {'id': 31}, {'id': 32}, {'id': 33}, {'id': 34}, {'id': 35}, {'id': 36}, {'id': 37}, {'id': 38}, {'id': 39}, {'id': 40}, {'id': 41}, {'id': 42}, {'id': 43}, {'id': 44}, {'id': 45}, {'id': 46}, {'id': 47}, {'id': 48}, {'id': 49}, {'id': 50}, {'id': 51}, {'id': 52}, {'id': 53}, {'id': 54}, {'id': 55}, {'id': 56}, {'id': 57}, {'id': 58}, {'id': 59}], 'links': [{'source': 2, 'target': 3}, {'source': 3, 'target': 17}, {'source': 3, 'target': 4}, {'source': 4, 'target': 10}, {'source': 5, 'target': 8}, {'source': 7, 'target': 5}, {'source': 9, 'target': 27}, {'source': 9, 'target': 2}, {'source': 10, 'target': 42}, {'source': 11, 'target': 23}, {'source': 11, 'target': 45}, {'source': 12, 'target': 19}, {'source': 13, 'target': 11}, {'source': 13, 'target': 29}, {'source': 14, 'target': 24}, {'source': 15, 'target': 1}, {'source': 15, 'target': 58}, {'source': 16, 'target': 53}, {'source': 16, 'target': 36}, {'source': 18, 'target': 34}, {'source': 21, 'target': 39}, {'source': 25, 'target': 0}, {'source': 25, 'target': 41}, {'source': 28, 'target': 21}, {'source': 29, 'target': 57}, {'source': 30, 'target': 48}, {'source': 30, 'target': 54}, {'source': 32, 'target': 46}, {'source': 35, 'target': 20}, {'source': 35, 'target': 33}, {'source': 35, 'target': 56}, {'source': 36, 'target': 12}, {'source': 36, 'target': 30}, {'source': 36, 'target': 15}, {'source': 36, 'target': 37}, {'source': 37, 'target': 6}, {'source': 37, 'target': 26}, {'source': 37, 'target': 43}, {'source': 37, 'target': 9}, {'source': 38, 'target': 7}, {'source': 38, 'target': 50}, {'source': 39, 'target': 44}, {'source': 39, 'target': 49}, {'source': 40, 'target': 25}, {'source': 41, 'target': 52}, {'source': 42, 'target': 59}, {'source': 43, 'target': 51}, {'source': 43, 'target': 40}, {'source': 45, 'target': 35}, {'source': 47, 'target': 16}, {'source': 50, 'target': 18}, {'source': 51, 'target': 31}, {'source': 52, 'target': 22}, {'source': 54, 'target': 13}, {'source': 55, 'target': 32}, {'source': 55, 'target': 38}, {'source': 56, 'target': 55}, {'source': 57, 'target': 14}, {'source': 57, 'target': 28}]}",50
"{'directed': True, 'multigraph': False, 'graph': {}, 'nodes': [{'id': 0}, {'id': 1}, {'id': 2}, {'id': 3}, {'id': 4}, {'id': 5}, {'id': 6}, {'id': 7}, {'id': 8}, {'id': 9}, {'id': 10}, {'id': 11}, {'id': 12}, {'id': 13}, {'id': 14}, {'id': 15}, {'id': 16}, {'id': 17}, {'id': 18}, {'id': 19}, {'id': 20}, {'id': 21}, {'id': 22}, {'id': 23}, {'id': 24}, {'id': 25}, {'id': 26}, {'id': 27}, {'id': 28}, {'id': 29}, {'id': 30}, {'id': 31}, {'id': 32}, {'id': 33}, {'id': 34}, {'id': 35}, {'id': 36}, {'id': 37}, {'id': 38}, {'id': 39}, {'id': 40}, {'id': 41}, {'id': 42}, {'id': 43}, {'id': 44}, {'id': 45}, {'id': 46}, {'id': 47}, {'id': 48}, {'id': 49}, {'id': 50}, {'id': 51}, {'id': 52}, {'id': 53}, {'id': 54}, {'id': 55}, {'id': 56}, {'id': 57}, {'id': 58}, {'id': 59}], 'links': [{'source': 0, 'target': 48}, {'source': 0, 'target': 44}, {'source': 1, 'target': 27}, {'source': 1, 'target': 30}, {'source': 1, 'target': 32}, {'source': 1, 'target': 49}, {'source': 4, 'target': 18}, {'source': 4, 'target': 26}, {'source': 5, 'target': 57}, {'source': 8, 'target': 46}, {'source': 9, 'target': 43}, {'source': 10, 'target': 37}, {'source': 10, 'target': 58}, {'source': 10, 'target': 56}, {'source': 11, 'target': 6}, {'source': 11, 'target': 7}, {'source': 11, 'target': 24}, {'source': 12, 'target': 5}, {'source': 12, 'target': 59}, {'source': 13, 'target': 21}, {'source': 13, 'target': 25}, {'source': 15, 'target': 41}, {'source': 16, 'target': 52}, {'source': 17, 'target': 45}, {'source': 19, 'target': 15}, {'source': 21, 'target': 35}, {'source': 22, 'target': 39}, {'source': 24, 'target': 20}, {'source': 25, 'target': 40}, {'source': 26, 'target': 3}, {'source': 26, 'target': 31}, {'source': 28, 'target': 2}, {'source': 28, 'target': 33}, {'source': 29, 'target': 23}, {'source': 33, 'target': 12}, {'source': 34, 'target': 47}, {'source': 34, 'target': 10}, {'source': 36, 'target': 14}, {'source': 36, 'target': 54}, {'source': 37, 'target': 11}, {'source': 37, 'target': 42}, {'source': 37, 'target': 1}, {'source': 41, 'target': 22}, {'source': 41, 'target': 8}, {'source': 41, 'target': 16}, {'source': 41, 'target': 34}, {'source': 43, 'target': 36}, {'source': 44, 'target': 17}, {'source': 45, 'target': 51}, {'source': 50, 'target': 28}, {'source': 51, 'target': 29}, {'source': 51, 'target': 13}, {'source': 52, 'target': 38}, {'source': 53, 'target': 4}, {'source': 53, 'target': 50}, {'source': 54, 'target': 53}, {'source': 55, 'target': 0}, {'source': 56, 'target': 9}, {'source': 57, 'target': 55}]}",50
"{'directed': True, 'multigraph': False, 'graph': {}, 'nodes': [{'id': 0}, {'id': 1}, {'id': 2}, {'id': 3}, {'id': 4}, {'id': 5}, {'id': 6}, {'id': 7}, {'id': 8}, {'id': 9}, {'id': 10}, {'id': 11}, {'id': 12}, {'id': 13}, {'id': 14}, {'id': 15}, {'id': 16}, {'id': 17}, {'id': 18}, {'id': 19}, {'id': 20}, {'id': 21}, {'id': 22}, {'id': 23}, {'id': 24}, {'id': 25}, {'id': 26}, {'id': 27}, {'id': 28}, {'id': 29}, {'id': 30}, {'id': 31}, {'id': 32}, {'id': 33}, {'id': 34}, {'id': 35}, {'id': 36}, {'id': 37}, {'id': 38}, {'id': 39}, {'id': 40}, {'id': 41}, {'id': 42}, {'id': 43}, {'id': 44}, {'id': 45}, {'id': 46}, {'id': 47}, {'id': 48}, {'id': 49}, {'id': 50}, {'id': 51}, {'id': 52}, {'id': 53}, {'id': 54}, {'id': 55}, {'id': 56}, {'id': 57}, {'id': 58}, {'id': 59}], 'links': [{'source': 0, 'target': 33}, {'source': 0, 'target': 54}, {'source': 0, 'target': 24}, {'source': 2, 'target': 12}, {'source': 2, 'target': 35}, {'source': 2, 'target': 25}, {'source': 3, 'target': 46}, {'source': 4, 'target': 37}, {'source': 5, 'target': 23}, {'source': 5, 'target': 43}, {'source': 7, 'target': 49}, {'source': 7, 'target': 52}, {'source': 8, 'target': 36}, {'source': 8, 'target': 26}, {'source': 8, 'target': 59}, {'source': 10, 'target': 9}, {'source': 10, 'target': 57}, {'source': 15, 'target': 30}, {'source': 15, 'target': 51}, {'source': 16, 'target': 1}, {'source': 16, 'target': 11}, {'source': 19, 'target': 45}, {'source': 22, 'target': 28}, {'source': 23, 'target': 16}, {'source': 24, 'target': 17}, {'source': 24, 'target': 7}, {'source': 24, 'target': 58}, {'source': 25, 'target': 41}, {'source': 26, 'target': 40}, {'source': 26, 'target': 10}, {'source': 26, 'target': 0}, {'source': 28, 'target': 42}, {'source': 28, 'target': 56}, {'source': 28, 'target': 8}, {'source': 29, 'target': 53}, {'source': 31, 'target': 22}, {'source': 32, 'target': 27}, {'source': 32, 'target': 48}, {'source': 32, 'target': 50}, {'source': 32, 'target': 29}, {'source': 33, 'target': 18}, {'source': 33, 'target': 32}, {'source': 34, 'target': 21}, {'source': 37, 'target': 20}, {'source': 41, 'target': 4}, {'source': 41, 'target': 44}, {'source': 41, 'target': 55}, {'source': 42, 'target': 2}, {'source': 43, 'target': 34}, {'source': 44, 'target': 14}, {'source': 45, 'target': 38}, {'source': 47, 'target': 5}, {'source': 52, 'target': 39}, {'source': 54, 'target': 15}, {'source': 55, 'target': 3}, {'source': 55, 'target': 47}, {'source': 57, 'target': 13}, {'source': 58, 'target': 19}, {'source': 59, 'target': 6}]}",100
"{'directed': True, 'multigraph': False, 'graph': {}, 'nodes': [{'id': 0}, {'id': 1}, {'id': 2}, {'id': 3}, {'id': 4}, {'id': 5}, {'id': 6}, {'id': 7}, {'id': 8}, {'id': 9}, {'id': 10}, {'id': 11}, {'id': 12}, {'id': 13}, {'id': 14}, {'id': 15}, {'id': 16}, {'id': 17}, {'id': 18}, {'id': 19}, {'id': 20}, {'id': 21}, {'id': 22}, {'id': 23}, {'id': 24}, {'id': 25}, {'id': 26}, {'id': 27}, {'id': 28}, {'id': 29}, {'id': 30}, {'id': 31}, {'id': 32}, {'id': 33}, {'id': 34}, {'id': 35}, {'id': 36}, {'id': 37}, {'id': 38}, {'id': 39}, {'id': 40}, {'id': 41}, {'id': 42}, {'id': 43}, {'id': 44}, {'id': 45}, {'id': 46}, {'id': 47}, {'id': 48}, {'id': 49}, {'id': 50}, {'id': 51}, {'id': 52}, {'id': 53}, {'id': 54}, {'id': 55}, {'id': 56}, {'id': 57}, {'id': 58}, {'id': 59}], 'links': [{'source': 0, 'target': 4}, {'source': 0, 'target': 50}, {'source': 1, 'target': 58}, {'source': 2, 'target': 35}, {'source': 2, 'target': 1}, {'source': 3, 'target': 10}, {'source': 3, 'target': 45}, {'source': 4, 'target': 43}, {'source': 4, 'target': 19}, {'source': 5, 'target': 15}, {'source': 5, 'target': 11}, {'source': 5, 'target': 23}, {'source': 7, 'target': 29}, {'source': 7, 'target': 34}, {'source': 7, 'target': 47}, {'source': 8, 'target': 39}, {'source': 11, 'target': 56}, {'source': 12, 'target': 41}, {'source': 12, 'target': 37}, {'source': 13, 'target': 52}, {'source': 16, 'target': 54}, {'source': 17, 'target': 59}, {'source': 18, 'target': 3}, {'source': 19, 'target': 38}, {'source': 23, 'target': 2}, {'source': 25, 'target': 46}, {'source': 26, 'target': 42}, {'source': 30, 'target': 0}, {'source': 33, 'target': 22}, {'source': 33, 'target': 32}, {'source': 33, 'target': 30}, {'source': 35, 'target': 21}, {'source': 36, 'target': 6}, {'source': 36, 'target': 9}, {'source': 37, 'target': 44}, {'source': 37, 'target': 49}, {'source': 38, 'target': 36}, {'source': 38, 'target': 25}, {'source': 38, 'target': 51}, {'source': 41, 'target': 40}, {'source': 44, 'target': 24}, {'source': 45, 'target': 8}, {'source': 45, 'target': 12}, {'source': 48, 'target': 14}, {'source': 48, 'target': 20}, {'source': 48, 'target': 17}, {'source': 49, 'target': 53}, {'source': 50, 'target': 18}, {'source': 51, 'target': 26}, {'source': 51, 'target': 5}, {'source': 52, 'target': 48}, {'source': 53, 'target': 13}, {'source': 54, 'target': 27}, {'source': 54, 'target': 31}, {'source': 55, 'target': 7}, {'source': 56, 'target': 55}, {'source': 58, 'target': 28}, {'source': 59, 'target': 16}, {'source': 59, 'target': 57}]}",100
"{'directed': True, 'multigraph': False, 'graph': {}, 'nodes': [{'id': 0}, {'id': 1}, {'id': 2}, {'id': 3}, {'id': 4}, {'id': 5}, {'id': 6}, {'id': 7}, {'id': 8}, {'id': 9}, {'id': 10}, {'id': 11}, {'id': 12}, {'id': 13}, {'id': 14}, {'id': 15}, {'id': 16}, {'id': 17}, {'id': 18}, {'id': 19}, {'id': 20}, {'id': 21}, {'id': 22}, {'id': 23}, {'id': 24}, {'id': 25}, {'id': 26}, {'id': 27}, {'id': 28}, {'id': 29}, {'id': 30}, {'id': 31}, {'id': 32}, {'id': 33}, {'id': 34}, {'id': 35}, {'id': 36}, {'id': 37}, {'id': 38}, {'id': 39}, {'id': 40}, {'id': 41}, {'id': 42}, {'id': 43}, {'id': 44}, {'id': 45}, {'id': 46}, {'id': 47}, {'id': 48}, {'id': 49}, {'id': 50}, {'id': 51}, {'id': 52}, {'id': 53}, {'id': 54}, {'id': 55}, {'id': 56}, {'id': 57}, {'id': 58}, {'id': 59}], 'links': [{'source': 0, 'target': 22}, {'source': 1, 'target': 30}, {'source': 1, 'target': 35}, {'source': 2, 'target': 49}, {'source': 3, 'target': 12}, {'source': 5, 'target': 43}, {'source': 5, 'target': 56}, {'source': 6, 'target': 54}, {'source': 7, 'target': 25}, {'source': 11, 'target': 51}, {'source': 12, 'target': 41}, {'source': 12, 'target': 47}, {'source': 12, 'target': 45}, {'source': 13, 'target': 40}, {'source': 14, 'target': 11}, {'source': 14, 'target': 58}, {'source': 15, 'target': 0}, {'source': 18, 'target': 29}, {'source': 21, 'target': 10}, {'source': 21, 'target': 15}, {'source': 21, 'target': 33}, {'source': 23, 'target': 16}, {'source': 23, 'target': 36}, {'source': 28, 'target': 5}, {'source': 29, 'target': 46}, {'source': 29, 'target': 21}, {'source': 31, 'target': 28}, {'source': 31, 'target': 53}, {'source': 32, 'target': 7}, {'source': 33, 'target': 48}, {'source': 34, 'target': 24}, {'source': 34, 'target': 1}, {'source': 35, 'target': 19}, {'source': 35, 'target': 59}, {'source': 37, 'target': 39}, {'source': 37, 'target': 6}, {'source': 41, 'target': 38}, {'source': 42, 'target': 31}, {'source': 43, 'target': 26}, {'source': 44, 'target': 9}, {'source': 45, 'target': 52}, {'source': 48, 'target': 37}, {'source': 48, 'target': 14}, {'source': 48, 'target': 2}, {'source': 49, 'target': 27}, {'source': 49, 'target': 34}, {'source': 51, 'target': 17}, {'source': 51, 'target': 13}, {'source': 51, 'target': 50}, {'source': 53, 'target': 18}, {'source': 54, 'target': 4}, {'source': 54, 'target': 8}, {'source': 54, 'target': 3}, {'source': 55, 'target': 57}, {'source': 56, 'target': 55}, {'source': 57, 'target': 23}, {'source': 58, 'target': 32}, {'source': 58, 'target': 44}, {'source': 59, 'target': 20}]}",100
"{'directed': True, 'multigraph': False, 'graph': {}, 'nodes': [{'id': 0}, {'id': 1}, {'id': 2}, {'id': 3}, {'id': 4}, {'id': 5}, {'id': 6}, {'id': 7}, {'id': 8}, {'id': 9}, {'id': 10}, {'id': 11}, {'id': 12}, {'id': 13}, {'id': 14}, {'id': 15}, {'id': 16}, {'id': 17}, {'id': 18}, {'id': 19}, {'id': 20}, {'id': 21}, {'id': 22}, {'id': 23}, {'id': 24}, {'id': 25}, {'id': 26}, {'id': 27}, {'id': 28}, {'id': 29}, {'id': 30}, {'id': 31}, {'id': 32}, {'id': 33}, {'id': 34}, {'id': 35}, {'id': 36}, {'id': 37}, {'id': 38}, {'id': 39}, {'id': 40}, {'id': 41}, {'id': 42}, {'id': 43}, {'id': 44}, {'id': 45}, {'id': 46}, {'id': 47}, {'id': 48}, {'id': 49}, {'id': 50}, {'id': 51}, {'id': 52}, {'id': 53}, {'id': 54}, {'id': 55}, {'id': 56}, {'id': 57}, {'id': 58}, {'id': 59}, {'id': 60}, {'id': 61}, {'id': 62}, {'id': 63}, {'id': 64}, {'id': 65}, {'id': 66}, {'id': 67}, {'id': 68}, {'id': 69}, {'id': 70}, {'id': 71}, {'id': 72}, {'id': 73}, {'id': 74}, {'id': 75}, {'id': 76}, {'id': 77}, {'id': 78}, {'id': 79}, {'id': 80}, {'id': 81}, {'id': 82}, {'id': 83}, {'id': 84}, {'id': 85}, {'id': 86}, {'id': 87}, {'id': 88}, {'id': 89}], 'links': [{'source': 0, 'target': 48}, {'source': 1, 'target': 40}, {'source': 2, 'target': 38}, {'source': 5, 'target': 26}, {'source': 8, 'target': 3}, {'source': 9, 'target': 72}, {'source': 12, 'target': 0}, {'source': 12, 'target': 75}, {'source': 13, 'target': 73}, {'source': 13, 'target': 32}, {'source': 13, 'target': 18}, {'source': 14, 'target': 79}, {'source': 15, 'target': 8}, {'source': 16, 'target': 34}, {'source': 16, 'target': 66}, {'source': 16, 'target': 82}, {'source': 17, 'target': 11}, {'source': 17, 'target': 84}, {'source': 17, 'target': 89}, {'source': 18, 'target': 23}, {'source': 18, 'target': 83}, {'source': 20, 'target': 1}, {'source': 24, 'target': 31}, {'source': 26, 'target': 2}, {'source': 27, 'target': 43}, {'source': 27, 'target': 52}, {'source': 28, 'target': 69}, {'source': 28, 'target': 80}, {'source': 28, 'target': 86}, {'source': 29, 'target': 46}, {'source': 31, 'target': 6}, {'source': 32, 'target': 45}, {'source': 33, 'target': 4}, {'source': 35, 'target': 74}, {'source': 36, 'target': 57}, {'source': 37, 'target': 65}, {'source': 38, 'target': 25}, {'source': 40, 'target': 61}, {'source': 45, 'target': 55}, {'source': 46, 'target': 63}, {'source': 46, 'target': 76}, {'source': 47, 'target': 27}, {'source': 48, 'target': 21}, {'source': 48, 'target': 9}, {'source': 49, 'target': 30}, {'source': 49, 'target': 44}, {'source': 49, 'target': 47}, {'source': 51, 'target': 59}, {'source': 51, 'target': 36}, {'source': 51, 'target': 37}, {'source': 52, 'target': 19}, {'source': 53, 'target': 15}, {'source': 53, 'target': 29}, {'source': 55, 'target': 35}, {'source': 55, 'target': 28}, {'source': 56, 'target': 10}, {'source': 57, 'target': 14}, {'source': 59, 'target': 22}, {'source': 59, 'target': 81}, {'source': 60, 'target': 67}, {'source': 60, 'target': 51}, {'source': 61, 'target': 71}, {'source': 62, 'target': 87}, {'source': 62, 'target': 17}, {'source': 63, 'target': 41}, {'source': 63, 'target': 58}, {'source': 64, 'target': 5}, {'source': 64, 'target': 12}, {'source': 65, 'target': 78}, {'source': 65, 'target': 62}, {'source': 69, 'target': 49}, {'source': 70, 'target': 64}, {'source': 72, 'target': 85}, {'source': 74, 'target': 33}, {'source': 75, 'target': 60}, {'source': 76, 'target': 54}, {'source': 76, 'target': 56}, {'source': 76, 'target': 16}, {'source': 77, 'target': 88}, {'source': 78, 'target': 53}, {'source': 79, 'target': 13}, {'source': 83, 'target': 42}, {'source': 83, 'target': 50}, {'source': 83, 'target': 68}, {'source': 83, 'target': 77}, {'source': 84, 'target': 24}, {'source': 85, 'target': 39}, {'source': 87, 'target': 7}, {'source': 88, 'target': 20}]}",3
"{'directed': True, 'multigraph': False, 'graph': {}, 'nodes': [{'id': 0}, {'id': 1}, {'id': 2}, {'id': 3}, {'id': 4}, {'id': 5}, {'id': 6}, {'id': 7}, {'id': 8}, {'id': 9}, {'id': 10}, {'id': 11}, {'id': 12}, {'id': 13}, {'id': 14}, {'id': 15}, {'id': 16}, {'id': 17}, {'id': 18}, {'id': 19}, {'id': 20}, {'id': 21}, {'id': 22}, {'id': 23}, {'id': 24}, {'id': 25}, {'id': 26}, {'id': 27}, {'id': 28}, {'id': 29}, {'id': 30}, {'id': 31}, {'id': 32}, {'id': 33}, {'id': 34}, {'id': 35}, {'id': 36}, {'id': 37}, {'id': 38}, {'id': 39}, {'id': 40}, {'id': 41}, {'id': 42}, {'id': 43}, {'id': 44}, {'id': 45}, {'id': 46}, {'id': 47}, {'id': 48}, {'id': 49}, {'id': 50}, {'id': 51}, {'id': 52}, {'id': 53}, {'id': 54}, {'id': 55}, {'id': 56}, {'id': 57}, {'id': 58}, {'id': 59}, {'id': 60}, {'id': 61}, {'id': 62}, {'id': 63}, {'id': 64}, {'id': 65}, {'id': 66}, {'id': 67}, {'id': 68}, {'id': 69}, {'id': 70}, {'id': 71}, {'id': 72}, {'id': 73}, {'id': 74}, {'id': 75}, {'id': 76}, {'id': 77}, {'id': 78}, {'id': 79}, {'id': 80}, {'id': 81}, {'id': 82}, {'id': 83}, {'id': 84}, {'id': 85}, {'id': 86}, {'id': 87}, {'id': 88}, {'id': 89}], 'links': [{'source': 0, 'target': 7}, {'source': 0, 'target': 57}, {'source': 1, 'target': 41}, {'source': 1, 'target': 6}, {'source': 2, 'target': 39}, {'source': 2, 'target': 62}, {'source': 5, 'target': 81}, {'source': 6, 'target': 59}, {'source': 6, 'target': 68}, {'source': 6, 'target': 80}, {'source': 9, 'target': 36}, {'source': 10, 'target': 44}, {'source': 10, 'target': 27}, {'source': 12, 'target': 24}, {'source': 13, 'target': 18}, {'source': 14, 'target': 78}, {'source': 14, 'target': 33}, {'source': 14, 'target': 64}, {'source': 15, 'target': 43}, {'source': 15, 'target': 71}, {'source': 15, 'target': 88}, {'source': 17, 'target': 70}, {'source': 17, 'target': 84}, {'source': 20, 'target': 53}, {'source': 21, 'target': 51}, {'source': 22, 'target': 16}, {'source': 22, 'target': 0}, {'source': 23, 'target': 34}, {'source': 23, 'target': 61}, {'source': 24, 'target': 37}, {'source': 25, 'target': 73}, {'source': 27, 'target': 85}, {'source': 28, 'target': 72}, {'source': 29, 'target': 75}, {'source': 31, 'target': 25}, {'source': 33, 'target': 9}, {'source': 35, 'target': 50}, {'source': 35, 'target': 65}, {'source': 36, 'target': 63}, {'source': 37, 'target': 69}, {'source': 37, 'target': 31}, {'source': 39, 'target': 76}, {'source': 40, 'target': 55}, {'source': 41, 'target': 32}, {'source': 42, 'target': 38}, {'source': 42, 'target': 28}, {'source': 44, 'target': 77}, {'source': 45, 'target': 11}, {'source': 45, 'target': 2}, {'source': 46, 'target': 26}, {'source': 46, 'target': 15}, {'source': 47, 'target': 29}, {'source': 47, 'target': 22}, {'source': 50, 'target': 19}, {'source': 50, 'target': 86}, {'source': 51, 'target': 1}, {'source': 51, 'target': 82}, {'source': 52, 'target': 40}, {'source': 55, 'target': 89}, {'source': 56, 'target': 10}, {'source': 57, 'target': 67}, {'source': 58, 'target': 3}, {'source': 59, 'target': 54}, {'source': 60, 'target': 45}, {'source': 62, 'target': 35}, {'source': 63, 'target': 79}, {'source': 63, 'target': 83}, {'source': 64, 'target': 13}, {'source': 64, 'target': 46}, {'source': 65, 'target': 87}, {'source': 66, 'target': 48}, {'source': 66, 'target': 12}, {'source': 67, 'target': 66}, {'source': 68, 'target': 30}, {'source': 71, 'target': 21}, {'source': 72, 'target': 4}, {'source': 72, 'target': 23}, {'source': 73, 'target': 56}, {'source': 74, 'target': 49}, {'source': 74, 'target': 58}, {'source': 75, 'target': 5}, {'source': 76, 'target': 20}, {'source': 79, 'target': 74}, {'source': 81, 'target': 8}, {'source': 84, 'target': 47}, {'source': 84, 'target': 60}, {'source': 85, 'target': 14}, {'source': 87, 'target': 52}, {'source': 89, 'target': 42}]}",3
"{'directed': True, 'multigraph': False, 'graph': {}, 'nodes': [{'id': 0}, {'id': 1}, {'id': 2}, {'id': 3}, {'id': 4}, {'id': 5}, {'id': 6}, {'id': 7}, {'id': 8}, {'id': 9}, {'id': 10}, {'id': 11}, {'id': 12}, {'id': 13}, {'id': 14}, {'id': 15}, {'id': 16}, {'id': 17}, {'id': 18}, {'id': 19}, {'id': 20}, {'id': 21}, {'id': 22}, {'id': 23}, {'id': 24}, {'id': 25}, {'id': 26}, {'id': 27}, {'id': 28}, {'id': 29}, {'id': 30}, {'id': 31}, {'id': 32}, {'id': 33}, {'id': 34}, {'id': 35}, {'id': 36}, {'id': 37}, {'id': 38}, {'id': 39}, {'id': 40}, {'id': 41}, {'id': 42}, {'id': 43}, {'id': 44}, {'id': 45}, {'id': 46}, {'id': 47}, {'id': 48}, {'id': 49}, {'id': 50}, {'id': 51}, {'id': 52}, {'id': 53}, {'id': 54}, {'id': 55}, {'id': 56}, {'id': 57}, {'id': 58}, {'id': 59}, {'id': 60}, {'id': 61}, {'id': 62}, {'id': 63}, {'id': 64}, {'id': 65}, {'id': 66}, {'id': 67}, {'id': 68}, {'id': 69}, {'id': 70}, {'id': 71}, {'id': 72}, {'id': 73}, {'id': 74}, {'id': 75}, {'id': 76}, {'id': 77}, {'id': 78}, {'id': 79}, {'id': 80}, {'id': 81}, {'id': 82}, {'id': 83}, {'id': 84}, {'id': 85}, {'id': 86}, {'id': 87}, {'id': 88}, {'id': 89}], 'links': [{'source': 1, 'target': 13}, {'source': 1, 'target': 36}, {'source': 1, 'target': 82}, {'source': 2, 'target': 67}, {'source': 4, 'target': 79}, {'source': 4, 'target': 88}, {'source': 4, 'target': 89}, {'source': 5, 'target': 46}, {'source': 6, 'target': 69}, {'source': 7, 'target': 65}, {'source': 9, 'target': 27}, {'source': 10, 'target': 53}, {'source': 11, 'target': 66}, {'source': 12, 'target': 49}, {'source': 12, 'target': 81}, {'source': 12, 'target': 58}, {'source': 14, 'target': 20}, {'source': 14, 'target': 84}, {'source': 15, 'target': 76}, {'source': 16, 'target': 24}, {'source': 16, 'target': 70}, {'source': 17, 'target': 47}, {'source': 19, 'target': 48}, {'source': 22, 'target': 75}, {'source': 23, 'target': 8}, {'source': 23, 'target': 39}, {'source': 24, 'target': 45}, {'source': 26, 'target': 25}, {'source': 26, 'target': 23}, {'source': 26, 'target': 33}, {'source': 27, 'target': 7}, {'source': 27, 'target': 31}, {'source': 30, 'target': 41}, {'source': 31, 'target': 61}, {'source': 33, 'target': 34}, {'source': 33, 'target': 62}, {'source': 35, 'target': 55}, {'source': 36, 'target': 12}, {'source': 37, 'target': 11}, {'source': 40, 'target': 21}, {'source': 40, 'target': 19}, {'source': 43, 'target': 0}, {'source': 45, 'target': 44}, {'source': 46, 'target': 74}, {'source': 46, 'target': 78}, {'source': 46, 'target': 68}, {'source': 47, 'target': 83}, {'source': 48, 'target': 64}, {'source': 49, 'target': 63}, {'source': 49, 'target': 15}, {'source': 51, 'target': 22}, {'source': 54, 'target': 57}, {'source': 55, 'target': 42}, {'source': 57, 'target': 32}, {'source': 58, 'target': 35}, {'source': 58, 'target': 40}, {'source': 59, 'target': 2}, {'source': 61, 'target': 3}, {'source': 61, 'target': 1}, {'source': 63, 'target': 54}, {'source': 63, 'target': 37}, {'source': 64, 'target': 43}, {'source': 64, 'target': 86}, {'source': 65, 'target': 29}, {'source': 68, 'target': 30}, {'source': 68, 'target': 59}, {'source': 68, 'target': 4}, {'source': 69, 'target': 26}, {'source': 69, 'target': 85}, {'source': 69, 'target': 14}, {'source': 71, 'target': 10}, {'source': 73, 'target': 72}, {'source': 74, 'target': 77}, {'source': 75, 'target': 73}, {'source': 76, 'target': 18}, {'source': 78, 'target': 17}, {'source': 80, 'target': 28}, {'source': 80, 'target': 38}, {'source': 80, 'target': 9}, {'source': 82, 'target': 6}, {'source': 83, 'target': 60}, {'source': 84, 'target': 56}, {'source': 84, 'target': 5}, {'source': 85, 'target': 71}, {'source': 85, 'target': 51}, {'source': 85, 'target': 87}, {'source': 87, 'target': 50}, {'source': 87, 'target': 16}, {'source': 89, 'target': 52}]}",3
"{'directed': True, 'multigraph': False, 'graph': {}, 'nodes': [{'id': 0}, {'id': 1}, {'id': 2}, {'id': 3}, {'id': 4}, {'id': 5}, {'id': 6}, {'id': 7}, {'id': 8}, {'id': 9}, {'id': 10}, {'id': 11}, {'id': 12}, {'id': 13}, {'id': 14}, {'id': 15}, {'id': 16}, {'id': 17}, {'id': 18}, {'id': 19}, {'id': 20}, {'id': 21}, {'id': 22}, {'id': 23}, {'id': 24}, {'id': 25}, {'id': 26}, {'id': 27}, {'id': 28}, {'id': 29}, {'id': 30}, {'id': 31}, {'id': 32}, {'id': 33}, {'id': 34}, {'id': 35}, {'id': 36}, {'id': 37}, {'id': 38}, {'id': 39}, {'id': 40}, {'id': 41}, {'id': 42}, {'id': 43}, {'id': 44}, {'id': 45}, {'id': 46}, {'id': 47}, {'id': 48}, {'id': 49}, {'id': 50}, {'id': 51}, {'id': 52}, {'id': 53}, {'id': 54}, {'id': 55}, {'id': 56}, {'id': 57}, {'id': 58}, {'id': 59}, {'id': 60}, {'id': 61}, {'id': 62}, {'id': 63}, {'id': 64}, {'id': 65}, {'id': 66}, {'id': 67}, {'id': 68}, {'id': 69}, {'id': 70}, {'id': 71}, {'id': 72}, {'id': 73}, {'id': 74}, {'id': 75}, {'id': 76}, {'id': 77}, {'id': 78}, {'id': 79}, {'id': 80}, {'id': 81}, {'id': 82}, {'id': 83}, {'id': 84}, {'id': 85}, {'id': 86}, {'id': 87}, {'id': 88}, {'id': 89}], 'links': [{'source': 1, 'target': 66}, {'source': 2, 'target': 30}, {'source': 6, 'target': 45}, {'source': 8, 'target': 73}, {'source': 8, 'target': 40}, {'source': 11, 'target': 36}, {'source': 11, 'target': 18}, {'source': 15, 'target': 75}, {'source': 18, 'target': 22}, {'source': 18, 'target': 80}, {'source': 19, 'target': 78}, {'source': 20, 'target': 27}, {'source': 20, 'target': 31}, {'source': 20, 'target': 60}, {'source': 22, 'target': 79}, {'source': 23, 'target': 3}, {'source': 23, 'target': 71}, {'source': 23, 'target': 72}, {'source': 24, 'target': 65}, {'source': 25, 'target': 16}, {'source': 25, 'target': 86}, {'source': 25, 'target': 44}, {'source': 26, 'target': 1}, {'source': 26, 'target': 11}, {'source': 28, 'target': 88}, {'source': 29, 'target': 0}, {'source': 29, 'target': 51}, {'source': 31, 'target': 12}, {'source': 31, 'target': 2}, {'source': 32, 'target': 24}, {'source': 32, 'target': 37}, {'source': 33, 'target': 62}, {'source': 34, 'target': 8}, {'source': 35, 'target': 55}, {'source': 37, 'target': 70}, {'source': 38, 'target': 28}, {'source': 40, 'target': 13}, {'source': 40, 'target': 32}, {'source': 41, 'target': 10}, {'source': 41, 'target': 85}, {'source': 44, 'target': 57}, {'source': 44, 'target': 41}, {'source': 47, 'target': 25}, {'source': 48, 'target': 42}, {'source': 50, 'target': 87}, {'source': 50, 'target': 89}, {'source': 51, 'target': 34}, {'source': 52, 'target': 17}, {'source': 52, 'target': 54}, {'source': 53, 'target': 61}, {'source': 53, 'target': 67}, {'source': 58, 'target': 14}, {'source': 58, 'target': 20}, {'source': 59, 'target': 53}, {'source': 60, 'target': 77}, {'source': 60, 'target': 26}, {'source': 60, 'target': 29}, {'source': 60, 'target': 59}, {'source': 63, 'target': 6}, {'source': 63, 'target': 50}, {'source': 64, 'target': 33}, {'source': 64, 'target': 68}, {'source': 65, 'target': 56}, {'source': 65, 'target': 83}, {'source': 66, 'target': 46}, {'source': 67, 'target': 47}, {'source': 70, 'target': 69}, {'source': 70, 'target': 84}, {'source': 72, 'target': 48}, {'source': 73, 'target': 82}, {'source': 75, 'target': 23}, {'source': 75, 'target': 58}, {'source': 78, 'target': 38}, {'source': 79, 'target': 35}, {'source': 80, 'target': 52}, {'source': 81, 'target': 5}, {'source': 81, 'target': 43}, {'source': 81, 'target': 19}, {'source': 81, 'target': 63}, {'source': 82, 'target': 39}, {'source': 83, 'target': 9}, {'source': 84, 'target': 21}, {'source': 85, 'target': 7}, {'source': 85, 'target': 76}, {'source': 85, 'target': 81}, {'source': 87, 'target': 74}, {'source': 88, 'target': 49}, {'source': 89, 'target': 4}, {'source': 89, 'target': 64}]}",10
"{'directed': True, 'multigraph': False, 'graph': {}, 'nodes': [{'id': 0}, {'id': 1}, {'id': 2}, {'id': 3}, {'id': 4}, {'id': 5}, {'id': 6}, {'id': 7}, {'id': 8}, {'id': 9}, {'id': 10}, {'id': 11}, {'id': 12}, {'id': 13}, {'id': 14}, {'id': 15}, {'id': 16}, {'id': 17}, {'id': 18}, {'id': 19}, {'id': 20}, {'id': 21}, {'id': 22}, {'id': 23}, {'id': 24}, {'id': 25}, {'id': 26}, {'id': 27}, {'id': 28}, {'id': 29}, {'id': 30}, {'id': 31}, {'id': 32}, {'id': 33}, {'id': 34}, {'id': 35}, {'id': 36}, {'id': 37}, {'id': 38}, {'id': 39}, {'id': 40}, {'id': 41}, {'id': 42}, {'id': 43}, {'id': 44}, {'id': 45}, {'id': 46}, {'id': 47}, {'id': 48}, {'id': 49}, {'id': 50}, {'id': 51}, {'id': 52}, {'id': 53}, {'id': 54}, {'id': 55}, {'id': 56}, {'id': 57}, {'id': 58}, {'id': 59}, {'id': 60}, {'id': 61}, {'id': 62}, {'id': 63}, {'id': 64}, {'id': 65}, {'id': 66}, {'id': 67}, {'id': 68}, {'id': 69}, {'id': 70}, {'id': 71}, {'id': 72}, {'id': 73}, {'id': 74}, {'id': 75}, {'id': 76}, {'id': 77}, {'id': 78}, {'id': 79}, {'id': 80}, {'id': 81}, {'id': 82}, {'id': 83}, {'id': 84}, {'id': 85}, {'id': 86}, {'id': 87}, {'id': 88}, {'id': 89}], 'links': [{'source': 0, 'target': 25}, {'source': 0, 'target': 89}, {'source': 1, 'target': 31}, {'source': 2, 'target': 41}, {'source': 5, 'target': 86}, {'source': 6, 'target': 17}, {'source': 11, 'target': 26}, {'source': 14, 'target': 22}, {'source': 14, 'target': 35}, {'source': 14, 'target': 75}, {'source': 16, 'target': 7}, {'source': 17, 'target': 33}, {'source': 17, 'target': 62}, {'source': 17, 'target': 49}, {'source': 17, 'target': 70}, {'source': 17, 'target': 45}, {'source': 18, 'target': 38}, {'source': 19, 'target': 12}, {'source': 19, 'target': 82}, {'source': 20, 'target': 43}, {'source': 23, 'target': 9}, {'source': 23, 'target': 73}, {'source': 24, 'target': 16}, {'source': 24, 'target': 1}, {'source': 24, 'target': 50}, {'source': 24, 'target': 39}, {'source': 25, 'target': 2}, {'source': 35, 'target': 40}, {'source': 36, 'target': 13}, {'source': 36, 'target': 28}, {'source': 37, 'target': 21}, {'source': 37, 'target': 76}, {'source': 38, 'target': 23}, {'source': 39, 'target': 69}, {'source': 40, 'target': 20}, {'source': 40, 'target': 60}, {'source': 42, 'target': 3}, {'source': 42, 'target': 30}, {'source': 42, 'target': 46}, {'source': 42, 'target': 52}, {'source': 44, 'target': 80}, {'source': 45, 'target': 48}, {'source': 45, 'target': 72}, {'source': 47, 'target': 78}, {'source': 48, 'target': 10}, {'source': 48, 'target': 11}, {'source': 49, 'target': 64}, {'source': 49, 'target': 54}, {'source': 54, 'target': 24}, {'source': 54, 'target': 74}, {'source': 55, 'target': 65}, {'source': 58, 'target': 57}, {'source': 60, 'target': 37}, {'source': 60, 'target': 77}, {'source': 61, 'target': 59}, {'source': 61, 'target': 79}, {'source': 62, 'target': 51}, {'source': 65, 'target': 68}, {'source': 66, 'target': 61}, {'source': 66, 'target': 88}, {'source': 67, 'target': 32}, {'source': 67, 'target': 53}, {'source': 68, 'target': 66}, {'source': 70, 'target': 47}, {'source': 71, 'target': 6}, {'source': 72, 'target': 84}, {'source': 72, 'target': 14}, {'source': 72, 'target': 0}, {'source': 73, 'target': 44}, {'source': 74, 'target': 19}, {'source': 74, 'target': 87}, {'source': 75, 'target': 5}, {'source': 76, 'target': 8}, {'source': 77, 'target': 27}, {'source': 78, 'target': 85}, {'source': 81, 'target': 36}, {'source': 81, 'target': 18}, {'source': 81, 'target': 55}, {'source': 83, 'target': 81}, {'source': 84, 'target': 67}, {'source': 85, 'target': 4}, {'source': 85, 'target': 15}, {'source': 85, 'target': 83}, {'source': 86, 'target': 34}, {'source': 86, 'target': 58}, {'source': 88, 'target': 29}, {'source': 88, 'target': 56}, {'source': 88, 'target': 63}, {'source': 89, 'target': 42}]}",10
"{'directed': True, 'multigraph': False, 'graph': {}, 'nodes': [{'id': 0}, {'id': 1}, {'id': 2}, {'id': 3}, {'id': 4}, {'id': 5}, {'id': 6}, {'id': 7}, {'id': 8}, {'id': 9}, {'id': 10}, {'id': 11}, {'id': 12}, {'id': 13}, {'id': 14}, {'id': 15}, {'id': 16}, {'id': 17}, {'id': 18}, {'id': 19}, {'id': 20}, {'id': 21}, {'id': 22}, {'id': 23}, {'id': 24}, {'id': 25}, {'id': 26}, {'id': 27}, {'id': 28}, {'id': 29}, {'id': 30}, {'id': 31}, {'id': 32}, {'id': 33}, {'id': 34}, {'id': 35}, {'id': 36}, {'id': 37}, {'id': 38}, {'id': 39}, {'id': 40}, {'id': 41}, {'id': 42}, {'id': 43}, {'id': 44}, {'id': 45}, {'id': 46}, {'id': 47}, {'id': 48}, {'id': 49}, {'id': 50}, {'id': 51}, {'id': 52}, {'id': 53}, {'id': 54}, {'id': 55}, {'id': 56}, {'id': 57}, {'id': 58}, {'id': 59}, {'id': 60}, {'id': 61}, {'id': 62}, {'id': 63}, {'id': 64}, {'id': 65}, {'id': 66}, {'id': 67}, {'id': 68}, {'id': 69}, {'id': 70}, {'id': 71}, {'id': 72}, {'id': 73}, {'id': 74}, {'id': 75}, {'id': 76}, {'id': 77}, {'id': 78}, {'id': 79}, {'id': 80}, {'id': 81}, {'id': 82}, {'id': 83}, {'id': 84}, {'id': 85}, {'id': 86}, {'id': 87}, {'id': 88}, {'id': 89}], 'links': [{'source': 1, 'target': 4}, {'source': 5, 'target': 27}, {'source': 6, 'target': 3}, {'source': 7, 'target': 63}, {'source': 8, 'target': 73}, {'source': 8, 'target': 34}, {'source': 8, 'target': 59}, {'source': 10, 'target': 54}, {'source': 10, 'target': 11}, {'source': 11, 'target': 36}, {'source': 12, 'target': 81}, {'source': 14, 'target': 72}, {'source': 15, 'target': 69}, {'source': 16, 'target': 82}, {'source': 16, 'target': 87}, {'source': 16, 'target': 8}, {'source': 18, 'target': 67}, {'source': 18, 'target': 14}, {'source': 20, 'target': 39}, {'source': 20, 'target': 89}, {'source': 24, 'target': 5}, {'source': 24, 'target': 49}, {'source': 26, 'target': 78}, {'source': 26, 'target': 80}, {'source': 28, 'target': 15}, {'source': 28, 'target': 31}, {'source': 29, 'target': 19}, {'source': 29, 'target': 7}, {'source': 30, 'target': 12}, {'source': 31, 'target': 16}, {'source': 32, 'target': 42}, {'source': 33, 'target': 17}, {'source': 33, 'target': 40}, {'source': 34, 'target': 79}, {'source': 35, 'target': 64}, {'source': 36, 'target': 0}, {'source': 36, 'target': 20}, {'source': 37, 'target': 61}, {'source': 38, 'target': 62}, {'source': 41, 'target': 70}, {'source': 43, 'target': 35}, {'source': 44, 'target': 51}, {'source': 44, 'target': 84}, {'source': 44, 'target': 85}, {'source': 46, 'target': 13}, {'source': 46, 'target': 43}, {'source': 48, 'target': 1}, {'source': 48, 'target': 44}, {'source': 48, 'target': 71}, {'source': 50, 'target': 18}, {'source': 51, 'target': 6}, {'source': 51, 'target': 24}, {'source': 53, 'target': 23}, {'source': 54, 'target': 2}, {'source': 55, 'target': 52}, {'source': 55, 'target': 57}, {'source': 55, 'target': 30}, {'source': 56, 'target': 33}, {'source': 56, 'target': 88}, {'source': 59, 'target': 37}, {'source': 59, 'target': 48}, {'source': 60, 'target': 22}, {'source': 60, 'target': 65}, {'source': 63, 'target': 9}, {'source': 63, 'target': 26}, {'source': 64, 'target': 47}, {'source': 65, 'target': 21}, {'source': 65, 'target': 25}, {'source': 65, 'target': 41}, {'source': 65, 'target': 28}, {'source': 66, 'target': 74}, {'source': 68, 'target': 60}, {'source': 69, 'target': 66}, {'source': 69, 'target': 83}, {'source': 70, 'target': 53}, {'source': 71, 'target': 38}, {'source': 71, 'target': 55}, {'source': 72, 'target': 68}, {'source': 77, 'target': 86}, {'source': 80, 'target': 58}, {'source': 81, 'target': 56}, {'source': 82, 'target': 45}, {'source': 82, 'target': 77}, {'source': 84, 'target': 76}, {'source': 86, 'target': 46}, {'source': 86, 'target': 29}, {'source': 87, 'target': 75}, {'source': 88, 'target': 10}, {'source': 89, 'target': 32}]}",10
"{'directed': True, 'multigraph': False, 'graph': {}, 'nodes': [{'id': 0}, {'id': 1}, {'id': 2}, {'id': 3}, {'id': 4}, {'id': 5}, {'id': 6}, {'id': 7}, {'id': 8}, {'id': 9}, {'id': 10}, {'id': 11}, {'id': 12}, {'id': 13}, {'id': 14}, {'id': 15}, {'id': 16}, {'id': 17}, {'id': 18}, {'id': 19}, {'id': 20}, {'id': 21}, {'id': 22}, {'id': 23}, {'id': 24}, {'id': 25}, {'id': 26}, {'id': 27}, {'id': 28}, {'id': 29}, {'id': 30}, {'id': 31}, {'id': 32}, {'id': 33}, {'id': 34}, {'id': 35}, {'id': 36}, {'id': 37}, {'id': 38}, {'id': 39}, {'id': 40}, {'id': 41}, {'id': 42}, {'id': 43}, {'id': 44}, {'id': 45}, {'id': 46}, {'id': 47}, {'id': 48}, {'id': 49}, {'id': 50}, {'id': 51}, {'id': 52}, {'id': 53}, {'id': 54}, {'id': 55}, {'id': 56}, {'id': 57}, {'id': 58}, {'id': 59}, {'id': 60}, {'id': 61}, {'id': 62}, {'id': 63}, {'id': 64}, {'id': 65}, {'id': 66}, {'id': 67}, {'id': 68}, {'id': 69}, {'id': 70}, {'id': 71}, {'id': 72}, {'id': 73}, {'id': 74}, {'id': 75}, {'id': 76}, {'id': 77}, {'id': 78}, {'id': 79}, {'id': 80}, {'id': 81}, {'id': 82}, {'id': 83}, {'id': 84}, {'id': 85}, {'id': 86}, {'id': 87}, {'id': 88}, {'id': 89}], 'links': [{'source': 0, 'target': 5}, {'source': 1, 'target': 62}, {'source': 2, 'target': 58}, {'source': 2, 'target': 75}, {'source': 2, 'target': 77}, {'source': 4, 'target': 22}, {'source': 5, 'target': 36}, {'source': 5, 'target': 25}, {'source': 5, 'target': 89}, {'source': 7, 'target': 78}, {'source': 8, 'target': 48}, {'source': 8, 'target': 42}, {'source': 9, 'target': 16}, {'source': 9, 'target': 57}, {'source': 9, 'target': 85}, {'source': 11, 'target': 30}, {'source': 11, 'target': 73}, {'source': 13, 'target': 24}, {'source': 15, 'target': 6}, {'source': 15, 'target': 44}, {'source': 17, 'target': 46}, {'source': 18, 'target': 12}, {'source': 18, 'target': 39}, {'source': 21, 'target': 69}, {'source': 22, 'target': 40}, {'source': 23, 'target': 7}, {'source': 24, 'target': 0}, {'source': 25, 'target': 55}, {'source': 31, 'target': 47}, {'source': 32, 'target': 1}, {'source': 33, 'target': 63}, {'source': 34, 'target': 32}, {'source': 35, 'target': 18}, {'source': 35, 'target': 23}, {'source': 36, 'target': 66}, {'source': 36, 'target': 68}, {'source': 37, 'target': 8}, {'source': 40, 'target': 87}, {'source': 41, 'target': 82}, {'source': 42, 'target': 59}, {'source': 43, 'target': 84}, {'source': 44, 'target': 50}, {'source': 45, 'target': 11}, {'source': 45, 'target': 31}, {'source': 45, 'target': 60}, {'source': 45, 'target': 53}, {'source': 46, 'target': 74}, {'source': 46, 'target': 41}, {'source': 47, 'target': 15}, {'source': 47, 'target': 35}, {'source': 48, 'target': 80}, {'source': 49, 'target': 19}, {'source': 49, 'target': 33}, {'source': 52, 'target': 3}, {'source': 52, 'target': 4}, {'source': 53, 'target': 26}, {'source': 53, 'target': 13}, {'source': 54, 'target': 79}, {'source': 54, 'target': 88}, {'source': 55, 'target': 14}, {'source': 55, 'target': 49}, {'source': 59, 'target': 43}, {'source': 60, 'target': 70}, {'source': 60, 'target': 81}, {'source': 61, 'target': 83}, {'source': 63, 'target': 52}, {'source': 64, 'target': 17}, {'source': 66, 'target': 34}, {'source': 68, 'target': 37}, {'source': 68, 'target': 86}, {'source': 69, 'target': 29}, {'source': 70, 'target': 10}, {'source': 71, 'target': 28}, {'source': 71, 'target': 65}, {'source': 71, 'target': 54}, {'source': 74, 'target': 20}, {'source': 74, 'target': 2}, {'source': 77, 'target': 27}, {'source': 78, 'target': 21}, {'source': 78, 'target': 9}, {'source': 80, 'target': 56}, {'source': 80, 'target': 61}, {'source': 81, 'target': 76}, {'source': 81, 'target': 71}, {'source': 83, 'target': 38}, {'source': 84, 'target': 67}, {'source': 84, 'target': 72}, {'source': 85, 'target': 64}, {'source': 88, 'target': 51}]}",50
"{'directed': True, 'multigraph': False, 'graph': {}, 'nodes': [{'id': 0}, {'id': 1}, {'id': 2}, {'id': 3}, {'id': 4}, {'id': 5}, {'id': 6}, {'id': 7}, {'id': 8}, {'id': 9}, {'id': 10}, {'id': 11}, {'id': 12}, {'id': 13}, {'id': 14}, {'id': 15}, {'id': 16}, {'id': 17}, {'id': 18}, {'id': 19}, {'id': 20}, {'id': 21}, {'id': 22}, {'id': 23}, {'id': 24}, {'id': 25}, {'id': 26}, {'id': 27}, {'id': 28}, {'id': 29}, {'id': 30}, {'id': 31}, {'id': 32}, {'id': 33}, {'id': 34}, {'id': 35}, {'id': 36}, {'id': 37}, {'id': 38}, {'id': 39}, {'id': 40}, {'id': 41}, {'id': 42}, {'id': 43}, {'id': 44}, {'id': 45}, {'id': 46}, {'id': 47}, {'id': 48}, {'id': 49}, {'id': 50}, {'id': 51}, {'id': 52}, {'id': 53}, {'id': 54}, {'id': 55}, {'id': 56}, {'id': 57}, {'id': 58}, {'id': 59}, {'id': 60}, {'id': 61}, {'id': 62}, {'id': 63}, {'id': 64}, {'id': 65}, {'id': 66}, {'id': 67}, {'id': 68}, {'id': 69}, {'id': 70}, {'id': 71}, {'id': 72}, {'id': 73}, {'id': 74}, {'id': 75}, {'id': 76}, {'id': 77}, {'id': 78}, {'id': 79}, {'id': 80}, {'id': 81}, {'id': 82}, {'id': 83}, {'id': 84}, {'id': 85}, {'id': 86}, {'id': 87}, {'id': 88}, {'id': 89}], 'links': [{'source': 0, 'target': 30}, {'source': 1, 'target': 84}, {'source': 2, 'target': 43}, {'source': 3, 'target': 63}, {'source': 4, 'target': 61}, {'source': 4, 'target': 87}, {'source': 6, 'target': 18}, {'source': 7, 'target': 21}, {'source': 8, 'target': 9}, {'source': 9, 'target': 6}, {'source': 9, 'target': 35}, {'source': 10, 'target': 11}, {'source': 12, 'target': 36}, {'source': 13, 'target': 77}, {'source': 14, 'target': 68}, {'source': 14, 'target': 28}, {'source': 15, 'target': 14}, {'source': 16, 'target': 71}, {'source': 19, 'target': 40}, {'source': 19, 'target': 58}, {'source': 21, 'target': 5}, {'source': 24, 'target': 66}, {'source': 24, 'target': 3}, {'source': 24, 'target': 37}, {'source': 24, 'target': 52}, {'source': 27, 'target': 25}, {'source': 28, 'target': 38}, {'source': 29, 'target': 53}, {'source': 30, 'target': 19}, {'source': 30, 'target': 62}, {'source': 32, 'target': 70}, {'source': 34, 'target': 22}, {'source': 34, 'target': 82}, {'source': 34, 'target': 2}, {'source': 35, 'target': 32}, {'source': 35, 'target': 73}, {'source': 35, 'target': 80}, {'source': 35, 'target': 85}, {'source': 36, 'target': 59}, {'source': 37, 'target': 10}, {'source': 37, 'target': 12}, {'source': 38, 'target': 0}, {'source': 38, 'target': 45}, {'source': 39, 'target': 24}, {'source': 41, 'target': 48}, {'source': 42, 'target': 46}, {'source': 42, 'target': 79}, {'source': 43, 'target': 55}, {'source': 43, 'target': 29}, {'source': 45, 'target': 39}, {'source': 46, 'target': 7}, {'source': 48, 'target': 47}, {'source': 48, 'target': 51}, {'source': 50, 'target': 13}, {'source': 51, 'target': 17}, {'source': 51, 'target': 75}, {'source': 52, 'target': 74}, {'source': 52, 'target': 57}, {'source': 53, 'target': 15}, {'source': 55, 'target': 69}, {'source': 56, 'target': 20}, {'source': 57, 'target': 26}, {'source': 57, 'target': 31}, {'source': 57, 'target': 33}, {'source': 57, 'target': 1}, {'source': 59, 'target': 44}, {'source': 59, 'target': 4}, {'source': 61, 'target': 23}, {'source': 63, 'target': 83}, {'source': 64, 'target': 16}, {'source': 64, 'target': 89}, {'source': 66, 'target': 27}, {'source': 68, 'target': 65}, {'source': 70, 'target': 56}, {'source': 71, 'target': 49}, {'source': 72, 'target': 54}, {'source': 74, 'target': 8}, {'source': 75, 'target': 67}, {'source': 75, 'target': 88}, {'source': 75, 'target': 64}, {'source': 76, 'target': 60}, {'source': 76, 'target': 78}, {'source': 77, 'target': 42}, {'source': 77, 'target': 81}, {'source': 82, 'target': 50}, {'source': 84, 'target': 41}, {'source': 85, 'target': 86}, {'source': 86, 'target': 72}, {'source': 88, 'target': 76}]}",50
"{'directed': True, 'multigraph': False, 'graph': {}, 'nodes': [{'id': 0}, {'id': 1}, {'id': 2}, {'id': 3}, {'id': 4}, {'id': 5}, {'id': 6}, {'id': 7}, {'id': 8}, {'id': 9}, {'id': 10}, {'id': 11}, {'id': 12}, {'id': 13}, {'id': 14}, {'id': 15}, {'id': 16}, {'id': 17}, {'id': 18}, {'id': 19}, {'id': 20}, {'id': 21}, {'id': 22}, {'id': 23}, {'id': 24}, {'id': 25}, {'id': 26}, {'id': 27}, {'id': 28}, {'id': 29}, {'id': 30}, {'id': 31}, {'id': 32}, {'id': 33}, {'id': 34}, {'id': 35}, {'id': 36}, {'id': 37}, {'id': 38}, {'id': 39}, {'id': 40}, {'id': 41}, {'id': 42}, {'id': 43}, {'id': 44}, {'id': 45}, {'id': 46}, {'id': 47}, {'id': 48}, {'id': 49}, {'id': 50}, {'id': 51}, {'id': 52}, {'id': 53}, {'id': 54}, {'id': 55}, {'id': 56}, {'id': 57}, {'id': 58}, {'id': 59}, {'id': 60}, {'id': 61}, {'id': 62}, {'id': 63}, {'id': 64}, {'id': 65}, {'id': 66}, {'id': 67}, {'id': 68}, {'id': 69}, {'id': 70}, {'id': 71}, {'id': 72}, {'id': 73}, {'id': 74}, {'id': 75}, {'id': 76}, {'id': 77}, {'id': 78}, {'id': 79}, {'id': 80}, {'id': 81}, {'id': 82}, {'id': 83}, {'id': 84}, {'id': 85}, {'id': 86}, {'id': 87}, {'id': 88}, {'id': 89}], 'links': [{'source': 0, 'target': 8}, {'source': 1, 'target': 41}, {'source': 1, 'target': 4}, {'source': 3, 'target': 0}, {'source': 3, 'target': 86}, {'source': 4, 'target': 50}, {'source': 6, 'target': 66}, {'source': 7, 'target': 40}, {'source': 7, 'target': 43}, {'source': 9, 'target': 22}, {'source': 9, 'target': 7}, {'source': 14, 'target': 57}, {'source': 14, 'target': 84}, {'source': 15, 'target': 61}, {'source': 15, 'target': 51}, {'source': 16, 'target': 24}, {'source': 16, 'target': 85}, {'source': 17, 'target': 56}, {'source': 17, 'target': 20}, {'source': 18, 'target': 68}, {'source': 20, 'target': 59}, {'source': 20, 'target': 77}, {'source': 22, 'target': 88}, {'source': 23, 'target': 33}, {'source': 23, 'target': 35}, {'source': 23, 'target': 46}, {'source': 26, 'target': 13}, {'source': 26, 'target': 36}, {'source': 27, 'target': 80}, {'source': 28, 'target': 5}, {'source': 29, 'target': 17}, {'source': 32, 'target': 42}, {'source': 34, 'target': 89}, {'source': 36, 'target': 39}, {'source': 37, 'target': 67}, {'source': 37, 'target': 18}, {'source': 39, 'target': 10}, {'source': 39, 'target': 71}, {'source': 42, 'target': 52}, {'source': 43, 'target': 76}, {'source': 43, 'target': 15}, {'source': 44, 'target': 16}, {'source': 44, 'target': 32}, {'source': 45, 'target': 47}, {'source': 45, 'target': 82}, {'source': 49, 'target': 2}, {'source': 49, 'target': 6}, {'source': 49, 'target': 53}, {'source': 51, 'target': 81}, {'source': 52, 'target': 49}, {'source': 53, 'target': 45}, {'source': 53, 'target': 69}, {'source': 54, 'target': 78}, {'source': 54, 'target': 74}, {'source': 57, 'target': 65}, {'source': 61, 'target': 63}, {'source': 62, 'target': 19}, {'source': 62, 'target': 23}, {'source': 63, 'target': 1}, {'source': 64, 'target': 58}, {'source': 64, 'target': 27}, {'source': 66, 'target': 11}, {'source': 68, 'target': 83}, {'source': 69, 'target': 12}, {'source': 69, 'target': 21}, {'source': 69, 'target': 54}, {'source': 70, 'target': 44}, {'source': 72, 'target': 62}, {'source': 74, 'target': 87}, {'source': 74, 'target': 75}, {'source': 75, 'target': 34}, {'source': 76, 'target': 14}, {'source': 77, 'target': 28}, {'source': 78, 'target': 60}, {'source': 78, 'target': 72}, {'source': 78, 'target': 64}, {'source': 79, 'target': 31}, {'source': 79, 'target': 37}, {'source': 80, 'target': 38}, {'source': 80, 'target': 55}, {'source': 81, 'target': 70}, {'source': 82, 'target': 79}, {'source': 84, 'target': 30}, {'source': 86, 'target': 9}, {'source': 87, 'target': 25}, {'source': 87, 'target': 29}, {'source': 88, 'target': 26}, {'source': 89, 'target': 48}, {'source': 89, 'target': 73}]}",50
"{'directed': True, 'multigraph': False, 'graph': {}, 'nodes': [{'id': 0}, {'id': 1}, {'id': 2}, {'id': 3}, {'id': 4}, {'id': 5}, {'id': 6}, {'id': 7}, {'id': 8}, {'id': 9}, {'id': 10}, {'id': 11}, {'id': 12}, {'id': 13}, {'id': 14}, {'id': 15}, {'id': 16}, {'id': 17}, {'id': 18}, {'id': 19}, {'id': 20}, {'id': 21}, {'id': 22}, {'id': 23}, {'id': 24}, {'id': 25}, {'id': 26}, {'id': 27}, {'id': 28}, {'id': 29}, {'id': 30}, {'id': 31}, {'id': 32}, {'id': 33}, {'id': 34}, {'id': 35}, {'id': 36}, {'id': 37}, {'id': 38}, {'id': 39}, {'id': 40}, {'id': 41}, {'id': 42}, {'id': 43}, {'id': 44}, {'id': 45}, {'id': 46}, {'id': 47}, {'id': 48}, {'id': 49}, {'id': 50}, {'id': 51}, {'id': 52}, {'id': 53}, {'id': 54}, {'id': 55}, {'id': 56}, {'id': 57}, {'id': 58}, {'id': 59}, {'id': 60}, {'id': 61}, {'id': 62}, {'id': 63}, {'id': 64}, {'id': 65}, {'id': 66}, {'id': 67}, {'id': 68}, {'id': 69}, {'id': 70}, {'id': 71}, {'id': 72}, {'id': 73}, {'id': 74}, {'id': 75}, {'id': 76}, {'id': 77}, {'id': 78}, {'id': 79}, {'id': 80}, {'id': 81}, {'id': 82}, {'id': 83}, {'id': 84}, {'id': 85}, {'id': 86}, {'id': 87}, {'id': 88}, {'id': 89}], 'links': [{'source': 0, 'target': 23}, {'source': 3, 'target': 56}, {'source': 3, 'target': 61}, {'source': 3, 'target': 31}, {'source': 4, 'target': 73}, {'source': 4, 'target': 77}, {'source': 6, 'target': 19}, {'source': 7, 'target': 58}, {'source': 7, 'target': 64}, {'source': 9, 'target': 18}, {'source': 10, 'target': 1}, {'source': 11, 'target': 9}, {'source': 13, 'target': 89}, {'source': 14, 'target': 53}, {'source': 16, 'target': 66}, {'source': 16, 'target': 75}, {'source': 16, 'target': 47}, {'source': 17, 'target': 82}, {'source': 19, 'target': 59}, {'source': 19, 'target': 60}, {'source': 21, 'target': 24}, {'source': 24, 'target': 22}, {'source': 24, 'target': 30}, {'source': 24, 'target': 68}, {'source': 25, 'target': 87}, {'source': 30, 'target': 84}, {'source': 31, 'target': 2}, {'source': 31, 'target': 42}, {'source': 32, 'target': 85}, {'source': 34, 'target': 55}, {'source': 35, 'target': 69}, {'source': 35, 'target': 25}, {'source': 36, 'target': 43}, {'source': 37, 'target': 33}, {'source': 37, 'target': 4}, {'source': 38, 'target': 16}, {'source': 40, 'target': 81}, {'source': 42, 'target': 71}, {'source': 42, 'target': 6}, {'source': 44, 'target': 27}, {'source': 44, 'target': 79}, {'source': 45, 'target': 50}, {'source': 46, 'target': 67}, {'source': 47, 'target': 21}, {'source': 49, 'target': 86}, {'source': 51, 'target': 10}, {'source': 51, 'target': 26}, {'source': 51, 'target': 35}, {'source': 52, 'target': 39}, {'source': 52, 'target': 57}, {'source': 53, 'target': 48}, {'source': 54, 'target': 38}, {'source': 55, 'target': 62}, {'source': 57, 'target': 88}, {'source': 59, 'target': 5}, {'source': 60, 'target': 8}, {'source': 60, 'target': 51}, {'source': 60, 'target': 54}, {'source': 61, 'target': 41}, {'source': 61, 'target': 72}, {'source': 63, 'target': 36}, {'source': 66, 'target': 70}, {'source': 67, 'target': 78}, {'source': 67, 'target': 17}, {'source': 68, 'target': 20}, {'source': 68, 'target': 46}, {'source': 68, 'target': 13}, {'source': 73, 'target': 63}, {'source': 73, 'target': 65}, {'source': 74, 'target': 49}, {'source': 75, 'target': 28}, {'source': 75, 'target': 14}, {'source': 77, 'target': 83}, {'source': 78, 'target': 40}, {'source': 79, 'target': 74}, {'source': 81, 'target': 12}, {'source': 81, 'target': 11}, {'source': 82, 'target': 29}, {'source': 84, 'target': 32}, {'source': 85, 'target': 7}, {'source': 85, 'target': 44}, {'source': 86, 'target': 15}, {'source': 86, 'target': 37}, {'source': 87, 'target': 0}, {'source': 87, 'target': 76}, {'source': 87, 'target': 80}, {'source': 88, 'target': 45}, {'source': 89, 'target': 34}, {'source': 89, 'target': 52}]}",100
"{'directed': True, 'multigraph': False, 'graph': {}, 'nodes': [{'id': 0}, {'id': 1}, {'id': 2}, {'id': 3}, {'id': 4}, {'id': 5}, {'id': 6}, {'id': 7}, {'id': 8}, {'id': 9}, {'id': 10}, {'id': 11}, {'id': 12}, {'id': 13}, {'id': 14}, {'id': 15}, {'id': 16}, {'id': 17}, {'id': 18}, {'id': 19}, {'id': 20}, {'id': 21}, {'id': 22}, {'id': 23}, {'id': 24}, {'id': 25}, {'id': 26}, {'id': 27}, {'id': 28}, {'id': 29}, {'id': 30}, {'id': 31}, {'id': 32}, {'id': 33}, {'id': 34}, {'id': 35}, {'id': 36}, {'id': 37}, {'id': 38}, {'id': 39}, {'id': 40}, {'id': 41}, {'id': 42}, {'id': 43}, {'id': 44}, {'id': 45}, {'id': 46}, {'id': 47}, {'id': 48}, {'id': 49}, {'id': 50}, {'id': 51}, {'id': 52}, {'id': 53}, {'id': 54}, {'id': 55}, {'id': 56}, {'id': 57}, {'id': 58}, {'id': 59}, {'id': 60}, {'id': 61}, {'id': 62}, {'id': 63}, {'id': 64}, {'id': 65}, {'id': 66}, {'id': 67}, {'id': 68}, {'id': 69}, {'id': 70}, {'id': 71}, {'id': 72}, {'id': 73}, {'id': 74}, {'id': 75}, {'id': 76}, {'id': 77}, {'id': 78}, {'id': 79}, {'id': 80}, {'id': 81}, {'id': 82}, {'id': 83}, {'id': 84}, {'id': 85}, {'id': 86}, {'id': 87}, {'id': 88}, {'id': 89}], 'links': [{'source': 0, 'target': 74}, {'source': 1, 'target': 27}, {'source': 1, 'target': 55}, {'source': 5, 'target': 18}, {'source': 7, 'target': 77}, {'source': 8, 'target': 85}, {'source': 9, 'target': 23}, {'source': 10, 'target': 75}, {'source': 12, 'target': 6}, {'source': 13, 'target': 30}, {'source': 14, 'target': 16}, {'source': 14, 'target': 46}, {'source': 16, 'target': 43}, {'source': 18, 'target': 69}, {'source': 18, 'target': 88}, {'source': 19, 'target': 78}, {'source': 19, 'target': 87}, {'source': 20, 'target': 68}, {'source': 21, 'target': 14}, {'source': 21, 'target': 19}, {'source': 21, 'target': 81}, {'source': 23, 'target': 7}, {'source': 27, 'target': 59}, {'source': 27, 'target': 36}, {'source': 28, 'target': 58}, {'source': 29, 'target': 64}, {'source': 31, 'target': 2}, {'source': 32, 'target': 56}, {'source': 34, 'target': 84}, {'source': 35, 'target': 11}, {'source': 35, 'target': 51}, {'source': 35, 'target': 86}, {'source': 36, 'target': 28}, {'source': 37, 'target': 33}, {'source': 38, 'target': 15}, {'source': 40, 'target': 0}, {'source': 41, 'target': 4}, {'source': 41, 'target': 48}, {'source': 42, 'target': 41}, {'source': 42, 'target': 71}, {'source': 45, 'target': 82}, {'source': 45, 'target': 89}, {'source': 46, 'target': 20}, {'source': 47, 'target': 5}, {'source': 48, 'target': 52}, {'source': 49, 'target': 67}, {'source': 49, 'target': 60}, {'source': 52, 'target': 24}, {'source': 55, 'target': 21}, {'source': 56, 'target': 38}, {'source': 56, 'target': 47}, {'source': 57, 'target': 39}, {'source': 58, 'target': 70}, {'source': 60, 'target': 80}, {'source': 60, 'target': 62}, {'source': 61, 'target': 8}, {'source': 62, 'target': 61}, {'source': 63, 'target': 17}, {'source': 63, 'target': 37}, {'source': 63, 'target': 9}, {'source': 65, 'target': 22}, {'source': 66, 'target': 42}, {'source': 66, 'target': 1}, {'source': 67, 'target': 26}, {'source': 67, 'target': 83}, {'source': 68, 'target': 31}, {'source': 68, 'target': 53}, {'source': 70, 'target': 25}, {'source': 70, 'target': 29}, {'source': 71, 'target': 40}, {'source': 74, 'target': 13}, {'source': 76, 'target': 73}, {'source': 76, 'target': 79}, {'source': 76, 'target': 34}, {'source': 77, 'target': 32}, {'source': 79, 'target': 44}, {'source': 81, 'target': 50}, {'source': 81, 'target': 10}, {'source': 81, 'target': 49}, {'source': 81, 'target': 63}, {'source': 82, 'target': 66}, {'source': 83, 'target': 65}, {'source': 84, 'target': 54}, {'source': 84, 'target': 45}, {'source': 85, 'target': 3}, {'source': 86, 'target': 12}, {'source': 86, 'target': 72}, {'source': 87, 'target': 35}, {'source': 88, 'target': 57}]}",100
"{'directed': True, 'multigraph': False, 'graph': {}, 'nodes': [{'id': 0}, {'id': 1}, {'id': 2}, {'id': 3}, {'id': 4}, {'id': 5}, {'id': 6}, {'id': 7}, {'id': 8}, {'id': 9}, {'id': 10}, {'id': 11}, {'id': 12}, {'id': 13}, {'id': 14}, {'id': 15}, {'id': 16}, {'id': 17}, {'id': 18}, {'id': 19}, {'id': 20}, {'id': 21}, {'id': 22}, {'id': 23}, {'id': 24}, {'id': 25}, {'id': 26}, {'id': 27}, {'id': 28}, {'id': 29}, {'id': 30}, {'id': 31}, {'id': 32}, {'id': 33}, {'id': 34}, {'id': 35}, {'id': 36}, {'id': 37}, {'id': 38}, {'id': 39}, {'id': 40}, {'id': 41}, {'id': 42}, {'id': 43}, {'id': 44}, {'id': 45}, {'id': 46}, {'id': 47}, {'id': 48}, {'id': 49}, {'id': 50}, {'id': 51}, {'id': 52}, {'id': 53}, {'id': 54}, {'id': 55}, {'id': 56}, {'id': 57}, {'id': 58}, {'id': 59}, {'id': 60}, {'id': 61}, {'id': 62}, {'id': 63}, {'id': 64}, {'id': 65}, {'id': 66}, {'id': 67}, {'id': 68}, {'id': 69}, {'id': 70}, {'id': 71}, {'id': 72}, {'id': 73}, {'id': 74}, {'id': 75}, {'id': 76}, {'id': 77}, {'id': 78}, {'id': 79}, {'id': 80}, {'id': 81}, {'id': 82}, {'id': 83}, {'id': 84}, {'id': 85}, {'id': 86}, {'id': 87}, {'id': 88}, {'id': 89}], 'links': [{'source': 0, 'target': 10}, {'source': 0, 'target': 35}, {'source': 1, 'target': 53}, {'source': 1, 'target': 49}, {'source': 2, 'target': 18}, {'source': 3, 'target': 62}, {'source': 3, 'target': 67}, {'source': 4, 'target': 65}, {'source': 6, 'target': 73}, {'source': 6, 'target': 88}, {'source': 7, 'target': 59}, {'source': 7, 'target': 64}, {'source': 8, 'target': 66}, {'source': 11, 'target': 3}, {'source': 12, 'target': 78}, {'source': 13, 'target': 20}, {'source': 14, 'target': 12}, {'source': 14, 'target': 19}, {'source': 15, 'target': 36}, {'source': 15, 'target': 79}, {'source': 19, 'target': 13}, {'source': 20, 'target': 69}, {'source': 21, 'target': 17}, {'source': 21, 'target': 40}, {'source': 21, 'target': 31}, {'source': 23, 'target': 5}, {'source': 27, 'target': 32}, {'source': 29, 'target': 89}, {'source': 30, 'target': 41}, {'source': 31, 'target': 30}, {'source': 31, 'target': 48}, {'source': 32, 'target': 25}, {'source': 34, 'target': 2}, {'source': 34, 'target': 8}, {'source': 38, 'target': 44}, {'source': 38, 'target': 43}, {'source': 40, 'target': 33}, {'source': 40, 'target': 38}, {'source': 43, 'target': 28}, {'source': 43, 'target': 27}, {'source': 43, 'target': 45}, {'source': 43, 'target': 47}, {'source': 43, 'target': 71}, {'source': 44, 'target': 11}, {'source': 46, 'target': 60}, {'source': 46, 'target': 63}, {'source': 48, 'target': 68}, {'source': 49, 'target': 4}, {'source': 50, 'target': 39}, {'source': 51, 'target': 75}, {'source': 51, 'target': 83}, {'source': 52, 'target': 51}, {'source': 53, 'target': 16}, {'source': 55, 'target': 7}, {'source': 56, 'target': 55}, {'source': 56, 'target': 81}, {'source': 56, 'target': 85}, {'source': 58, 'target': 42}, {'source': 58, 'target': 84}, {'source': 58, 'target': 6}, {'source': 59, 'target': 23}, {'source': 60, 'target': 24}, {'source': 61, 'target': 74}, {'source': 61, 'target': 15}, {'source': 65, 'target': 61}, {'source': 65, 'target': 77}, {'source': 66, 'target': 82}, {'source': 67, 'target': 50}, {'source': 68, 'target': 0}, {'source': 68, 'target': 76}, {'source': 69, 'target': 58}, {'source': 69, 'target': 29}, {'source': 72, 'target': 21}, {'source': 73, 'target': 26}, {'source': 73, 'target': 54}, {'source': 73, 'target': 52}, {'source': 76, 'target': 22}, {'source': 77, 'target': 34}, {'source': 77, 'target': 14}, {'source': 78, 'target': 9}, {'source': 78, 'target': 37}, {'source': 78, 'target': 56}, {'source': 82, 'target': 80}, {'source': 83, 'target': 57}, {'source': 83, 'target': 70}, {'source': 84, 'target': 46}, {'source': 84, 'target': 86}, {'source': 85, 'target': 72}, {'source': 89, 'target': 87}]}",100
"{'directed': True, 'multigraph': False, 'graph': {}, 'nodes': [{'id': 0}, {'id': 1}, {'id': 2}, {'id': 3}, {'id': 4}, {'id': 5}, {'id': 6}, {'id': 7}, {'id': 8}, {'id': 9}, {'id': 10}, {'id': 11}, {'id': 12}, {'id': 13}, {'id': 14}, {'id': 15}, {'id': 16}, {'id': 17}, {'id': 18}, {'id': 19}, {'id': 20}, {'id': 21}, {'id': 22}, {'id': 23}, {'id': 24}, {'id': 25}, {'id': 26}, {'id': 27}, {'id': 28}, {'id': 29}, {'id': 30}, {'id': 31}, {'id': 32}, {'id': 33}, {'id': 34}, {'id': 35}, {'id': 36}, {'id': 37}, {'id': 38}, {'id': 39}, {'id': 40}, {'id': 41}, {'id': 42}, {'id': 43}, {'id': 44}, {'id': 45}, {'id': 46}, {'id': 47}, {'id': 48}, {'id': 49}, {'id': 50}, {'id': 51}, {'id': 52}, {'id': 53}, {'id': 54}, {'id': 55}, {'id': 56}, {'id': 57}, {'id': 58}, {'id': 59}, {'id': 60}, {'id': 61}, {'id': 62}, {'id': 63}, {'id': 64}, {'id': 65}, {'id': 66}, {'id': 67}, {'id': 68}, {'id': 69}, {'id': 70}, {'id': 71}, {'id': 72}, {'id': 73}, {'id': 74}, {'id': 75}, {'id': 76}, {'id': 77}, {'id': 78}, {'id': 79}, {'id': 80}, {'id': 81}, {'id': 82}, {'id': 83}, {'id': 84}, {'id': 85}, {'id': 86}, {'id': 87}, {'id': 88}, {'id': 89}, {'id': 90}, {'id': 91}, {'id': 92}, {'id': 93}, {'id': 94}, {'id': 95}, {'id': 96}, {'id': 97}, {'id': 98}, {'id': 99}, {'id': 100}, {'id': 101}, {'id': 102}, {'id': 103}, {'id': 104}, {'id': 105}, {'id': 106}, {'id': 107}, {'id': 108}, {'id': 109}, {'id': 110}, {'id': 111}, {'id': 112}, {'id': 113}, {'id': 114}, {'id': 115}, {'id': 116}, {'id': 117}, {'id': 118}, {'id': 119}], 'links': [{'source': 1, 'target': 73}, {'source': 8, 'target': 20}, {'source': 11, 'target': 17}, {'source': 11, 'target': 32}, {'source': 11, 'target': 30}, {'source': 12, 'target': 70}, {'source': 12, 'target': 45}, {'source': 12, 'target': 109}, {'source': 13, 'target': 39}, {'source': 13, 'target': 12}, {'source': 15, 'target': 96}, {'source': 16, 'target': 119}, {'source': 17, 'target': 25}, {'source': 18, 'target': 93}, {'source': 19, 'target': 81}, {'source': 19, 'target': 74}, {'source': 20, 'target': 92}, {'source': 21, 'target': 108}, {'source': 24, 'target': 107}, {'source': 26, 'target': 114}, {'source': 27, 'target': 116}, {'source': 29, 'target': 51}, {'source': 30, 'target': 3}, {'source': 30, 'target': 41}, {'source': 30, 'target': 63}, {'source': 30, 'target': 21}, {'source': 30, 'target': 105}, {'source': 33, 'target': 100}, {'source': 35, 'target': 59}, {'source': 36, 'target': 26}, {'source': 37, 'target': 23}, {'source': 38, 'target': 84}, {'source': 40, 'target': 66}, {'source': 40, 'target': 1}, {'source': 40, 'target': 58}, {'source': 43, 'target': 44}, {'source': 44, 'target': 48}, {'source': 45, 'target': 46}, {'source': 46, 'target': 89}, {'source': 46, 'target': 91}, {'source': 47, 'target': 42}, {'source': 47, 'target': 40}, {'source': 48, 'target': 54}, {'source': 50, 'target': 28}, {'source': 50, 'target': 98}, {'source': 53, 'target': 76}, {'source': 54, 'target': 64}, {'source': 55, 'target': 29}, {'source': 56, 'target': 77}, {'source': 56, 'target': 15}, {'source': 56, 'target': 118}, {'source': 56, 'target': 16}, {'source': 57, 'target': 34}, {'source': 57, 'target': 60}, {'source': 58, 'target': 112}, {'source': 59, 'target': 65}, {'source': 59, 'target': 106}, {'source': 60, 'target': 35}, {'source': 62, 'target': 7}, {'source': 62, 'target': 53}, {'source': 63, 'target': 6}, {'source': 63, 'target': 9}, {'source': 66, 'target': 4}, {'source': 67, 'target': 22}, {'source': 67, 'target': 52}, {'source': 67, 'target': 111}, {'source': 68, 'target': 80}, {'source': 70, 'target': 0}, {'source': 70, 'target': 55}, {'source': 71, 'target': 19}, {'source': 71, 'target': 82}, {'source': 74, 'target': 57}, {'source': 75, 'target': 5}, {'source': 75, 'target': 88}, {'source': 76, 'target': 56}, {'source': 77, 'target': 14}, {'source': 78, 'target': 115}, {'source': 78, 'target': 27}, {'source': 80, 'target': 90}, {'source': 81, 'target': 83}, {'source': 81, 'target': 95}, {'source': 82, 'target': 102}, {'source': 82, 'target': 104}, {'source': 82, 'target': 103}, {'source': 84, 'target': 24}, {'source': 88, 'target': 13}, {'source': 89, 'target': 31}, {'source': 89, 'target': 72}, {'source': 92, 'target': 36}, {'source': 93, 'target': 43}, {'source': 94, 'target': 61}, {'source': 95, 'target': 37}, {'source': 95, 'target': 49}, {'source': 96, 'target': 47}, {'source': 97, 'target': 79}, {'source': 98, 'target': 10}, {'source': 98, 'target': 8}, {'source': 99, 'target': 75}, {'source': 100, 'target': 2}, {'source': 101, 'target': 69}, {'source': 102, 'target': 85}, {'source': 102, 'target': 86}, {'source': 102, 'target': 97}, {'source': 103, 'target': 62}, {'source': 104, 'target': 78}, {'source': 105, 'target': 18}, {'source': 105, 'target': 113}, {'source': 105, 'target': 67}, {'source': 107, 'target': 87}, {'source': 107, 'target': 117}, {'source': 108, 'target': 33}, {'source': 110, 'target': 101}, {'source': 110, 'target': 50}, {'source': 111, 'target': 68}, {'source': 111, 'target': 71}, {'source': 113, 'target': 99}, {'source': 114, 'target': 38}, {'source': 116, 'target': 110}, {'source': 119, 'target': 94}]}",3
"{'directed': True, 'multigraph': False, 'graph': {}, 'nodes': [{'id': 0}, {'id': 1}, {'id': 2}, {'id': 3}, {'id': 4}, {'id': 5}, {'id': 6}, {'id': 7}, {'id': 8}, {'id': 9}, {'id': 10}, {'id': 11}, {'id': 12}, {'id': 13}, {'id': 14}, {'id': 15}, {'id': 16}, {'id': 17}, {'id': 18}, {'id': 19}, {'id': 20}, {'id': 21}, {'id': 22}, {'id': 23}, {'id': 24}, {'id': 25}, {'id': 26}, {'id': 27}, {'id': 28}, {'id': 29}, {'id': 30}, {'id': 31}, {'id': 32}, {'id': 33}, {'id': 34}, {'id': 35}, {'id': 36}, {'id': 37}, {'id': 38}, {'id': 39}, {'id': 40}, {'id': 41}, {'id': 42}, {'id': 43}, {'id': 44}, {'id': 45}, {'id': 46}, {'id': 47}, {'id': 48}, {'id': 49}, {'id': 50}, {'id': 51}, {'id': 52}, {'id': 53}, {'id': 54}, {'id': 55}, {'id': 56}, {'id': 57}, {'id': 58}, {'id': 59}, {'id': 60}, {'id': 61}, {'id': 62}, {'id': 63}, {'id': 64}, {'id': 65}, {'id': 66}, {'id': 67}, {'id': 68}, {'id': 69}, {'id': 70}, {'id': 71}, {'id': 72}, {'id': 73}, {'id': 74}, {'id': 75}, {'id': 76}, {'id': 77}, {'id': 78}, {'id': 79}, {'id': 80}, {'id': 81}, {'id': 82}, {'id': 83}, {'id': 84}, {'id': 85}, {'id': 86}, {'id': 87}, {'id': 88}, {'id': 89}, {'id': 90}, {'id': 91}, {'id': 92}, {'id': 93}, {'id': 94}, {'id': 95}, {'id': 96}, {'id': 97}, {'id': 98}, {'id': 99}, {'id': 100}, {'id': 101}, {'id': 102}, {'id': 103}, {'id': 104}, {'id': 105}, {'id': 106}, {'id': 107}, {'id': 108}, {'id': 109}, {'id': 110}, {'id': 111}, {'id': 112}, {'id': 113}, {'id': 114}, {'id': 115}, {'id': 116}, {'id': 117}, {'id': 118}, {'id': 119}], 'links': [{'source': 1, 'target': 22}, {'source': 1, 'target': 116}, {'source': 2, 'target': 3}, {'source': 2, 'target': 13}, {'source': 3, 'target': 65}, {'source': 4, 'target': 18}, {'source': 4, 'target': 37}, {'source': 5, 'target': 38}, {'source': 5, 'target': 47}, {'source': 6, 'target': 102}, {'source': 6, 'target': 60}, {'source': 7, 'target': 62}, {'source': 7, 'target': 112}, {'source': 8, 'target': 118}, {'source': 9, 'target': 84}, {'source': 9, 'target': 45}, {'source': 12, 'target': 98}, {'source': 12, 'target': 51}, {'source': 13, 'target': 114}, {'source': 15, 'target': 11}, {'source': 15, 'target': 24}, {'source': 15, 'target': 76}, {'source': 15, 'target': 6}, {'source': 16, 'target': 0}, {'source': 17, 'target': 4}, {'source': 17, 'target': 41}, {'source': 20, 'target': 67}, {'source': 20, 'target': 68}, {'source': 21, 'target': 44}, {'source': 22, 'target': 100}, {'source': 22, 'target': 101}, {'source': 23, 'target': 58}, {'source': 23, 'target': 111}, {'source': 23, 'target': 81}, {'source': 25, 'target': 77}, {'source': 26, 'target': 93}, {'source': 26, 'target': 33}, {'source': 26, 'target': 119}, {'source': 29, 'target': 17}, {'source': 29, 'target': 7}, {'source': 33, 'target': 70}, {'source': 34, 'target': 82}, {'source': 34, 'target': 12}, {'source': 34, 'target': 103}, {'source': 36, 'target': 87}, {'source': 38, 'target': 9}, {'source': 42, 'target': 71}, {'source': 43, 'target': 72}, {'source': 44, 'target': 34}, {'source': 45, 'target': 14}, {'source': 45, 'target': 20}, {'source': 46, 'target': 104}, {'source': 47, 'target': 66}, {'source': 47, 'target': 2}, {'source': 49, 'target': 32}, {'source': 49, 'target': 50}, {'source': 50, 'target': 53}, {'source': 51, 'target': 55}, {'source': 51, 'target': 69}, {'source': 51, 'target': 88}, {'source': 51, 'target': 89}, {'source': 52, 'target': 96}, {'source': 54, 'target': 42}, {'source': 54, 'target': 75}, {'source': 55, 'target': 39}, {'source': 57, 'target': 78}, {'source': 60, 'target': 91}, {'source': 60, 'target': 74}, {'source': 61, 'target': 48}, {'source': 61, 'target': 94}, {'source': 63, 'target': 30}, {'source': 63, 'target': 49}, {'source': 63, 'target': 108}, {'source': 64, 'target': 83}, {'source': 67, 'target': 16}, {'source': 67, 'target': 54}, {'source': 68, 'target': 52}, {'source': 70, 'target': 35}, {'source': 70, 'target': 73}, {'source': 70, 'target': 80}, {'source': 72, 'target': 95}, {'source': 74, 'target': 99}, {'source': 74, 'target': 46}, {'source': 75, 'target': 59}, {'source': 77, 'target': 27}, {'source': 78, 'target': 113}, {'source': 79, 'target': 21}, {'source': 80, 'target': 110}, {'source': 81, 'target': 36}, {'source': 82, 'target': 117}, {'source': 87, 'target': 40}, {'source': 87, 'target': 29}, {'source': 89, 'target': 63}, {'source': 89, 'target': 8}, {'source': 90, 'target': 19}, {'source': 90, 'target': 85}, {'source': 91, 'target': 43}, {'source': 91, 'target': 92}, {'source': 92, 'target': 10}, {'source': 92, 'target': 86}, {'source': 92, 'target': 97}, {'source': 94, 'target': 26}, {'source': 97, 'target': 64}, {'source': 98, 'target': 23}, {'source': 102, 'target': 90}, {'source': 103, 'target': 1}, {'source': 103, 'target': 109}, {'source': 104, 'target': 105}, {'source': 104, 'target': 61}, {'source': 105, 'target': 56}, {'source': 105, 'target': 107}, {'source': 106, 'target': 57}, {'source': 106, 'target': 79}, {'source': 107, 'target': 31}, {'source': 109, 'target': 15}, {'source': 113, 'target': 25}, {'source': 113, 'target': 115}, {'source': 114, 'target': 28}, {'source': 115, 'target': 5}]}",3
"{'directed': True, 'multigraph': False, 'graph': {}, 'nodes': [{'id': 0}, {'id': 1}, {'id': 2}, {'id': 3}, {'id': 4}, {'id': 5}, {'id': 6}, {'id': 7}, {'id': 8}, {'id': 9}, {'id': 10}, {'id': 11}, {'id': 12}, {'id': 13}, {'id': 14}, {'id': 15}, {'id': 16}, {'id': 17}, {'id': 18}, {'id': 19}, {'id': 20}, {'id': 21}, {'id': 22}, {'id': 23}, {'id': 24}, {'id': 25}, {'id': 26}, {'id': 27}, {'id': 28}, {'id': 29}, {'id': 30}, {'id': 31}, {'id': 32}, {'id': 33}, {'id': 34}, {'id': 35}, {'id': 36}, {'id': 37}, {'id': 38}, {'id': 39}, {'id': 40}, {'id': 41}, {'id': 42}, {'id': 43}, {'id': 44}, {'id': 45}, {'id': 46}, {'id': 47}, {'id': 48}, {'id': 49}, {'id': 50}, {'id': 51}, {'id': 52}, {'id': 53}, {'id': 54}, {'id': 55}, {'id': 56}, {'id': 57}, {'id': 58}, {'id': 59}, {'id': 60}, {'id': 61}, {'id': 62}, {'id': 63}, {'id': 64}, {'id': 65}, {'id': 66}, {'id': 67}, {'id': 68}, {'id': 69}, {'id': 70}, {'id': 71}, {'id': 72}, {'id': 73}, {'id': 74}, {'id': 75}, {'id': 76}, {'id': 77}, {'id': 78}, {'id': 79}, {'id': 80}, {'id': 81}, {'id': 82}, {'id': 83}, {'id': 84}, {'id': 85}, {'id': 86}, {'id': 87}, {'id': 88}, {'id': 89}, {'id': 90}, {'id': 91}, {'id': 92}, {'id': 93}, {'id': 94}, {'id': 95}, {'id': 96}, {'id': 97}, {'id': 98}, {'id': 99}, {'id': 100}, {'id': 101}, {'id': 102}, {'id': 103}, {'id': 104}, {'id': 105}, {'id': 106}, {'id': 107}, {'id': 108}, {'id': 109}, {'id': 110}, {'id': 111}, {'id': 112}, {'id': 113}, {'id': 114}, {'id': 115}, {'id': 116}, {'id': 117}, {'id': 118}, {'id': 119}], 'links': [{'source': 0, 'target': 98}, {'source': 0, 'target': 82}, {'source': 1, 'target': 99}, {'source': 1, 'target': 116}, {'source': 2, 'target': 39}, {'source': 3, 'target': 40}, {'source': 3, 'target': 53}, {'source': 4, 'target': 83}, {'source': 4, 'target': 87}, {'source': 5, 'target': 102}, {'source': 5, 'target': 21}, {'source': 9, 'target': 4}, {'source': 9, 'target': 106}, {'source': 10, 'target': 7}, {'source': 10, 'target': 85}, {'source': 13, 'target': 90}, {'source': 14, 'target': 30}, {'source': 14, 'target': 95}, {'source': 16, 'target': 66}, {'source': 17, 'target': 72}, {'source': 17, 'target': 93}, {'source': 19, 'target': 58}, {'source': 19, 'target': 112}, {'source': 20, 'target': 6}, {'source': 20, 'target': 68}, {'source': 21, 'target': 104}, {'source': 22, 'target': 18}, {'source': 23, 'target': 79}, {'source': 23, 'target': 77}, {'source': 24, 'target': 32}, {'source': 25, 'target': 88}, {'source': 27, 'target': 71}, {'source': 28, 'target': 2}, {'source': 30, 'target': 25}, {'source': 31, 'target': 74}, {'source': 31, 'target': 89}, {'source': 33, 'target': 86}, {'source': 34, 'target': 113}, {'source': 36, 'target': 50}, {'source': 37, 'target': 33}, {'source': 38, 'target': 76}, {'source': 39, 'target': 111}, {'source': 41, 'target': 42}, {'source': 41, 'target': 97}, {'source': 42, 'target': 12}, {'source': 42, 'target': 54}, {'source': 43, 'target': 29}, {'source': 43, 'target': 81}, {'source': 43, 'target': 115}, {'source': 44, 'target': 64}, {'source': 47, 'target': 5}, {'source': 48, 'target': 23}, {'source': 51, 'target': 24}, {'source': 51, 'target': 9}, {'source': 53, 'target': 22}, {'source': 53, 'target': 49}, {'source': 55, 'target': 11}, {'source': 56, 'target': 118}, {'source': 57, 'target': 36}, {'source': 57, 'target': 10}, {'source': 59, 'target': 107}, {'source': 59, 'target': 34}, {'source': 60, 'target': 35}, {'source': 63, 'target': 17}, {'source': 64, 'target': 45}, {'source': 64, 'target': 96}, {'source': 64, 'target': 19}, {'source': 64, 'target': 114}, {'source': 65, 'target': 46}, {'source': 65, 'target': 84}, {'source': 65, 'target': 13}, {'source': 66, 'target': 70}, {'source': 66, 'target': 51}, {'source': 67, 'target': 62}, {'source': 69, 'target': 80}, {'source': 72, 'target': 43}, {'source': 75, 'target': 69}, {'source': 75, 'target': 101}, {'source': 76, 'target': 94}, {'source': 77, 'target': 0}, {'source': 78, 'target': 55}, {'source': 79, 'target': 105}, {'source': 79, 'target': 16}, {'source': 82, 'target': 119}, {'source': 85, 'target': 14}, {'source': 87, 'target': 78}, {'source': 89, 'target': 20}, {'source': 89, 'target': 57}, {'source': 89, 'target': 100}, {'source': 89, 'target': 109}, {'source': 90, 'target': 26}, {'source': 90, 'target': 1}, {'source': 91, 'target': 15}, {'source': 91, 'target': 110}, {'source': 92, 'target': 28}, {'source': 92, 'target': 59}, {'source': 93, 'target': 108}, {'source': 93, 'target': 117}, {'source': 94, 'target': 63}, {'source': 97, 'target': 65}, {'source': 98, 'target': 47}, {'source': 102, 'target': 67}, {'source': 103, 'target': 31}, {'source': 105, 'target': 44}, {'source': 106, 'target': 52}, {'source': 106, 'target': 75}, {'source': 106, 'target': 91}, {'source': 106, 'target': 38}, {'source': 109, 'target': 3}, {'source': 109, 'target': 60}, {'source': 113, 'target': 8}, {'source': 113, 'target': 56}, {'source': 114, 'target': 41}, {'source': 115, 'target': 27}, {'source': 115, 'target': 103}, {'source': 117, 'target': 73}, {'source': 117, 'target': 37}, {'source': 118, 'target': 48}, {'source': 119, 'target': 61}]}",3
"{'directed': True, 'multigraph': False, 'graph': {}, 'nodes': [{'id': 0}, {'id': 1}, {'id': 2}, {'id': 3}, {'id': 4}, {'id': 5}, {'id': 6}, {'id': 7}, {'id': 8}, {'id': 9}, {'id': 10}, {'id': 11}, {'id': 12}, {'id': 13}, {'id': 14}, {'id': 15}, {'id': 16}, {'id': 17}, {'id': 18}, {'id': 19}, {'id': 20}, {'id': 21}, {'id': 22}, {'id': 23}, {'id': 24}, {'id': 25}, {'id': 26}, {'id': 27}, {'id': 28}, {'id': 29}, {'id': 30}, {'id': 31}, {'id': 32}, {'id': 33}, {'id': 34}, {'id': 35}, {'id': 36}, {'id': 37}, {'id': 38}, {'id': 39}, {'id': 40}, {'id': 41}, {'id': 42}, {'id': 43}, {'id': 44}, {'id': 45}, {'id': 46}, {'id': 47}, {'id': 48}, {'id': 49}, {'id': 50}, {'id': 51}, {'id': 52}, {'id': 53}, {'id': 54}, {'id': 55}, {'id': 56}, {'id': 57}, {'id': 58}, {'id': 59}, {'id': 60}, {'id': 61}, {'id': 62}, {'id': 63}, {'id': 64}, {'id': 65}, {'id': 66}, {'id': 67}, {'id': 68}, {'id': 69}, {'id': 70}, {'id': 71}, {'id': 72}, {'id': 73}, {'id': 74}, {'id': 75}, {'id': 76}, {'id': 77}, {'id': 78}, {'id': 79}, {'id': 80}, {'id': 81}, {'id': 82}, {'id': 83}, {'id': 84}, {'id': 85}, {'id': 86}, {'id': 87}, {'id': 88}, {'id': 89}, {'id': 90}, {'id': 91}, {'id': 92}, {'id': 93}, {'id': 94}, {'id': 95}, {'id': 96}, {'id': 97}, {'id': 98}, {'id': 99}, {'id': 100}, {'id': 101}, {'id': 102}, {'id': 103}, {'id': 104}, {'id': 105}, {'id': 106}, {'id': 107}, {'id': 108}, {'id': 109}, {'id': 110}, {'id': 111}, {'id': 112}, {'id': 113}, {'id': 114}, {'id': 115}, {'id': 116}, {'id': 117}, {'id': 118}, {'id': 119}], 'links': [{'source': 0, 'target': 91}, {'source': 0, 'target': 35}, {'source': 1, 'target': 101}, {'source': 1, 'target': 116}, {'source': 6, 'target': 71}, {'source': 6, 'target': 15}, {'source': 7, 'target': 84}, {'source': 7, 'target': 66}, {'source': 8, 'target': 13}, {'source': 9, 'target': 41}, {'source': 9, 'target': 0}, {'source': 9, 'target': 90}, {'source': 11, 'target': 87}, {'source': 12, 'target': 100}, {'source': 13, 'target': 112}, {'source': 13, 'target': 22}, {'source': 14, 'target': 75}, {'source': 15, 'target': 38}, {'source': 17, 'target': 92}, {'source': 19, 'target': 67}, {'source': 22, 'target': 42}, {'source': 22, 'target': 80}, {'source': 22, 'target': 68}, {'source': 22, 'target': 118}, {'source': 23, 'target': 27}, {'source': 23, 'target': 45}, {'source': 26, 'target': 59}, {'source': 28, 'target': 111}, {'source': 29, 'target': 73}, {'source': 32, 'target': 10}, {'source': 32, 'target': 47}, {'source': 32, 'target': 8}, {'source': 33, 'target': 29}, {'source': 34, 'target': 93}, {'source': 35, 'target': 107}, {'source': 36, 'target': 99}, {'source': 36, 'target': 69}, {'source': 38, 'target': 61}, {'source': 39, 'target': 2}, {'source': 41, 'target': 50}, {'source': 46, 'target': 70}, {'source': 46, 'target': 52}, {'source': 46, 'target': 113}, {'source': 47, 'target': 28}, {'source': 48, 'target': 105}, {'source': 49, 'target': 16}, {'source': 49, 'target': 77}, {'source': 51, 'target': 96}, {'source': 52, 'target': 89}, {'source': 52, 'target': 109}, {'source': 53, 'target': 18}, {'source': 53, 'target': 54}, {'source': 53, 'target': 17}, {'source': 54, 'target': 24}, {'source': 55, 'target': 72}, {'source': 55, 'target': 81}, {'source': 55, 'target': 64}, {'source': 57, 'target': 56}, {'source': 57, 'target': 53}, {'source': 59, 'target': 48}, {'source': 60, 'target': 110}, {'source': 61, 'target': 103}, {'source': 62, 'target': 7}, {'source': 63, 'target': 21}, {'source': 64, 'target': 4}, {'source': 64, 'target': 6}, {'source': 64, 'target': 32}, {'source': 65, 'target': 30}, {'source': 65, 'target': 44}, {'source': 65, 'target': 106}, {'source': 66, 'target': 88}, {'source': 67, 'target': 86}, {'source': 67, 'target': 34}, {'source': 67, 'target': 60}, {'source': 67, 'target': 119}, {'source': 68, 'target': 74}, {'source': 69, 'target': 83}, {'source': 73, 'target': 26}, {'source': 74, 'target': 65}, {'source': 76, 'target': 95}, {'source': 77, 'target': 55}, {'source': 79, 'target': 14}, {'source': 83, 'target': 19}, {'source': 84, 'target': 25}, {'source': 86, 'target': 39}, {'source': 88, 'target': 115}, {'source': 89, 'target': 57}, {'source': 89, 'target': 12}, {'source': 90, 'target': 117}, {'source': 90, 'target': 114}, {'source': 92, 'target': 79}, {'source': 93, 'target': 20}, {'source': 93, 'target': 104}, {'source': 93, 'target': 33}, {'source': 93, 'target': 108}, {'source': 94, 'target': 11}, {'source': 95, 'target': 78}, {'source': 95, 'target': 85}, {'source': 96, 'target': 62}, {'source': 97, 'target': 31}, {'source': 99, 'target': 51}, {'source': 100, 'target': 102}, {'source': 104, 'target': 23}, {'source': 105, 'target': 82}, {'source': 106, 'target': 37}, {'source': 106, 'target': 43}, {'source': 106, 'target': 46}, {'source': 108, 'target': 63}, {'source': 108, 'target': 97}, {'source': 111, 'target': 1}, {'source': 112, 'target': 40}, {'source': 114, 'target': 49}, {'source': 115, 'target': 58}, {'source': 115, 'target': 76}, {'source': 115, 'target': 9}, {'source': 116, 'target': 5}, {'source': 116, 'target': 98}, {'source': 118, 'target': 3}, {'source': 118, 'target': 94}]}",10
"{'directed': True, 'multigraph': False, 'graph': {}, 'nodes': [{'id': 0}, {'id': 1}, {'id': 2}, {'id': 3}, {'id': 4}, {'id': 5}, {'id': 6}, {'id': 7}, {'id': 8}, {'id': 9}, {'id': 10}, {'id': 11}, {'id': 12}, {'id': 13}, {'id': 14}, {'id': 15}, {'id': 16}, {'id': 17}, {'id': 18}, {'id': 19}, {'id': 20}, {'id': 21}, {'id': 22}, {'id': 23}, {'id': 24}, {'id': 25}, {'id': 26}, {'id': 27}, {'id': 28}, {'id': 29}, {'id': 30}, {'id': 31}, {'id': 32}, {'id': 33}, {'id': 34}, {'id': 35}, {'id': 36}, {'id': 37}, {'id': 38}, {'id': 39}, {'id': 40}, {'id': 41}, {'id': 42}, {'id': 43}, {'id': 44}, {'id': 45}, {'id': 46}, {'id': 47}, {'id': 48}, {'id': 49}, {'id': 50}, {'id': 51}, {'id': 52}, {'id': 53}, {'id': 54}, {'id': 55}, {'id': 56}, {'id': 57}, {'id': 58}, {'id': 59}, {'id': 60}, {'id': 61}, {'id': 62}, {'id': 63}, {'id': 64}, {'id': 65}, {'id': 66}, {'id': 67}, {'id': 68}, {'id': 69}, {'id': 70}, {'id': 71}, {'id': 72}, {'id': 73}, {'id': 74}, {'id': 75}, {'id': 76}, {'id': 77}, {'id': 78}, {'id': 79}, {'id': 80}, {'id': 81}, {'id': 82}, {'id': 83}, {'id': 84}, {'id': 85}, {'id': 86}, {'id': 87}, {'id': 88}, {'id': 89}, {'id': 90}, {'id': 91}, {'id': 92}, {'id': 93}, {'id': 94}, {'id': 95}, {'id': 96}, {'id': 97}, {'id': 98}, {'id': 99}, {'id': 100}, {'id': 101}, {'id': 102}, {'id': 103}, {'id': 104}, {'id': 105}, {'id': 106}, {'id': 107}, {'id': 108}, {'id': 109}, {'id': 110}, {'id': 111}, {'id': 112}, {'id': 113}, {'id': 114}, {'id': 115}, {'id': 116}, {'id': 117}, {'id': 118}, {'id': 119}], 'links': [{'source': 1, 'target': 62}, {'source': 2, 'target': 47}, {'source': 4, 'target': 79}, {'source': 5, 'target': 26}, {'source': 5, 'target': 106}, {'source': 5, 'target': 28}, {'source': 6, 'target': 36}, {'source': 7, 'target': 22}, {'source': 7, 'target': 5}, {'source': 8, 'target': 55}, {'source': 9, 'target': 31}, {'source': 10, 'target': 83}, {'source': 13, 'target': 14}, {'source': 13, 'target': 101}, {'source': 16, 'target': 46}, {'source': 17, 'target': 59}, {'source': 17, 'target': 112}, {'source': 18, 'target': 39}, {'source': 18, 'target': 91}, {'source': 20, 'target': 33}, {'source': 21, 'target': 9}, {'source': 23, 'target': 119}, {'source': 26, 'target': 66}, {'source': 28, 'target': 8}, {'source': 28, 'target': 114}, {'source': 29, 'target': 82}, {'source': 29, 'target': 74}, {'source': 30, 'target': 61}, {'source': 31, 'target': 67}, {'source': 32, 'target': 35}, {'source': 34, 'target': 21}, {'source': 35, 'target': 23}, {'source': 40, 'target': 69}, {'source': 40, 'target': 99}, {'source': 42, 'target': 57}, {'source': 42, 'target': 85}, {'source': 43, 'target': 97}, {'source': 43, 'target': 17}, {'source': 46, 'target': 88}, {'source': 49, 'target': 86}, {'source': 50, 'target': 41}, {'source': 51, 'target': 34}, {'source': 53, 'target': 2}, {'source': 55, 'target': 42}, {'source': 55, 'target': 75}, {'source': 57, 'target': 38}, {'source': 58, 'target': 80}, {'source': 58, 'target': 51}, {'source': 59, 'target': 89}, {'source': 60, 'target': 27}, {'source': 60, 'target': 18}, {'source': 60, 'target': 107}, {'source': 62, 'target': 50}, {'source': 63, 'target': 68}, {'source': 63, 'target': 43}, {'source': 64, 'target': 54}, {'source': 65, 'target': 117}, {'source': 65, 'target': 78}, {'source': 66, 'target': 30}, {'source': 67, 'target': 100}, {'source': 68, 'target': 44}, {'source': 69, 'target': 77}, {'source': 70, 'target': 10}, {'source': 70, 'target': 111}, {'source': 70, 'target': 92}, {'source': 71, 'target': 109}, {'source': 71, 'target': 108}, {'source': 72, 'target': 65}, {'source': 74, 'target': 49}, {'source': 75, 'target': 94}, {'source': 76, 'target': 63}, {'source': 76, 'target': 116}, {'source': 78, 'target': 71}, {'source': 79, 'target': 95}, {'source': 79, 'target': 32}, {'source': 82, 'target': 81}, {'source': 83, 'target': 58}, {'source': 83, 'target': 105}, {'source': 85, 'target': 6}, {'source': 87, 'target': 84}, {'source': 88, 'target': 37}, {'source': 89, 'target': 48}, {'source': 89, 'target': 29}, {'source': 92, 'target': 73}, {'source': 92, 'target': 113}, {'source': 95, 'target': 3}, {'source': 96, 'target': 115}, {'source': 98, 'target': 12}, {'source': 98, 'target': 52}, {'source': 98, 'target': 60}, {'source': 101, 'target': 24}, {'source': 101, 'target': 20}, {'source': 102, 'target': 11}, {'source': 102, 'target': 1}, {'source': 103, 'target': 25}, {'source': 103, 'target': 102}, {'source': 103, 'target': 7}, {'source': 104, 'target': 70}, {'source': 105, 'target': 87}, {'source': 106, 'target': 98}, {'source': 106, 'target': 76}, {'source': 107, 'target': 19}, {'source': 108, 'target': 16}, {'source': 108, 'target': 118}, {'source': 109, 'target': 45}, {'source': 111, 'target': 15}, {'source': 112, 'target': 64}, {'source': 112, 'target': 40}, {'source': 113, 'target': 56}, {'source': 114, 'target': 4}, {'source': 115, 'target': 110}, {'source': 115, 'target': 103}, {'source': 116, 'target': 0}, {'source': 116, 'target': 53}, {'source': 116, 'target': 72}, {'source': 117, 'target': 90}, {'source': 117, 'target': 93}, {'source': 117, 'target': 13}, {'source': 117, 'target': 104}]}",10
"{'directed': True, 'multigraph': False, 'graph': {}, 'nodes': [{'id': 0}, {'id': 1}, {'id': 2}, {'id': 3}, {'id': 4}, {'id': 5}, {'id': 6}, {'id': 7}, {'id': 8}, {'id': 9}, {'id': 10}, {'id': 11}, {'id': 12}, {'id': 13}, {'id': 14}, {'id': 15}, {'id': 16}, {'id': 17}, {'id': 18}, {'id': 19}, {'id': 20}, {'id': 21}, {'id': 22}, {'id': 23}, {'id': 24}, {'id': 25}, {'id': 26}, {'id': 27}, {'id': 28}, {'id': 29}, {'id': 30}, {'id': 31}, {'id': 32}, {'id': 33}, {'id': 34}, {'id': 35}, {'id': 36}, {'id': 37}, {'id': 38}, {'id': 39}, {'id': 40}, {'id': 41}, {'id': 42}, {'id': 43}, {'id': 44}, {'id': 45}, {'id': 46}, {'id': 47}, {'id': 48}, {'id': 49}, {'id': 50}, {'id': 51}, {'id': 52}, {'id': 53}, {'id': 54}, {'id': 55}, {'id': 56}, {'id': 57}, {'id': 58}, {'id': 59}, {'id': 60}, {'id': 61}, {'id': 62}, {'id': 63}, {'id': 64}, {'id': 65}, {'id': 66}, {'id': 67}, {'id': 68}, {'id': 69}, {'id': 70}, {'id': 71}, {'id': 72}, {'id': 73}, {'id': 74}, {'id': 75}, {'id': 76}, {'id': 77}, {'id': 78}, {'id': 79}, {'id': 80}, {'id': 81}, {'id': 82}, {'id': 83}, {'id': 84}, {'id': 85}, {'id': 86}, {'id': 87}, {'id': 88}, {'id': 89}, {'id': 90}, {'id': 91}, {'id': 92}, {'id': 93}, {'id': 94}, {'id': 95}, {'id': 96}, {'id': 97}, {'id': 98}, {'id': 99}, {'id': 100}, {'id': 101}, {'id': 102}, {'id': 103}, {'id': 104}, {'id': 105}, {'id': 106}, {'id': 107}, {'id': 108}, {'id': 109}, {'id': 110}, {'id': 111}, {'id': 112}, {'id': 113}, {'id': 114}, {'id': 115}, {'id': 116}, {'id': 117}, {'id': 118}, {'id': 119}], 'links': [{'source': 0, 'target': 1}, {'source': 0, 'target': 89}, {'source': 0, 'target': 54}, {'source': 2, 'target': 25}, {'source': 3, 'target': 94}, {'source': 4, 'target': 7}, {'source': 5, 'target': 14}, {'source': 5, 'target': 80}, {'source': 6, 'target': 21}, {'source': 6, 'target': 115}, {'source': 6, 'target': 118}, {'source': 7, 'target': 55}, {'source': 7, 'target': 64}, {'source': 8, 'target': 24}, {'source': 13, 'target': 17}, {'source': 16, 'target': 36}, {'source': 16, 'target': 2}, {'source': 18, 'target': 61}, {'source': 18, 'target': 53}, {'source': 19, 'target': 10}, {'source': 19, 'target': 38}, {'source': 21, 'target': 31}, {'source': 22, 'target': 20}, {'source': 22, 'target': 18}, {'source': 24, 'target': 42}, {'source': 25, 'target': 114}, {'source': 28, 'target': 52}, {'source': 28, 'target': 39}, {'source': 28, 'target': 87}, {'source': 29, 'target': 19}, {'source': 29, 'target': 51}, {'source': 30, 'target': 86}, {'source': 33, 'target': 13}, {'source': 34, 'target': 66}, {'source': 35, 'target': 67}, {'source': 36, 'target': 43}, {'source': 38, 'target': 37}, {'source': 38, 'target': 103}, {'source': 39, 'target': 49}, {'source': 39, 'target': 82}, {'source': 42, 'target': 109}, {'source': 44, 'target': 60}, {'source': 44, 'target': 78}, {'source': 45, 'target': 81}, {'source': 47, 'target': 56}, {'source': 48, 'target': 47}, {'source': 48, 'target': 100}, {'source': 51, 'target': 74}, {'source': 52, 'target': 34}, {'source': 53, 'target': 26}, {'source': 53, 'target': 98}, {'source': 53, 'target': 65}, {'source': 54, 'target': 45}, {'source': 54, 'target': 90}, {'source': 54, 'target': 119}, {'source': 58, 'target': 99}, {'source': 59, 'target': 108}, {'source': 61, 'target': 5}, {'source': 61, 'target': 105}, {'source': 63, 'target': 73}, {'source': 63, 'target': 3}, {'source': 64, 'target': 83}, {'source': 65, 'target': 106}, {'source': 65, 'target': 85}, {'source': 67, 'target': 12}, {'source': 68, 'target': 92}, {'source': 71, 'target': 88}, {'source': 71, 'target': 16}, {'source': 72, 'target': 84}, {'source': 72, 'target': 112}, {'source': 74, 'target': 71}, {'source': 75, 'target': 113}, {'source': 76, 'target': 44}, {'source': 78, 'target': 46}, {'source': 79, 'target': 11}, {'source': 79, 'target': 70}, {'source': 79, 'target': 30}, {'source': 80, 'target': 23}, {'source': 80, 'target': 102}, {'source': 83, 'target': 28}, {'source': 84, 'target': 111}, {'source': 85, 'target': 0}, {'source': 86, 'target': 33}, {'source': 86, 'target': 41}, {'source': 86, 'target': 75}, {'source': 86, 'target': 68}, {'source': 87, 'target': 91}, {'source': 92, 'target': 96}, {'source': 92, 'target': 107}, {'source': 93, 'target': 50}, {'source': 96, 'target': 35}, {'source': 96, 'target': 97}, {'source': 98, 'target': 4}, {'source': 98, 'target': 72}, {'source': 98, 'target': 101}, {'source': 99, 'target': 77}, {'source': 100, 'target': 9}, {'source': 100, 'target': 117}, {'source': 101, 'target': 48}, {'source': 102, 'target': 69}, {'source': 103, 'target': 40}, {'source': 104, 'target': 110}, {'source': 107, 'target': 95}, {'source': 107, 'target': 59}, {'source': 108, 'target': 58}, {'source': 108, 'target': 6}, {'source': 108, 'target': 8}, {'source': 109, 'target': 22}, {'source': 111, 'target': 104}, {'source': 113, 'target': 93}, {'source': 113, 'target': 63}, {'source': 114, 'target': 116}, {'source': 115, 'target': 15}, {'source': 115, 'target': 62}, {'source': 115, 'target': 76}, {'source': 117, 'target': 27}, {'source': 118, 'target': 57}, {'source': 119, 'target': 32}, {'source': 119, 'target': 29}]}",10
"{'directed': True, 'multigraph': False, 'graph': {}, 'nodes': [{'id': 0}, {'id': 1}, {'id': 2}, {'id': 3}, {'id': 4}, {'id': 5}, {'id': 6}, {'id': 7}, {'id': 8}, {'id': 9}, {'id': 10}, {'id': 11}, {'id': 12}, {'id': 13}, {'id': 14}, {'id': 15}, {'id': 16}, {'id': 17}, {'id': 18}, {'id': 19}, {'id': 20}, {'id': 21}, {'id': 22}, {'id': 23}, {'id': 24}, {'id': 25}, {'id': 26}, {'id': 27}, {'id': 28}, {'id': 29}, {'id': 30}, {'id': 31}, {'id': 32}, {'id': 33}, {'id': 34}, {'id': 35}, {'id': 36}, {'id': 37}, {'id': 38}, {'id': 39}, {'id': 40}, {'id': 41}, {'id': 42}, {'id': 43}, {'id': 44}, {'id': 45}, {'id': 46}, {'id': 47}, {'id': 48}, {'id': 49}, {'id': 50}, {'id': 51}, {'id': 52}, {'id': 53}, {'id': 54}, {'id': 55}, {'id': 56}, {'id': 57}, {'id': 58}, {'id': 59}, {'id': 60}, {'id': 61}, {'id': 62}, {'id': 63}, {'id': 64}, {'id': 65}, {'id': 66}, {'id': 67}, {'id': 68}, {'id': 69}, {'id': 70}, {'id': 71}, {'id': 72}, {'id': 73}, {'id': 74}, {'id': 75}, {'id': 76}, {'id': 77}, {'id': 78}, {'id': 79}, {'id': 80}, {'id': 81}, {'id': 82}, {'id': 83}, {'id': 84}, {'id': 85}, {'id': 86}, {'id': 87}, {'id': 88}, {'id': 89}, {'id': 90}, {'id': 91}, {'id': 92}, {'id': 93}, {'id': 94}, {'id': 95}, {'id': 96}, {'id': 97}, {'id': 98}, {'id': 99}, {'id': 100}, {'id': 101}, {'id': 102}, {'id': 103}, {'id': 104}, {'id': 105}, {'id': 106}, {'id': 107}, {'id': 108}, {'id': 109}, {'id': 110}, {'id': 111}, {'id': 112}, {'id': 113}, {'id': 114}, {'id': 115}, {'id': 116}, {'id': 117}, {'id': 118}, {'id': 119}], 'links': [{'source': 2, 'target': 5}, {'source': 3, 'target': 63}, {'source': 3, 'target': 75}, {'source': 4, 'target': 61}, {'source': 4, 'target': 31}, {'source': 5, 'target': 111}, {'source': 6, 'target': 85}, {'source': 6, 'target': 109}, {'source': 8, 'target': 101}, {'source': 9, 'target': 69}, {'source': 10, 'target': 82}, {'source': 11, 'target': 0}, {'source': 12, 'target': 73}, {'source': 12, 'target': 95}, {'source': 13, 'target': 38}, {'source': 13, 'target': 15}, {'source': 13, 'target': 55}, {'source': 15, 'target': 91}, {'source': 18, 'target': 4}, {'source': 18, 'target': 115}, {'source': 21, 'target': 47}, {'source': 21, 'target': 89}, {'source': 21, 'target': 8}, {'source': 23, 'target': 11}, {'source': 23, 'target': 48}, {'source': 23, 'target': 104}, {'source': 23, 'target': 78}, {'source': 23, 'target': 18}, {'source': 28, 'target': 88}, {'source': 29, 'target': 60}, {'source': 30, 'target': 1}, {'source': 30, 'target': 12}, {'source': 31, 'target': 50}, {'source': 32, 'target': 102}, {'source': 33, 'target': 71}, {'source': 33, 'target': 40}, {'source': 34, 'target': 51}, {'source': 34, 'target': 52}, {'source': 36, 'target': 46}, {'source': 37, 'target': 56}, {'source': 37, 'target': 53}, {'source': 39, 'target': 57}, {'source': 40, 'target': 105}, {'source': 41, 'target': 16}, {'source': 41, 'target': 64}, {'source': 41, 'target': 96}, {'source': 42, 'target': 90}, {'source': 48, 'target': 72}, {'source': 50, 'target': 19}, {'source': 50, 'target': 77}, {'source': 52, 'target': 67}, {'source': 53, 'target': 93}, {'source': 55, 'target': 44}, {'source': 55, 'target': 62}, {'source': 56, 'target': 41}, {'source': 57, 'target': 30}, {'source': 57, 'target': 21}, {'source': 57, 'target': 112}, {'source': 58, 'target': 6}, {'source': 61, 'target': 25}, {'source': 62, 'target': 33}, {'source': 64, 'target': 3}, {'source': 65, 'target': 34}, {'source': 66, 'target': 65}, {'source': 66, 'target': 42}, {'source': 68, 'target': 45}, {'source': 68, 'target': 36}, {'source': 68, 'target': 84}, {'source': 68, 'target': 99}, {'source': 69, 'target': 74}, {'source': 69, 'target': 58}, {'source': 70, 'target': 81}, {'source': 70, 'target': 28}, {'source': 73, 'target': 17}, {'source': 74, 'target': 22}, {'source': 74, 'target': 54}, {'source': 75, 'target': 106}, {'source': 77, 'target': 76}, {'source': 77, 'target': 83}, {'source': 77, 'target': 87}, {'source': 77, 'target': 10}, {'source': 77, 'target': 66}, {'source': 77, 'target': 116}, {'source': 78, 'target': 108}, {'source': 79, 'target': 7}, {'source': 80, 'target': 35}, {'source': 80, 'target': 59}, {'source': 80, 'target': 113}, {'source': 82, 'target': 29}, {'source': 82, 'target': 70}, {'source': 85, 'target': 27}, {'source': 86, 'target': 68}, {'source': 93, 'target': 13}, {'source': 93, 'target': 118}, {'source': 94, 'target': 37}, {'source': 96, 'target': 24}, {'source': 96, 'target': 26}, {'source': 96, 'target': 80}, {'source': 97, 'target': 9}, {'source': 98, 'target': 79}, {'source': 100, 'target': 14}, {'source': 101, 'target': 20}, {'source': 109, 'target': 119}, {'source': 110, 'target': 94}, {'source': 111, 'target': 107}, {'source': 111, 'target': 117}, {'source': 112, 'target': 92}, {'source': 113, 'target': 49}, {'source': 113, 'target': 100}, {'source': 114, 'target': 23}, {'source': 115, 'target': 2}, {'source': 116, 'target': 43}, {'source': 117, 'target': 98}, {'source': 117, 'target': 103}, {'source': 117, 'target': 97}, {'source': 118, 'target': 39}, {'source': 118, 'target': 114}, {'source': 119, 'target': 86}, {'source': 119, 'target': 32}]}",50
"{'directed': True, 'multigraph': False, 'graph': {}, 'nodes': [{'id': 0}, {'id': 1}, {'id': 2}, {'id': 3}, {'id': 4}, {'id': 5}, {'id': 6}, {'id': 7}, {'id': 8}, {'id': 9}, {'id': 10}, {'id': 11}, {'id': 12}, {'id': 13}, {'id': 14}, {'id': 15}, {'id': 16}, {'id': 17}, {'id': 18}, {'id': 19}, {'id': 20}, {'id': 21}, {'id': 22}, {'id': 23}, {'id': 24}, {'id': 25}, {'id': 26}, {'id': 27}, {'id': 28}, {'id': 29}, {'id': 30}, {'id': 31}, {'id': 32}, {'id': 33}, {'id': 34}, {'id': 35}, {'id': 36}, {'id': 37}, {'id': 38}, {'id': 39}, {'id': 40}, {'id': 41}, {'id': 42}, {'id': 43}, {'id': 44}, {'id': 45}, {'id': 46}, {'id': 47}, {'id': 48}, {'id': 49}, {'id': 50}, {'id': 51}, {'id': 52}, {'id': 53}, {'id': 54}, {'id': 55}, {'id': 56}, {'id': 57}, {'id': 58}, {'id': 59}, {'id': 60}, {'id': 61}, {'id': 62}, {'id': 63}, {'id': 64}, {'id': 65}, {'id': 66}, {'id': 67}, {'id': 68}, {'id': 69}, {'id': 70}, {'id': 71}, {'id': 72}, {'id': 73}, {'id': 74}, {'id': 75}, {'id': 76}, {'id': 77}, {'id': 78}, {'id': 79}, {'id': 80}, {'id': 81}, {'id': 82}, {'id': 83}, {'id': 84}, {'id': 85}, {'id': 86}, {'id': 87}, {'id': 88}, {'id': 89}, {'id': 90}, {'id': 91}, {'id': 92}, {'id': 93}, {'id': 94}, {'id': 95}, {'id': 96}, {'id': 97}, {'id': 98}, {'id': 99}, {'id': 100}, {'id': 101}, {'id': 102}, {'id': 103}, {'id': 104}, {'id': 105}, {'id': 106}, {'id': 107}, {'id': 108}, {'id': 109}, {'id': 110}, {'id': 111}, {'id': 112}, {'id': 113}, {'id': 114}, {'id': 115}, {'id': 116}, {'id': 117}, {'id': 118}, {'id': 119}], 'links': [{'source': 1, 'target': 73}, {'source': 1, 'target': 102}, {'source': 2, 'target': 69}, {'source': 4, 'target': 20}, {'source': 4, 'target': 85}, {'source': 4, 'target': 79}, {'source': 5, 'target': 55}, {'source': 7, 'target': 82}, {'source': 8, 'target': 4}, {'source': 10, 'target': 23}, {'source': 13, 'target': 40}, {'source': 13, 'target': 62}, {'source': 16, 'target': 81}, {'source': 16, 'target': 110}, {'source': 16, 'target': 112}, {'source': 17, 'target': 19}, {'source': 17, 'target': 111}, {'source': 18, 'target': 109}, {'source': 21, 'target': 50}, {'source': 21, 'target': 104}, {'source': 24, 'target': 56}, {'source': 24, 'target': 105}, {'source': 25, 'target': 30}, {'source': 26, 'target': 21}, {'source': 28, 'target': 35}, {'source': 28, 'target': 103}, {'source': 30, 'target': 22}, {'source': 31, 'target': 94}, {'source': 31, 'target': 8}, {'source': 33, 'target': 93}, {'source': 33, 'target': 80}, {'source': 34, 'target': 33}, {'source': 36, 'target': 98}, {'source': 37, 'target': 72}, {'source': 43, 'target': 28}, {'source': 44, 'target': 2}, {'source': 44, 'target': 88}, {'source': 45, 'target': 27}, {'source': 45, 'target': 90}, {'source': 46, 'target': 16}, {'source': 46, 'target': 87}, {'source': 47, 'target': 100}, {'source': 48, 'target': 91}, {'source': 50, 'target': 10}, {'source': 50, 'target': 107}, {'source': 51, 'target': 71}, {'source': 53, 'target': 46}, {'source': 54, 'target': 108}, {'source': 57, 'target': 67}, {'source': 57, 'target': 106}, {'source': 58, 'target': 15}, {'source': 59, 'target': 86}, {'source': 59, 'target': 61}, {'source': 60, 'target': 47}, {'source': 61, 'target': 70}, {'source': 62, 'target': 99}, {'source': 63, 'target': 66}, {'source': 64, 'target': 12}, {'source': 64, 'target': 96}, {'source': 65, 'target': 6}, {'source': 65, 'target': 41}, {'source': 65, 'target': 48}, {'source': 65, 'target': 53}, {'source': 67, 'target': 78}, {'source': 67, 'target': 24}, {'source': 68, 'target': 52}, {'source': 69, 'target': 11}, {'source': 70, 'target': 31}, {'source': 71, 'target': 97}, {'source': 71, 'target': 45}, {'source': 72, 'target': 42}, {'source': 74, 'target': 3}, {'source': 74, 'target': 25}, {'source': 74, 'target': 115}, {'source': 74, 'target': 118}, {'source': 75, 'target': 34}, {'source': 77, 'target': 113}, {'source': 79, 'target': 84}, {'source': 80, 'target': 51}, {'source': 82, 'target': 58}, {'source': 82, 'target': 119}, {'source': 84, 'target': 5}, {'source': 84, 'target': 114}, {'source': 85, 'target': 14}, {'source': 86, 'target': 76}, {'source': 87, 'target': 0}, {'source': 87, 'target': 32}, {'source': 87, 'target': 74}, {'source': 89, 'target': 39}, {'source': 89, 'target': 116}, {'source': 89, 'target': 92}, {'source': 90, 'target': 36}, {'source': 91, 'target': 44}, {'source': 92, 'target': 54}, {'source': 94, 'target': 38}, {'source': 94, 'target': 64}, {'source': 95, 'target': 68}, {'source': 95, 'target': 57}, {'source': 98, 'target': 1}, {'source': 99, 'target': 95}, {'source': 102, 'target': 13}, {'source': 104, 'target': 49}, {'source': 104, 'target': 17}, {'source': 106, 'target': 26}, {'source': 108, 'target': 7}, {'source': 109, 'target': 63}, {'source': 110, 'target': 29}, {'source': 111, 'target': 37}, {'source': 111, 'target': 18}, {'source': 112, 'target': 9}, {'source': 112, 'target': 43}, {'source': 113, 'target': 75}, {'source': 113, 'target': 117}, {'source': 114, 'target': 60}, {'source': 115, 'target': 77}, {'source': 116, 'target': 65}, {'source': 117, 'target': 83}, {'source': 117, 'target': 101}, {'source': 118, 'target': 59}]}",50
"{'directed': True, 'multigraph': False, 'graph': {}, 'nodes': [{'id': 0}, {'id': 1}, {'id': 2}, {'id': 3}, {'id': 4}, {'id': 5}, {'id': 6}, {'id': 7}, {'id': 8}, {'id': 9}, {'id': 10}, {'id': 11}, {'id': 12}, {'id': 13}, {'id': 14}, {'id': 15}, {'id': 16}, {'id': 17}, {'id': 18}, {'id': 19}, {'id': 20}, {'id': 21}, {'id': 22}, {'id': 23}, {'id': 24}, {'id': 25}, {'id': 26}, {'id': 27}, {'id': 28}, {'id': 29}, {'id': 30}, {'id': 31}, {'id': 32}, {'id': 33}, {'id': 34}, {'id': 35}, {'id': 36}, {'id': 37}, {'id': 38}, {'id': 39}, {'id': 40}, {'id': 41}, {'id': 42}, {'id': 43}, {'id': 44}, {'id': 45}, {'id': 46}, {'id': 47}, {'id': 48}, {'id': 49}, {'id': 50}, {'id': 51}, {'id': 52}, {'id': 53}, {'id': 54}, {'id': 55}, {'id': 56}, {'id': 57}, {'id': 58}, {'id': 59}, {'id': 60}, {'id': 61}, {'id': 62}, {'id': 63}, {'id': 64}, {'id': 65}, {'id': 66}, {'id': 67}, {'id': 68}, {'id': 69}, {'id': 70}, {'id': 71}, {'id': 72}, {'id': 73}, {'id': 74}, {'id': 75}, {'id': 76}, {'id': 77}, {'id': 78}, {'id': 79}, {'id': 80}, {'id': 81}, {'id': 82}, {'id': 83}, {'id': 84}, {'id': 85}, {'id': 86}, {'id': 87}, {'id': 88}, {'id': 89}, {'id': 90}, {'id': 91}, {'id': 92}, {'id': 93}, {'id': 94}, {'id': 95}, {'id': 96}, {'id': 97}, {'id': 98}, {'id': 99}, {'id': 100}, {'id': 101}, {'id': 102}, {'id': 103}, {'id': 104}, {'id': 105}, {'id': 106}, {'id': 107}, {'id': 108}, {'id': 109}, {'id': 110}, {'id': 111}, {'id': 112}, {'id': 113}, {'id': 114}, {'id': 115}, {'id': 116}, {'id': 117}, {'id': 118}, {'id': 119}], 'links': [{'source': 0, 'target': 73}, {'source': 1, 'target': 58}, {'source': 2, 'target': 61}, {'source': 3, 'target': 98}, {'source': 7, 'target': 2}, {'source': 7, 'target': 100}, {'source': 7, 'target': 91}, {'source': 8, 'target': 33}, {'source': 9, 'target': 93}, {'source': 9, 'target': 76}, {'source': 11, 'target': 23}, {'source': 14, 'target': 25}, {'source': 17, 'target': 41}, {'source': 17, 'target': 3}, {'source': 17, 'target': 84}, {'source': 19, 'target': 32}, {'source': 21, 'target': 68}, {'source': 22, 'target': 27}, {'source': 24, 'target': 15}, {'source': 26, 'target': 87}, {'source': 26, 'target': 69}, {'source': 27, 'target': 78}, {'source': 29, 'target': 36}, {'source': 29, 'target': 99}, {'source': 29, 'target': 108}, {'source': 31, 'target': 4}, {'source': 31, 'target': 8}, {'source': 32, 'target': 88}, {'source': 32, 'target': 101}, {'source': 33, 'target': 118}, {'source': 35, 'target': 45}, {'source': 36, 'target': 52}, {'source': 36, 'target': 56}, {'source': 36, 'target': 82}, {'source': 37, 'target': 13}, {'source': 38, 'target': 29}, {'source': 39, 'target': 54}, {'source': 39, 'target': 62}, {'source': 42, 'target': 24}, {'source': 42, 'target': 38}, {'source': 43, 'target': 115}, {'source': 43, 'target': 119}, {'source': 44, 'target': 30}, {'source': 44, 'target': 97}, {'source': 44, 'target': 104}, {'source': 45, 'target': 19}, {'source': 46, 'target': 53}, {'source': 46, 'target': 102}, {'source': 47, 'target': 79}, {'source': 48, 'target': 26}, {'source': 49, 'target': 63}, {'source': 49, 'target': 114}, {'source': 51, 'target': 80}, {'source': 55, 'target': 40}, {'source': 55, 'target': 67}, {'source': 56, 'target': 72}, {'source': 57, 'target': 6}, {'source': 59, 'target': 50}, {'source': 60, 'target': 92}, {'source': 62, 'target': 65}, {'source': 64, 'target': 96}, {'source': 64, 'target': 90}, {'source': 65, 'target': 49}, {'source': 66, 'target': 60}, {'source': 66, 'target': 113}, {'source': 67, 'target': 1}, {'source': 69, 'target': 103}, {'source': 71, 'target': 34}, {'source': 73, 'target': 5}, {'source': 73, 'target': 111}, {'source': 73, 'target': 117}, {'source': 73, 'target': 42}, {'source': 74, 'target': 44}, {'source': 75, 'target': 28}, {'source': 76, 'target': 48}, {'source': 77, 'target': 109}, {'source': 78, 'target': 83}, {'source': 78, 'target': 31}, {'source': 81, 'target': 47}, {'source': 83, 'target': 75}, {'source': 84, 'target': 11}, {'source': 84, 'target': 85}, {'source': 85, 'target': 116}, {'source': 88, 'target': 95}, {'source': 90, 'target': 14}, {'source': 90, 'target': 0}, {'source': 90, 'target': 35}, {'source': 91, 'target': 18}, {'source': 91, 'target': 89}, {'source': 91, 'target': 17}, {'source': 92, 'target': 20}, {'source': 95, 'target': 10}, {'source': 96, 'target': 105}, {'source': 97, 'target': 107}, {'source': 98, 'target': 86}, {'source': 100, 'target': 112}, {'source': 101, 'target': 21}, {'source': 101, 'target': 66}, {'source': 101, 'target': 43}, {'source': 103, 'target': 46}, {'source': 103, 'target': 7}, {'source': 104, 'target': 55}, {'source': 104, 'target': 77}, {'source': 106, 'target': 51}, {'source': 106, 'target': 94}, {'source': 108, 'target': 39}, {'source': 108, 'target': 110}, {'source': 110, 'target': 12}, {'source': 110, 'target': 22}, {'source': 111, 'target': 74}, {'source': 112, 'target': 57}, {'source': 112, 'target': 81}, {'source': 113, 'target': 106}, {'source': 113, 'target': 9}, {'source': 117, 'target': 16}, {'source': 117, 'target': 37}, {'source': 117, 'target': 71}, {'source': 118, 'target': 59}, {'source': 118, 'target': 70}]}",50
"{'directed': True, 'multigraph': False, 'graph': {}, 'nodes': [{'id': 0}, {'id': 1}, {'id': 2}, {'id': 3}, {'id': 4}, {'id': 5}, {'id': 6}, {'id': 7}, {'id': 8}, {'id': 9}, {'id': 10}, {'id': 11}, {'id': 12}, {'id': 13}, {'id': 14}, {'id': 15}, {'id': 16}, {'id': 17}, {'id': 18}, {'id': 19}, {'id': 20}, {'id': 21}, {'id': 22}, {'id': 23}, {'id': 24}, {'id': 25}, {'id': 26}, {'id': 27}, {'id': 28}, {'id': 29}, {'id': 30}, {'id': 31}, {'id': 32}, {'id': 33}, {'id': 34}, {'id': 35}, {'id': 36}, {'id': 37}, {'id': 38}, {'id': 39}, {'id': 40}, {'id': 41}, {'id': 42}, {'id': 43}, {'id': 44}, {'id': 45}, {'id': 46}, {'id': 47}, {'id': 48}, {'id': 49}, {'id': 50}, {'id': 51}, {'id': 52}, {'id': 53}, {'id': 54}, {'id': 55}, {'id': 56}, {'id': 57}, {'id': 58}, {'id': 59}, {'id': 60}, {'id': 61}, {'id': 62}, {'id': 63}, {'id': 64}, {'id': 65}, {'id': 66}, {'id': 67}, {'id': 68}, {'id': 69}, {'id': 70}, {'id': 71}, {'id': 72}, {'id': 73}, {'id': 74}, {'id': 75}, {'id': 76}, {'id': 77}, {'id': 78}, {'id': 79}, {'id': 80}, {'id': 81}, {'id': 82}, {'id': 83}, {'id': 84}, {'id': 85}, {'id': 86}, {'id': 87}, {'id': 88}, {'id': 89}, {'id': 90}, {'id': 91}, {'id': 92}, {'id': 93}, {'id': 94}, {'id': 95}, {'id': 96}, {'id': 97}, {'id': 98}, {'id': 99}, {'id': 100}, {'id': 101}, {'id': 102}, {'id': 103}, {'id': 104}, {'id': 105}, {'id': 106}, {'id': 107}, {'id': 108}, {'id': 109}, {'id': 110}, {'id': 111}, {'id': 112}, {'id': 113}, {'id': 114}, {'id': 115}, {'id': 116}, {'id': 117}, {'id': 118}, {'id': 119}], 'links': [{'source': 0, 'target': 1}, {'source': 0, 'target': 31}, {'source': 1, 'target': 87}, {'source': 2, 'target': 44}, {'source': 2, 'target': 29}, {'source': 3, 'target': 90}, {'source': 4, 'target': 106}, {'source': 4, 'target': 11}, {'source': 7, 'target': 89}, {'source': 7, 'target': 114}, {'source': 8, 'target': 19}, {'source': 8, 'target': 74}, {'source': 10, 'target': 6}, {'source': 10, 'target': 80}, {'source': 11, 'target': 38}, {'source': 11, 'target': 111}, {'source': 11, 'target': 72}, {'source': 11, 'target': 65}, {'source': 13, 'target': 16}, {'source': 14, 'target': 25}, {'source': 15, 'target': 20}, {'source': 15, 'target': 115}, {'source': 16, 'target': 48}, {'source': 16, 'target': 101}, {'source': 21, 'target': 12}, {'source': 22, 'target': 63}, {'source': 23, 'target': 21}, {'source': 23, 'target': 109}, {'source': 25, 'target': 43}, {'source': 27, 'target': 70}, {'source': 27, 'target': 99}, {'source': 27, 'target': 55}, {'source': 29, 'target': 98}, {'source': 30, 'target': 62}, {'source': 30, 'target': 51}, {'source': 31, 'target': 91}, {'source': 31, 'target': 96}, {'source': 32, 'target': 88}, {'source': 32, 'target': 86}, {'source': 33, 'target': 82}, {'source': 36, 'target': 107}, {'source': 36, 'target': 7}, {'source': 39, 'target': 81}, {'source': 41, 'target': 17}, {'source': 41, 'target': 30}, {'source': 44, 'target': 92}, {'source': 47, 'target': 26}, {'source': 47, 'target': 8}, {'source': 47, 'target': 32}, {'source': 50, 'target': 104}, {'source': 51, 'target': 100}, {'source': 52, 'target': 5}, {'source': 52, 'target': 10}, {'source': 52, 'target': 73}, {'source': 53, 'target': 34}, {'source': 53, 'target': 119}, {'source': 54, 'target': 22}, {'source': 54, 'target': 85}, {'source': 55, 'target': 102}, {'source': 56, 'target': 110}, {'source': 57, 'target': 59}, {'source': 59, 'target': 53}, {'source': 62, 'target': 24}, {'source': 64, 'target': 54}, {'source': 64, 'target': 117}, {'source': 65, 'target': 56}, {'source': 65, 'target': 64}, {'source': 67, 'target': 42}, {'source': 67, 'target': 113}, {'source': 68, 'target': 45}, {'source': 69, 'target': 79}, {'source': 72, 'target': 61}, {'source': 72, 'target': 13}, {'source': 73, 'target': 108}, {'source': 73, 'target': 69}, {'source': 74, 'target': 52}, {'source': 75, 'target': 66}, {'source': 75, 'target': 67}, {'source': 76, 'target': 27}, {'source': 76, 'target': 105}, {'source': 77, 'target': 40}, {'source': 78, 'target': 28}, {'source': 79, 'target': 4}, {'source': 80, 'target': 97}, {'source': 81, 'target': 93}, {'source': 82, 'target': 0}, {'source': 82, 'target': 36}, {'source': 83, 'target': 103}, {'source': 84, 'target': 3}, {'source': 86, 'target': 78}, {'source': 86, 'target': 118}, {'source': 88, 'target': 23}, {'source': 91, 'target': 71}, {'source': 92, 'target': 58}, {'source': 94, 'target': 112}, {'source': 95, 'target': 60}, {'source': 95, 'target': 76}, {'source': 95, 'target': 116}, {'source': 96, 'target': 46}, {'source': 96, 'target': 68}, {'source': 97, 'target': 84}, {'source': 97, 'target': 50}, {'source': 97, 'target': 33}, {'source': 99, 'target': 14}, {'source': 100, 'target': 9}, {'source': 101, 'target': 15}, {'source': 102, 'target': 41}, {'source': 102, 'target': 83}, {'source': 103, 'target': 77}, {'source': 106, 'target': 49}, {'source': 107, 'target': 2}, {'source': 109, 'target': 37}, {'source': 110, 'target': 75}, {'source': 112, 'target': 39}, {'source': 113, 'target': 35}, {'source': 113, 'target': 94}, {'source': 115, 'target': 95}, {'source': 117, 'target': 18}, {'source': 119, 'target': 47}]}",100
"{'directed': True, 'multigraph': False, 'graph': {}, 'nodes': [{'id': 0}, {'id': 1}, {'id': 2}, {'id': 3}, {'id': 4}, {'id': 5}, {'id': 6}, {'id': 7}, {'id': 8}, {'id': 9}, {'id': 10}, {'id': 11}, {'id': 12}, {'id': 13}, {'id': 14}, {'id': 15}, {'id': 16}, {'id': 17}, {'id': 18}, {'id': 19}, {'id': 20}, {'id': 21}, {'id': 22}, {'id': 23}, {'id': 24}, {'id': 25}, {'id': 26}, {'id': 27}, {'id': 28}, {'id': 29}, {'id': 30}, {'id': 31}, {'id': 32}, {'id': 33}, {'id': 34}, {'id': 35}, {'id': 36}, {'id': 37}, {'id': 38}, {'id': 39}, {'id': 40}, {'id': 41}, {'id': 42}, {'id': 43}, {'id': 44}, {'id': 45}, {'id': 46}, {'id': 47}, {'id': 48}, {'id': 49}, {'id': 50}, {'id': 51}, {'id': 52}, {'id': 53}, {'id': 54}, {'id': 55}, {'id': 56}, {'id': 57}, {'id': 58}, {'id': 59}, {'id': 60}, {'id': 61}, {'id': 62}, {'id': 63}, {'id': 64}, {'id': 65}, {'id': 66}, {'id': 67}, {'id': 68}, {'id': 69}, {'id': 70}, {'id': 71}, {'id': 72}, {'id': 73}, {'id': 74}, {'id': 75}, {'id': 76}, {'id': 77}, {'id': 78}, {'id': 79}, {'id': 80}, {'id': 81}, {'id': 82}, {'id': 83}, {'id': 84}, {'id': 85}, {'id': 86}, {'id': 87}, {'id': 88}, {'id': 89}, {'id': 90}, {'id': 91}, {'id': 92}, {'id': 93}, {'id': 94}, {'id': 95}, {'id': 96}, {'id': 97}, {'id': 98}, {'id': 99}, {'id': 100}, {'id': 101}, {'id': 102}, {'id': 103}, {'id': 104}, {'id': 105}, {'id': 106}, {'id': 107}, {'id': 108}, {'id': 109}, {'id': 110}, {'id': 111}, {'id': 112}, {'id': 113}, {'id': 114}, {'id': 115}, {'id': 116}, {'id': 117}, {'id': 118}, {'id': 119}], 'links': [{'source': 0, 'target': 78}, {'source': 0, 'target': 95}, {'source': 0, 'target': 67}, {'source': 2, 'target': 44}, {'source': 2, 'target': 70}, {'source': 2, 'target': 37}, {'source': 4, 'target': 7}, {'source': 6, 'target': 0}, {'source': 7, 'target': 105}, {'source': 8, 'target': 80}, {'source': 8, 'target': 66}, {'source': 9, 'target': 117}, {'source': 10, 'target': 42}, {'source': 10, 'target': 108}, {'source': 11, 'target': 89}, {'source': 13, 'target': 59}, {'source': 13, 'target': 4}, {'source': 16, 'target': 39}, {'source': 17, 'target': 75}, {'source': 18, 'target': 50}, {'source': 18, 'target': 99}, {'source': 20, 'target': 9}, {'source': 21, 'target': 51}, {'source': 23, 'target': 65}, {'source': 24, 'target': 82}, {'source': 24, 'target': 98}, {'source': 26, 'target': 28}, {'source': 26, 'target': 23}, {'source': 29, 'target': 47}, {'source': 30, 'target': 22}, {'source': 30, 'target': 46}, {'source': 33, 'target': 113}, {'source': 34, 'target': 97}, {'source': 35, 'target': 74}, {'source': 35, 'target': 72}, {'source': 36, 'target': 12}, {'source': 36, 'target': 54}, {'source': 36, 'target': 24}, {'source': 36, 'target': 13}, {'source': 36, 'target': 109}, {'source': 36, 'target': 2}, {'source': 37, 'target': 87}, {'source': 39, 'target': 5}, {'source': 39, 'target': 58}, {'source': 40, 'target': 68}, {'source': 40, 'target': 17}, {'source': 40, 'target': 79}, {'source': 43, 'target': 57}, {'source': 43, 'target': 63}, {'source': 49, 'target': 34}, {'source': 50, 'target': 1}, {'source': 51, 'target': 115}, {'source': 53, 'target': 103}, {'source': 55, 'target': 36}, {'source': 57, 'target': 93}, {'source': 60, 'target': 3}, {'source': 61, 'target': 16}, {'source': 62, 'target': 31}, {'source': 62, 'target': 35}, {'source': 63, 'target': 56}, {'source': 63, 'target': 11}, {'source': 63, 'target': 104}, {'source': 65, 'target': 19}, {'source': 65, 'target': 30}, {'source': 66, 'target': 43}, {'source': 67, 'target': 91}, {'source': 67, 'target': 20}, {'source': 69, 'target': 71}, {'source': 69, 'target': 85}, {'source': 70, 'target': 84}, {'source': 72, 'target': 76}, {'source': 72, 'target': 83}, {'source': 72, 'target': 119}, {'source': 73, 'target': 41}, {'source': 73, 'target': 110}, {'source': 74, 'target': 90}, {'source': 76, 'target': 48}, {'source': 76, 'target': 73}, {'source': 77, 'target': 92}, {'source': 77, 'target': 21}, {'source': 79, 'target': 49}, {'source': 79, 'target': 77}, {'source': 79, 'target': 55}, {'source': 81, 'target': 69}, {'source': 81, 'target': 102}, {'source': 82, 'target': 45}, {'source': 83, 'target': 10}, {'source': 83, 'target': 40}, {'source': 84, 'target': 81}, {'source': 84, 'target': 114}, {'source': 86, 'target': 15}, {'source': 87, 'target': 116}, {'source': 88, 'target': 60}, {'source': 89, 'target': 38}, {'source': 91, 'target': 52}, {'source': 92, 'target': 53}, {'source': 94, 'target': 107}, {'source': 95, 'target': 101}, {'source': 97, 'target': 88}, {'source': 99, 'target': 29}, {'source': 101, 'target': 106}, {'source': 104, 'target': 112}, {'source': 104, 'target': 6}, {'source': 105, 'target': 96}, {'source': 106, 'target': 26}, {'source': 106, 'target': 94}, {'source': 108, 'target': 33}, {'source': 112, 'target': 32}, {'source': 112, 'target': 100}, {'source': 113, 'target': 61}, {'source': 113, 'target': 18}, {'source': 114, 'target': 25}, {'source': 114, 'target': 64}, {'source': 115, 'target': 86}, {'source': 115, 'target': 111}, {'source': 116, 'target': 14}, {'source': 116, 'target': 27}, {'source': 117, 'target': 118}, {'source': 118, 'target': 62}]}",100
"{'directed': True, 'multigraph': False, 'graph': {}, 'nodes': [{'id': 0}, {'id': 1}, {'id': 2}, {'id': 3}, {'id': 4}, {'id': 5}, {'id': 6}, {'id': 7}, {'id': 8}, {'id': 9}, {'id': 10}, {'id': 11}, {'id': 12}, {'id': 13}, {'id': 14}, {'id': 15}, {'id': 16}, {'id': 17}, {'id': 18}, {'id': 19}, {'id': 20}, {'id': 21}, {'id': 22}, {'id': 23}, {'id': 24}, {'id': 25}, {'id': 26}, {'id': 27}, {'id': 28}, {'id': 29}, {'id': 30}, {'id': 31}, {'id': 32}, {'id': 33}, {'id': 34}, {'id': 35}, {'id': 36}, {'id': 37}, {'id': 38}, {'id': 39}, {'id': 40}, {'id': 41}, {'id': 42}, {'id': 43}, {'id': 44}, {'id': 45}, {'id': 46}, {'id': 47}, {'id': 48}, {'id': 49}, {'id': 50}, {'id': 51}, {'id': 52}, {'id': 53}, {'id': 54}, {'id': 55}, {'id': 56}, {'id': 57}, {'id': 58}, {'id': 59}, {'id': 60}, {'id': 61}, {'id': 62}, {'id': 63}, {'id': 64}, {'id': 65}, {'id': 66}, {'id': 67}, {'id': 68}, {'id': 69}, {'id': 70}, {'id': 71}, {'id': 72}, {'id': 73}, {'id': 74}, {'id': 75}, {'id': 76}, {'id': 77}, {'id': 78}, {'id': 79}, {'id': 80}, {'id': 81}, {'id': 82}, {'id': 83}, {'id': 84}, {'id': 85}, {'id': 86}, {'id': 87}, {'id': 88}, {'id': 89}, {'id': 90}, {'id': 91}, {'id': 92}, {'id': 93}, {'id': 94}, {'id': 95}, {'id': 96}, {'id': 97}, {'id': 98}, {'id': 99}, {'id': 100}, {'id': 101}, {'id': 102}, {'id': 103}, {'id': 104}, {'id': 105}, {'id': 106}, {'id': 107}, {'id': 108}, {'id': 109}, {'id': 110}, {'id': 111}, {'id': 112}, {'id': 113}, {'id': 114}, {'id': 115}, {'id': 116}, {'id': 117}, {'id': 118}, {'id': 119}], 'links': [{'source': 0, 'target': 18}, {'source': 0, 'target': 42}, {'source': 1, 'target': 61}, {'source': 2, 'target': 85}, {'source': 2, 'target': 49}, {'source': 2, 'target': 112}, {'source': 3, 'target': 73}, {'source': 3, 'target': 71}, {'source': 5, 'target': 22}, {'source': 6, 'target': 16}, {'source': 7, 'target': 40}, {'source': 8, 'target': 106}, {'source': 9, 'target': 25}, {'source': 9, 'target': 118}, {'source': 12, 'target': 89}, {'source': 13, 'target': 0}, {'source': 13, 'target': 93}, {'source': 14, 'target': 88}, {'source': 15, 'target': 87}, {'source': 15, 'target': 103}, {'source': 15, 'target': 113}, {'source': 15, 'target': 119}, {'source': 16, 'target': 108}, {'source': 17, 'target': 4}, {'source': 17, 'target': 80}, {'source': 20, 'target': 37}, {'source': 21, 'target': 79}, {'source': 22, 'target': 66}, {'source': 22, 'target': 68}, {'source': 23, 'target': 11}, {'source': 23, 'target': 52}, {'source': 25, 'target': 59}, {'source': 27, 'target': 58}, {'source': 29, 'target': 44}, {'source': 29, 'target': 75}, {'source': 30, 'target': 24}, {'source': 31, 'target': 82}, {'source': 31, 'target': 21}, {'source': 32, 'target': 54}, {'source': 32, 'target': 114}, {'source': 32, 'target': 45}, {'source': 34, 'target': 81}, {'source': 36, 'target': 28}, {'source': 36, 'target': 34}, {'source': 37, 'target': 95}, {'source': 38, 'target': 47}, {'source': 39, 'target': 26}, {'source': 40, 'target': 92}, {'source': 41, 'target': 23}, {'source': 44, 'target': 35}, {'source': 44, 'target': 51}, {'source': 45, 'target': 9}, {'source': 45, 'target': 117}, {'source': 46, 'target': 74}, {'source': 47, 'target': 57}, {'source': 49, 'target': 7}, {'source': 50, 'target': 10}, {'source': 52, 'target': 17}, {'source': 52, 'target': 15}, {'source': 53, 'target': 62}, {'source': 54, 'target': 69}, {'source': 54, 'target': 94}, {'source': 56, 'target': 63}, {'source': 57, 'target': 97}, {'source': 57, 'target': 101}, {'source': 61, 'target': 19}, {'source': 61, 'target': 33}, {'source': 61, 'target': 5}, {'source': 62, 'target': 20}, {'source': 62, 'target': 13}, {'source': 63, 'target': 1}, {'source': 64, 'target': 104}, {'source': 65, 'target': 111}, {'source': 67, 'target': 3}, {'source': 71, 'target': 91}, {'source': 71, 'target': 107}, {'source': 71, 'target': 86}, {'source': 77, 'target': 30}, {'source': 79, 'target': 84}, {'source': 79, 'target': 32}, {'source': 80, 'target': 70}, {'source': 81, 'target': 43}, {'source': 82, 'target': 56}, {'source': 82, 'target': 12}, {'source': 83, 'target': 6}, {'source': 84, 'target': 38}, {'source': 86, 'target': 46}, {'source': 86, 'target': 41}, {'source': 87, 'target': 72}, {'source': 88, 'target': 109}, {'source': 89, 'target': 90}, {'source': 89, 'target': 100}, {'source': 89, 'target': 105}, {'source': 90, 'target': 39}, {'source': 90, 'target': 60}, {'source': 91, 'target': 98}, {'source': 93, 'target': 78}, {'source': 93, 'target': 110}, {'source': 96, 'target': 27}, {'source': 96, 'target': 36}, {'source': 99, 'target': 29}, {'source': 99, 'target': 116}, {'source': 102, 'target': 64}, {'source': 106, 'target': 67}, {'source': 107, 'target': 76}, {'source': 109, 'target': 99}, {'source': 111, 'target': 55}, {'source': 111, 'target': 102}, {'source': 111, 'target': 53}, {'source': 111, 'target': 2}, {'source': 111, 'target': 31}, {'source': 115, 'target': 8}, {'source': 116, 'target': 48}, {'source': 116, 'target': 77}, {'source': 117, 'target': 96}, {'source': 117, 'target': 115}, {'source': 118, 'target': 50}, {'source': 118, 'target': 14}, {'source': 119, 'target': 83}]}",100
"{'directed': True, 'multigraph': False, 'graph': {}, 'nodes': [{'id': 0}, {'id': 1}, {'id': 2}, {'id': 3}, {'id': 4}, {'id': 5}, {'id': 6}, {'id': 7}, {'id': 8}, {'id': 9}, {'id': 10}, {'id': 11}, {'id': 12}, {'id': 13}, {'id': 14}, {'id': 15}, {'id': 16}, {'id': 17}, {'id': 18}, {'id': 19}, {'id': 20}, {'id': 21}, {'id': 22}, {'id': 23}, {'id': 24}, {'id': 25}, {'id': 26}, {'id': 27}, {'id': 28}, {'id': 29}, {'id': 30}, {'id': 31}, {'id': 32}, {'id': 33}, {'id': 34}, {'id': 35}, {'id': 36}, {'id': 37}, {'id': 38}, {'id': 39}, {'id': 40}, {'id': 41}, {'id': 42}, {'id': 43}, {'id': 44}, {'id': 45}, {'id': 46}, {'id': 47}, {'id': 48}, {'id': 49}, {'id': 50}, {'id': 51}, {'id': 52}, {'id': 53}, {'id': 54}, {'id': 55}, {'id': 56}, {'id': 57}, {'id': 58}, {'id': 59}, {'id': 60}, {'id': 61}, {'id': 62}, {'id': 63}, {'id': 64}, {'id': 65}, {'id': 66}, {'id': 67}, {'id': 68}, {'id': 69}, {'id': 70}, {'id': 71}, {'id': 72}, {'id': 73}, {'id': 74}, {'id': 75}, {'id': 76}, {'id': 77}, {'id': 78}, {'id': 79}, {'id': 80}, {'id': 81}, {'id': 82}, {'id': 83}, {'id': 84}, {'id': 85}, {'id': 86}, {'id': 87}, {'id': 88}, {'id': 89}, {'id': 90}, {'id': 91}, {'id': 92}, {'id': 93}, {'id': 94}, {'id': 95}, {'id': 96}, {'id': 97}, {'id': 98}, {'id': 99}, {'id': 100}, {'id': 101}, {'id': 102}, {'id': 103}, {'id': 104}, {'id': 105}, {'id': 106}, {'id': 107}, {'id': 108}, {'id': 109}, {'id': 110}, {'id': 111}, {'id': 112}, {'id': 113}, {'id': 114}, {'id': 115}, {'id': 116}, {'id': 117}, {'id': 118}, {'id': 119}, {'id': 120}, {'id': 121}, {'id': 122}, {'id': 123}, {'id': 124}, {'id': 125}, {'id': 126}, {'id': 127}, {'id': 128}, {'id': 129}, {'id': 130}, {'id': 131}, {'id': 132}, {'id': 133}, {'id': 134}, {'id': 135}, {'id': 136}, {'id': 137}, {'id': 138}, {'id': 139}, {'id': 140}, {'id': 141}, {'id': 142}, {'id': 143}, {'id': 144}, {'id': 145}, {'id': 146}, {'id': 147}, {'id': 148}, {'id': 149}], 'links': [{'source': 1, 'target': 106}, {'source': 1, 'target': 120}, {'source': 1, 'target': 148}, {'source': 2, 'target': 33}, {'source': 2, 'target': 93}, {'source': 9, 'target': 16}, {'source': 10, 'target': 135}, {'source': 13, 'target': 131}, {'source': 14, 'target': 3}, {'source': 15, 'target': 31}, {'source': 15, 'target': 36}, {'source': 15, 'target': 20}, {'source': 16, 'target': 60}, {'source': 17, 'target': 96}, {'source': 17, 'target': 21}, {'source': 20, 'target': 53}, {'source': 20, 'target': 99}, {'source': 20, 'target': 141}, {'source': 20, 'target': 59}, {'source': 20, 'target': 118}, {'source': 21, 'target': 102}, {'source': 21, 'target': 27}, {'source': 21, 'target': 1}, {'source': 22, 'target': 17}, {'source': 24, 'target': 25}, {'source': 25, 'target': 49}, {'source': 25, 'target': 142}, {'source': 25, 'target': 136}, {'source': 26, 'target': 11}, {'source': 26, 'target': 55}, {'source': 27, 'target': 73}, {'source': 28, 'target': 65}, {'source': 28, 'target': 97}, {'source': 28, 'target': 58}, {'source': 30, 'target': 90}, {'source': 32, 'target': 4}, {'source': 32, 'target': 75}, {'source': 33, 'target': 111}, {'source': 33, 'target': 117}, {'source': 34, 'target': 67}, {'source': 35, 'target': 128}, {'source': 37, 'target': 61}, {'source': 38, 'target': 50}, {'source': 38, 'target': 124}, {'source': 39, 'target': 88}, {'source': 40, 'target': 72}, {'source': 44, 'target': 28}, {'source': 45, 'target': 38}, {'source': 45, 'target': 13}, {'source': 45, 'target': 122}, {'source': 46, 'target': 91}, {'source': 47, 'target': 43}, {'source': 47, 'target': 89}, {'source': 49, 'target': 127}, {'source': 51, 'target': 32}, {'source': 52, 'target': 119}, {'source': 52, 'target': 79}, {'source': 54, 'target': 40}, {'source': 55, 'target': 121}, {'source': 55, 'target': 63}, {'source': 58, 'target': 68}, {'source': 58, 'target': 2}, {'source': 59, 'target': 29}, {'source': 59, 'target': 134}, {'source': 59, 'target': 45}, {'source': 59, 'target': 78}, {'source': 61, 'target': 71}, {'source': 62, 'target': 87}, {'source': 63, 'target': 113}, {'source': 63, 'target': 44}, {'source': 64, 'target': 144}, {'source': 64, 'target': 54}, {'source': 66, 'target': 23}, {'source': 67, 'target': 126}, {'source': 67, 'target': 76}, {'source': 68, 'target': 80}, {'source': 69, 'target': 82}, {'source': 69, 'target': 143}, {'source': 70, 'target': 123}, {'source': 71, 'target': 147}, {'source': 72, 'target': 110}, {'source': 73, 'target': 62}, {'source': 73, 'target': 105}, {'source': 73, 'target': 10}, {'source': 76, 'target': 149}, {'source': 78, 'target': 30}, {'source': 78, 'target': 37}, {'source': 79, 'target': 34}, {'source': 80, 'target': 39}, {'source': 81, 'target': 139}, {'source': 81, 'target': 95}, {'source': 82, 'target': 137}, {'source': 83, 'target': 66}, {'source': 84, 'target': 138}, {'source': 85, 'target': 46}, {'source': 85, 'target': 107}, {'source': 92, 'target': 14}, {'source': 93, 'target': 57}, {'source': 93, 'target': 9}, {'source': 93, 'target': 81}, {'source': 94, 'target': 92}, {'source': 95, 'target': 116}, {'source': 95, 'target': 64}, {'source': 97, 'target': 7}, {'source': 97, 'target': 94}, {'source': 99, 'target': 70}, {'source': 100, 'target': 42}, {'source': 101, 'target': 6}, {'source': 101, 'target': 100}, {'source': 101, 'target': 133}, {'source': 102, 'target': 98}, {'source': 103, 'target': 130}, {'source': 103, 'target': 129}, {'source': 104, 'target': 18}, {'source': 108, 'target': 146}, {'source': 109, 'target': 48}, {'source': 110, 'target': 86}, {'source': 110, 'target': 145}, {'source': 110, 'target': 103}, {'source': 111, 'target': 109}, {'source': 113, 'target': 8}, {'source': 114, 'target': 125}, {'source': 114, 'target': 140}, {'source': 118, 'target': 69}, {'source': 120, 'target': 85}, {'source': 120, 'target': 112}, {'source': 120, 'target': 35}, {'source': 122, 'target': 84}, {'source': 125, 'target': 74}, {'source': 125, 'target': 51}, {'source': 126, 'target': 114}, {'source': 127, 'target': 41}, {'source': 128, 'target': 19}, {'source': 129, 'target': 52}, {'source': 132, 'target': 24}, {'source': 135, 'target': 5}, {'source': 136, 'target': 15}, {'source': 137, 'target': 77}, {'source': 138, 'target': 115}, {'source': 139, 'target': 12}, {'source': 141, 'target': 83}, {'source': 142, 'target': 104}, {'source': 143, 'target': 108}, {'source': 143, 'target': 22}, {'source': 143, 'target': 26}, {'source': 145, 'target': 47}, {'source': 146, 'target': 101}, {'source': 147, 'target': 56}, {'source': 148, 'target': 0}]}",3
"{'directed': True, 'multigraph': False, 'graph': {}, 'nodes': [{'id': 0}, {'id': 1}, {'id': 2}, {'id': 3}, {'id': 4}, {'id': 5}, {'id': 6}, {'id': 7}, {'id': 8}, {'id': 9}, {'id': 10}, {'id': 11}, {'id': 12}, {'id': 13}, {'id': 14}, {'id': 15}, {'id': 16}, {'id': 17}, {'id': 18}, {'id': 19}, {'id': 20}, {'id': 21}, {'id': 22}, {'id': 23}, {'id': 24}, {'id': 25}, {'id': 26}, {'id': 27}, {'id': 28}, {'id': 29}, {'id': 30}, {'id': 31}, {'id': 32}, {'id': 33}, {'id': 34}, {'id': 35}, {'id': 36}, {'id': 37}, {'id': 38}, {'id': 39}, {'id': 40}, {'id': 41}, {'id': 42}, {'id': 43}, {'id': 44}, {'id': 45}, {'id': 46}, {'id': 47}, {'id': 48}, {'id': 49}, {'id': 50}, {'id': 51}, {'id': 52}, {'id': 53}, {'id': 54}, {'id': 55}, {'id': 56}, {'id': 57}, {'id': 58}, {'id': 59}, {'id': 60}, {'id': 61}, {'id': 62}, {'id': 63}, {'id': 64}, {'id': 65}, {'id': 66}, {'id': 67}, {'id': 68}, {'id': 69}, {'id': 70}, {'id': 71}, {'id': 72}, {'id': 73}, {'id': 74}, {'id': 75}, {'id': 76}, {'id': 77}, {'id': 78}, {'id': 79}, {'id': 80}, {'id': 81}, {'id': 82}, {'id': 83}, {'id': 84}, {'id': 85}, {'id': 86}, {'id': 87}, {'id': 88}, {'id': 89}, {'id': 90}, {'id': 91}, {'id': 92}, {'id': 93}, {'id': 94}, {'id': 95}, {'id': 96}, {'id': 97}, {'id': 98}, {'id': 99}, {'id': 100}, {'id': 101}, {'id': 102}, {'id': 103}, {'id': 104}, {'id': 105}, {'id': 106}, {'id': 107}, {'id': 108}, {'id': 109}, {'id': 110}, {'id': 111}, {'id': 112}, {'id': 113}, {'id': 114}, {'id': 115}, {'id': 116}, {'id': 117}, {'id': 118}, {'id': 119}, {'id': 120}, {'id': 121}, {'id': 122}, {'id': 123}, {'id': 124}, {'id': 125}, {'id': 126}, {'id': 127}, {'id': 128}, {'id': 129}, {'id': 130}, {'id': 131}, {'id': 132}, {'id': 133}, {'id': 134}, {'id': 135}, {'id': 136}, {'id': 137}, {'id': 138}, {'id': 139}, {'id': 140}, {'id': 141}, {'id': 142}, {'id': 143}, {'id': 144}, {'id': 145}, {'id': 146}, {'id': 147}, {'id': 148}, {'id': 149}], 'links': [{'source': 1, 'target': 3}, {'source': 1, 'target': 105}, {'source': 4, 'target': 48}, {'source': 4, 'target': 65}, {'source': 5, 'target': 40}, {'source': 7, 'target': 2}, {'source': 7, 'target': 58}, {'source': 8, 'target': 50}, {'source': 8, 'target': 85}, {'source': 9, 'target': 82}, {'source': 11, 'target': 83}, {'source': 12, 'target': 131}, {'source': 14, 'target': 8}, {'source': 15, 'target': 14}, {'source': 16, 'target': 112}, {'source': 17, 'target': 10}, {'source': 17, 'target': 122}, {'source': 18, 'target': 107}, {'source': 20, 'target': 96}, {'source': 23, 'target': 146}, {'source': 24, 'target': 117}, {'source': 24, 'target': 119}, {'source': 25, 'target': 88}, {'source': 31, 'target': 93}, {'source': 31, 'target': 145}, {'source': 32, 'target': 29}, {'source': 33, 'target': 54}, {'source': 33, 'target': 91}, {'source': 34, 'target': 70}, {'source': 34, 'target': 78}, {'source': 35, 'target': 27}, {'source': 35, 'target': 94}, {'source': 35, 'target': 18}, {'source': 35, 'target': 148}, {'source': 37, 'target': 9}, {'source': 39, 'target': 128}, {'source': 41, 'target': 141}, {'source': 42, 'target': 5}, {'source': 43, 'target': 72}, {'source': 43, 'target': 108}, {'source': 43, 'target': 68}, {'source': 44, 'target': 63}, {'source': 45, 'target': 36}, {'source': 45, 'target': 84}, {'source': 49, 'target': 60}, {'source': 49, 'target': 12}, {'source': 50, 'target': 42}, {'source': 50, 'target': 110}, {'source': 51, 'target': 16}, {'source': 51, 'target': 124}, {'source': 52, 'target': 142}, {'source': 53, 'target': 45}, {'source': 53, 'target': 37}, {'source': 54, 'target': 59}, {'source': 55, 'target': 38}, {'source': 58, 'target': 21}, {'source': 58, 'target': 67}, {'source': 58, 'target': 95}, {'source': 58, 'target': 89}, {'source': 58, 'target': 102}, {'source': 59, 'target': 66}, {'source': 59, 'target': 144}, {'source': 61, 'target': 69}, {'source': 62, 'target': 98}, {'source': 63, 'target': 6}, {'source': 63, 'target': 81}, {'source': 64, 'target': 28}, {'source': 64, 'target': 90}, {'source': 68, 'target': 39}, {'source': 69, 'target': 52}, {'source': 69, 'target': 75}, {'source': 70, 'target': 13}, {'source': 71, 'target': 57}, {'source': 72, 'target': 127}, {'source': 75, 'target': 80}, {'source': 76, 'target': 46}, {'source': 80, 'target': 125}, {'source': 80, 'target': 31}, {'source': 82, 'target': 23}, {'source': 83, 'target': 138}, {'source': 84, 'target': 137}, {'source': 85, 'target': 136}, {'source': 86, 'target': 53}, {'source': 87, 'target': 47}, {'source': 87, 'target': 51}, {'source': 88, 'target': 24}, {'source': 89, 'target': 130}, {'source': 90, 'target': 73}, {'source': 91, 'target': 143}, {'source': 92, 'target': 1}, {'source': 93, 'target': 30}, {'source': 93, 'target': 15}, {'source': 97, 'target': 0}, {'source': 97, 'target': 4}, {'source': 98, 'target': 118}, {'source': 100, 'target': 92}, {'source': 102, 'target': 62}, {'source': 102, 'target': 114}, {'source': 102, 'target': 100}, {'source': 104, 'target': 44}, {'source': 105, 'target': 139}, {'source': 105, 'target': 25}, {'source': 107, 'target': 76}, {'source': 107, 'target': 101}, {'source': 108, 'target': 41}, {'source': 109, 'target': 32}, {'source': 111, 'target': 22}, {'source': 111, 'target': 104}, {'source': 112, 'target': 56}, {'source': 112, 'target': 17}, {'source': 113, 'target': 64}, {'source': 113, 'target': 116}, {'source': 114, 'target': 55}, {'source': 114, 'target': 99}, {'source': 114, 'target': 35}, {'source': 115, 'target': 126}, {'source': 116, 'target': 77}, {'source': 117, 'target': 26}, {'source': 117, 'target': 86}, {'source': 118, 'target': 103}, {'source': 118, 'target': 123}, {'source': 119, 'target': 149}, {'source': 120, 'target': 106}, {'source': 120, 'target': 49}, {'source': 123, 'target': 20}, {'source': 125, 'target': 109}, {'source': 126, 'target': 11}, {'source': 128, 'target': 74}, {'source': 128, 'target': 115}, {'source': 128, 'target': 7}, {'source': 131, 'target': 19}, {'source': 131, 'target': 129}, {'source': 131, 'target': 61}, {'source': 132, 'target': 87}, {'source': 132, 'target': 43}, {'source': 133, 'target': 34}, {'source': 138, 'target': 135}, {'source': 139, 'target': 120}, {'source': 141, 'target': 97}, {'source': 141, 'target': 113}, {'source': 142, 'target': 71}, {'source': 143, 'target': 132}, {'source': 144, 'target': 121}, {'source': 145, 'target': 134}, {'source': 146, 'target': 111}, {'source': 148, 'target': 140}, {'source': 149, 'target': 79}, {'source': 149, 'target': 133}, {'source': 149, 'target': 147}]}",3
"{'directed': True, 'multigraph': False, 'graph': {}, 'nodes': [{'id': 0}, {'id': 1}, {'id': 2}, {'id': 3}, {'id': 4}, {'id': 5}, {'id': 6}, {'id': 7}, {'id': 8}, {'id': 9}, {'id': 10}, {'id': 11}, {'id': 12}, {'id': 13}, {'id': 14}, {'id': 15}, {'id': 16}, {'id': 17}, {'id': 18}, {'id': 19}, {'id': 20}, {'id': 21}, {'id': 22}, {'id': 23}, {'id': 24}, {'id': 25}, {'id': 26}, {'id': 27}, {'id': 28}, {'id': 29}, {'id': 30}, {'id': 31}, {'id': 32}, {'id': 33}, {'id': 34}, {'id': 35}, {'id': 36}, {'id': 37}, {'id': 38}, {'id': 39}, {'id': 40}, {'id': 41}, {'id': 42}, {'id': 43}, {'id': 44}, {'id': 45}, {'id': 46}, {'id': 47}, {'id': 48}, {'id': 49}, {'id': 50}, {'id': 51}, {'id': 52}, {'id': 53}, {'id': 54}, {'id': 55}, {'id': 56}, {'id': 57}, {'id': 58}, {'id': 59}, {'id': 60}, {'id': 61}, {'id': 62}, {'id': 63}, {'id': 64}, {'id': 65}, {'id': 66}, {'id': 67}, {'id': 68}, {'id': 69}, {'id': 70}, {'id': 71}, {'id': 72}, {'id': 73}, {'id': 74}, {'id': 75}, {'id': 76}, {'id': 77}, {'id': 78}, {'id': 79}, {'id': 80}, {'id': 81}, {'id': 82}, {'id': 83}, {'id': 84}, {'id': 85}, {'id': 86}, {'id': 87}, {'id': 88}, {'id': 89}, {'id': 90}, {'id': 91}, {'id': 92}, {'id': 93}, {'id': 94}, {'id': 95}, {'id': 96}, {'id': 97}, {'id': 98}, {'id': 99}, {'id': 100}, {'id': 101}, {'id': 102}, {'id': 103}, {'id': 104}, {'id': 105}, {'id': 106}, {'id': 107}, {'id': 108}, {'id': 109}, {'id': 110}, {'id': 111}, {'id': 112}, {'id': 113}, {'id': 114}, {'id': 115}, {'id': 116}, {'id': 117}, {'id': 118}, {'id': 119}, {'id': 120}, {'id': 121}, {'id': 122}, {'id': 123}, {'id': 124}, {'id': 125}, {'id': 126}, {'id': 127}, {'id': 128}, {'id': 129}, {'id': 130}, {'id': 131}, {'id': 132}, {'id': 133}, {'id': 134}, {'id': 135}, {'id': 136}, {'id': 137}, {'id': 138}, {'id': 139}, {'id': 140}, {'id': 141}, {'id': 142}, {'id': 143}, {'id': 144}, {'id': 145}, {'id': 146}, {'id': 147}, {'id': 148}, {'id': 149}], 'links': [{'source': 0, 'target': 76}, {'source': 1, 'target': 0}, {'source': 1, 'target': 88}, {'source': 2, 'target': 35}, {'source': 4, 'target': 113}, {'source': 5, 'target': 110}, {'source': 5, 'target': 98}, {'source': 6, 'target': 30}, {'source': 8, 'target': 25}, {'source': 12, 'target': 74}, {'source': 13, 'target': 133}, {'source': 14, 'target': 28}, {'source': 19, 'target': 26}, {'source': 20, 'target': 123}, {'source': 23, 'target': 106}, {'source': 24, 'target': 103}, {'source': 25, 'target': 47}, {'source': 26, 'target': 95}, {'source': 26, 'target': 42}, {'source': 26, 'target': 39}, {'source': 26, 'target': 23}, {'source': 29, 'target': 16}, {'source': 29, 'target': 55}, {'source': 30, 'target': 73}, {'source': 31, 'target': 104}, {'source': 31, 'target': 63}, {'source': 32, 'target': 45}, {'source': 32, 'target': 66}, {'source': 33, 'target': 40}, {'source': 36, 'target': 147}, {'source': 39, 'target': 100}, {'source': 41, 'target': 53}, {'source': 42, 'target': 80}, {'source': 43, 'target': 14}, {'source': 43, 'target': 84}, {'source': 44, 'target': 125}, {'source': 45, 'target': 38}, {'source': 45, 'target': 96}, {'source': 47, 'target': 24}, {'source': 48, 'target': 41}, {'source': 50, 'target': 7}, {'source': 51, 'target': 37}, {'source': 51, 'target': 75}, {'source': 51, 'target': 20}, {'source': 51, 'target': 64}, {'source': 52, 'target': 65}, {'source': 53, 'target': 87}, {'source': 54, 'target': 21}, {'source': 54, 'target': 116}, {'source': 55, 'target': 115}, {'source': 58, 'target': 67}, {'source': 58, 'target': 29}, {'source': 59, 'target': 143}, {'source': 59, 'target': 128}, {'source': 61, 'target': 51}, {'source': 63, 'target': 109}, {'source': 64, 'target': 94}, {'source': 65, 'target': 90}, {'source': 66, 'target': 19}, {'source': 67, 'target': 132}, {'source': 67, 'target': 13}, {'source': 69, 'target': 33}, {'source': 70, 'target': 112}, {'source': 70, 'target': 78}, {'source': 71, 'target': 62}, {'source': 73, 'target': 34}, {'source': 74, 'target': 8}, {'source': 74, 'target': 138}, {'source': 74, 'target': 58}, {'source': 75, 'target': 6}, {'source': 77, 'target': 97}, {'source': 78, 'target': 130}, {'source': 78, 'target': 83}, {'source': 79, 'target': 9}, {'source': 79, 'target': 32}, {'source': 80, 'target': 68}, {'source': 80, 'target': 1}, {'source': 80, 'target': 118}, {'source': 81, 'target': 52}, {'source': 81, 'target': 93}, {'source': 81, 'target': 129}, {'source': 81, 'target': 134}, {'source': 82, 'target': 117}, {'source': 83, 'target': 49}, {'source': 83, 'target': 144}, {'source': 84, 'target': 102}, {'source': 84, 'target': 114}, {'source': 85, 'target': 48}, {'source': 86, 'target': 69}, {'source': 88, 'target': 86}, {'source': 89, 'target': 79}, {'source': 89, 'target': 126}, {'source': 91, 'target': 5}, {'source': 92, 'target': 107}, {'source': 93, 'target': 71}, {'source': 94, 'target': 127}, {'source': 94, 'target': 89}, {'source': 95, 'target': 108}, {'source': 98, 'target': 12}, {'source': 99, 'target': 77}, {'source': 99, 'target': 149}, {'source': 100, 'target': 146}, {'source': 102, 'target': 17}, {'source': 105, 'target': 120}, {'source': 106, 'target': 57}, {'source': 106, 'target': 91}, {'source': 109, 'target': 46}, {'source': 111, 'target': 101}, {'source': 112, 'target': 122}, {'source': 113, 'target': 82}, {'source': 114, 'target': 70}, {'source': 114, 'target': 36}, {'source': 115, 'target': 15}, {'source': 115, 'target': 50}, {'source': 115, 'target': 43}, {'source': 118, 'target': 27}, {'source': 118, 'target': 44}, {'source': 119, 'target': 59}, {'source': 120, 'target': 142}, {'source': 121, 'target': 85}, {'source': 121, 'target': 140}, {'source': 121, 'target': 148}, {'source': 121, 'target': 99}, {'source': 122, 'target': 60}, {'source': 124, 'target': 56}, {'source': 124, 'target': 119}, {'source': 126, 'target': 2}, {'source': 126, 'target': 121}, {'source': 127, 'target': 135}, {'source': 128, 'target': 105}, {'source': 128, 'target': 136}, {'source': 132, 'target': 11}, {'source': 133, 'target': 22}, {'source': 135, 'target': 3}, {'source': 136, 'target': 54}, {'source': 136, 'target': 141}, {'source': 137, 'target': 131}, {'source': 137, 'target': 81}, {'source': 141, 'target': 61}, {'source': 146, 'target': 72}, {'source': 146, 'target': 4}, {'source': 147, 'target': 18}, {'source': 147, 'target': 137}, {'source': 148, 'target': 31}, {'source': 149, 'target': 10}, {'source': 149, 'target': 92}, {'source': 149, 'target': 111}, {'source': 149, 'target': 139}, {'source': 149, 'target': 145}]}",3
"{'directed': True, 'multigraph': False, 'graph': {}, 'nodes': [{'id': 0}, {'id': 1}, {'id': 2}, {'id': 3}, {'id': 4}, {'id': 5}, {'id': 6}, {'id': 7}, {'id': 8}, {'id': 9}, {'id': 10}, {'id': 11}, {'id': 12}, {'id': 13}, {'id': 14}, {'id': 15}, {'id': 16}, {'id': 17}, {'id': 18}, {'id': 19}, {'id': 20}, {'id': 21}, {'id': 22}, {'id': 23}, {'id': 24}, {'id': 25}, {'id': 26}, {'id': 27}, {'id': 28}, {'id': 29}, {'id': 30}, {'id': 31}, {'id': 32}, {'id': 33}, {'id': 34}, {'id': 35}, {'id': 36}, {'id': 37}, {'id': 38}, {'id': 39}, {'id': 40}, {'id': 41}, {'id': 42}, {'id': 43}, {'id': 44}, {'id': 45}, {'id': 46}, {'id': 47}, {'id': 48}, {'id': 49}, {'id': 50}, {'id': 51}, {'id': 52}, {'id': 53}, {'id': 54}, {'id': 55}, {'id': 56}, {'id': 57}, {'id': 58}, {'id': 59}, {'id': 60}, {'id': 61}, {'id': 62}, {'id': 63}, {'id': 64}, {'id': 65}, {'id': 66}, {'id': 67}, {'id': 68}, {'id': 69}, {'id': 70}, {'id': 71}, {'id': 72}, {'id': 73}, {'id': 74}, {'id': 75}, {'id': 76}, {'id': 77}, {'id': 78}, {'id': 79}, {'id': 80}, {'id': 81}, {'id': 82}, {'id': 83}, {'id': 84}, {'id': 85}, {'id': 86}, {'id': 87}, {'id': 88}, {'id': 89}, {'id': 90}, {'id': 91}, {'id': 92}, {'id': 93}, {'id': 94}, {'id': 95}, {'id': 96}, {'id': 97}, {'id': 98}, {'id': 99}, {'id': 100}, {'id': 101}, {'id': 102}, {'id': 103}, {'id': 104}, {'id': 105}, {'id': 106}, {'id': 107}, {'id': 108}, {'id': 109}, {'id': 110}, {'id': 111}, {'id': 112}, {'id': 113}, {'id': 114}, {'id': 115}, {'id': 116}, {'id': 117}, {'id': 118}, {'id': 119}, {'id': 120}, {'id': 121}, {'id': 122}, {'id': 123}, {'id': 124}, {'id': 125}, {'id': 126}, {'id': 127}, {'id': 128}, {'id': 129}, {'id': 130}, {'id': 131}, {'id': 132}, {'id': 133}, {'id': 134}, {'id': 135}, {'id': 136}, {'id': 137}, {'id': 138}, {'id': 139}, {'id': 140}, {'id': 141}, {'id': 142}, {'id': 143}, {'id': 144}, {'id': 145}, {'id': 146}, {'id': 147}, {'id': 148}, {'id': 149}], 'links': [{'source': 0, 'target': 69}, {'source': 2, 'target': 17}, {'source': 4, 'target': 32}, {'source': 4, 'target': 31}, {'source': 6, 'target': 67}, {'source': 8, 'target': 74}, {'source': 8, 'target': 2}, {'source': 8, 'target': 60}, {'source': 9, 'target': 139}, {'source': 13, 'target': 3}, {'source': 14, 'target': 47}, {'source': 15, 'target': 14}, {'source': 15, 'target': 117}, {'source': 15, 'target': 39}, {'source': 17, 'target': 87}, {'source': 19, 'target': 86}, {'source': 19, 'target': 147}, {'source': 20, 'target': 50}, {'source': 20, 'target': 124}, {'source': 21, 'target': 112}, {'source': 22, 'target': 13}, {'source': 23, 'target': 34}, {'source': 24, 'target': 84}, {'source': 25, 'target': 27}, {'source': 25, 'target': 48}, {'source': 25, 'target': 120}, {'source': 29, 'target': 142}, {'source': 30, 'target': 132}, {'source': 31, 'target': 65}, {'source': 33, 'target': 70}, {'source': 33, 'target': 9}, {'source': 34, 'target': 22}, {'source': 34, 'target': 79}, {'source': 34, 'target': 82}, {'source': 35, 'target': 95}, {'source': 35, 'target': 107}, {'source': 35, 'target': 130}, {'source': 36, 'target': 0}, {'source': 38, 'target': 26}, {'source': 38, 'target': 49}, {'source': 39, 'target': 21}, {'source': 39, 'target': 43}, {'source': 39, 'target': 121}, {'source': 42, 'target': 40}, {'source': 43, 'target': 105}, {'source': 43, 'target': 36}, {'source': 45, 'target': 89}, {'source': 45, 'target': 93}, {'source': 46, 'target': 113}, {'source': 47, 'target': 80}, {'source': 48, 'target': 116}, {'source': 49, 'target': 51}, {'source': 49, 'target': 4}, {'source': 52, 'target': 25}, {'source': 56, 'target': 92}, {'source': 58, 'target': 38}, {'source': 58, 'target': 88}, {'source': 59, 'target': 11}, {'source': 60, 'target': 111}, {'source': 60, 'target': 128}, {'source': 62, 'target': 61}, {'source': 63, 'target': 35}, {'source': 64, 'target': 59}, {'source': 64, 'target': 135}, {'source': 66, 'target': 5}, {'source': 66, 'target': 149}, {'source': 67, 'target': 41}, {'source': 68, 'target': 96}, {'source': 69, 'target': 97}, {'source': 69, 'target': 77}, {'source': 69, 'target': 146}, {'source': 71, 'target': 56}, {'source': 71, 'target': 148}, {'source': 73, 'target': 136}, {'source': 73, 'target': 129}, {'source': 75, 'target': 103}, {'source': 76, 'target': 114}, {'source': 77, 'target': 10}, {'source': 77, 'target': 118}, {'source': 78, 'target': 63}, {'source': 79, 'target': 12}, {'source': 80, 'target': 44}, {'source': 80, 'target': 6}, {'source': 82, 'target': 100}, {'source': 83, 'target': 53}, {'source': 83, 'target': 20}, {'source': 85, 'target': 73}, {'source': 88, 'target': 33}, {'source': 88, 'target': 8}, {'source': 88, 'target': 68}, {'source': 90, 'target': 134}, {'source': 90, 'target': 52}, {'source': 90, 'target': 101}, {'source': 91, 'target': 1}, {'source': 91, 'target': 138}, {'source': 93, 'target': 16}, {'source': 93, 'target': 144}, {'source': 95, 'target': 42}, {'source': 95, 'target': 104}, {'source': 96, 'target': 110}, {'source': 96, 'target': 106}, {'source': 98, 'target': 115}, {'source': 98, 'target': 85}, {'source': 98, 'target': 90}, {'source': 100, 'target': 64}, {'source': 101, 'target': 58}, {'source': 103, 'target': 131}, {'source': 103, 'target': 122}, {'source': 106, 'target': 81}, {'source': 106, 'target': 29}, {'source': 106, 'target': 83}, {'source': 108, 'target': 66}, {'source': 110, 'target': 55}, {'source': 110, 'target': 126}, {'source': 111, 'target': 94}, {'source': 112, 'target': 7}, {'source': 112, 'target': 141}, {'source': 113, 'target': 91}, {'source': 113, 'target': 78}, {'source': 114, 'target': 75}, {'source': 117, 'target': 133}, {'source': 118, 'target': 127}, {'source': 118, 'target': 23}, {'source': 120, 'target': 140}, {'source': 121, 'target': 125}, {'source': 121, 'target': 76}, {'source': 122, 'target': 71}, {'source': 124, 'target': 108}, {'source': 125, 'target': 28}, {'source': 125, 'target': 102}, {'source': 128, 'target': 145}, {'source': 129, 'target': 37}, {'source': 129, 'target': 137}, {'source': 130, 'target': 45}, {'source': 132, 'target': 109}, {'source': 133, 'target': 54}, {'source': 134, 'target': 119}, {'source': 135, 'target': 57}, {'source': 139, 'target': 123}, {'source': 141, 'target': 46}, {'source': 142, 'target': 99}, {'source': 143, 'target': 18}, {'source': 143, 'target': 62}, {'source': 145, 'target': 19}, {'source': 146, 'target': 24}, {'source': 146, 'target': 30}, {'source': 147, 'target': 15}, {'source': 148, 'target': 72}, {'source': 149, 'target': 143}]}",10
"{'directed': True, 'multigraph': False, 'graph': {}, 'nodes': [{'id': 0}, {'id': 1}, {'id': 2}, {'id': 3}, {'id': 4}, {'id': 5}, {'id': 6}, {'id': 7}, {'id': 8}, {'id': 9}, {'id': 10}, {'id': 11}, {'id': 12}, {'id': 13}, {'id': 14}, {'id': 15}, {'id': 16}, {'id': 17}, {'id': 18}, {'id': 19}, {'id': 20}, {'id': 21}, {'id': 22}, {'id': 23}, {'id': 24}, {'id': 25}, {'id': 26}, {'id': 27}, {'id': 28}, {'id': 29}, {'id': 30}, {'id': 31}, {'id': 32}, {'id': 33}, {'id': 34}, {'id': 35}, {'id': 36}, {'id': 37}, {'id': 38}, {'id': 39}, {'id': 40}, {'id': 41}, {'id': 42}, {'id': 43}, {'id': 44}, {'id': 45}, {'id': 46}, {'id': 47}, {'id': 48}, {'id': 49}, {'id': 50}, {'id': 51}, {'id': 52}, {'id': 53}, {'id': 54}, {'id': 55}, {'id': 56}, {'id': 57}, {'id': 58}, {'id': 59}, {'id': 60}, {'id': 61}, {'id': 62}, {'id': 63}, {'id': 64}, {'id': 65}, {'id': 66}, {'id': 67}, {'id': 68}, {'id': 69}, {'id': 70}, {'id': 71}, {'id': 72}, {'id': 73}, {'id': 74}, {'id': 75}, {'id': 76}, {'id': 77}, {'id': 78}, {'id': 79}, {'id': 80}, {'id': 81}, {'id': 82}, {'id': 83}, {'id': 84}, {'id': 85}, {'id': 86}, {'id': 87}, {'id': 88}, {'id': 89}, {'id': 90}, {'id': 91}, {'id': 92}, {'id': 93}, {'id': 94}, {'id': 95}, {'id': 96}, {'id': 97}, {'id': 98}, {'id': 99}, {'id': 100}, {'id': 101}, {'id': 102}, {'id': 103}, {'id': 104}, {'id': 105}, {'id': 106}, {'id': 107}, {'id': 108}, {'id': 109}, {'id': 110}, {'id': 111}, {'id': 112}, {'id': 113}, {'id': 114}, {'id': 115}, {'id': 116}, {'id': 117}, {'id': 118}, {'id': 119}, {'id': 120}, {'id': 121}, {'id': 122}, {'id': 123}, {'id': 124}, {'id': 125}, {'id': 126}, {'id': 127}, {'id': 128}, {'id': 129}, {'id': 130}, {'id': 131}, {'id': 132}, {'id': 133}, {'id': 134}, {'id': 135}, {'id': 136}, {'id': 137}, {'id': 138}, {'id': 139}, {'id': 140}, {'id': 141}, {'id': 142}, {'id': 143}, {'id': 144}, {'id': 145}, {'id': 146}, {'id': 147}, {'id': 148}, {'id': 149}], 'links': [{'source': 1, 'target': 31}, {'source': 2, 'target': 53}, {'source': 2, 'target': 118}, {'source': 2, 'target': 98}, {'source': 3, 'target': 103}, {'source': 4, 'target': 69}, {'source': 7, 'target': 27}, {'source': 7, 'target': 49}, {'source': 7, 'target': 124}, {'source': 8, 'target': 125}, {'source': 9, 'target': 120}, {'source': 11, 'target': 14}, {'source': 12, 'target': 132}, {'source': 12, 'target': 149}, {'source': 15, 'target': 36}, {'source': 16, 'target': 45}, {'source': 16, 'target': 50}, {'source': 17, 'target': 91}, {'source': 19, 'target': 133}, {'source': 21, 'target': 30}, {'source': 23, 'target': 55}, {'source': 23, 'target': 96}, {'source': 25, 'target': 61}, {'source': 25, 'target': 110}, {'source': 26, 'target': 76}, {'source': 26, 'target': 104}, {'source': 27, 'target': 59}, {'source': 28, 'target': 105}, {'source': 28, 'target': 135}, {'source': 29, 'target': 63}, {'source': 29, 'target': 12}, {'source': 31, 'target': 112}, {'source': 31, 'target': 147}, {'source': 34, 'target': 144}, {'source': 35, 'target': 148}, {'source': 36, 'target': 71}, {'source': 37, 'target': 84}, {'source': 37, 'target': 143}, {'source': 38, 'target': 44}, {'source': 38, 'target': 129}, {'source': 39, 'target': 25}, {'source': 39, 'target': 131}, {'source': 40, 'target': 33}, {'source': 40, 'target': 9}, {'source': 42, 'target': 37}, {'source': 44, 'target': 54}, {'source': 45, 'target': 66}, {'source': 45, 'target': 4}, {'source': 45, 'target': 93}, {'source': 46, 'target': 62}, {'source': 46, 'target': 38}, {'source': 47, 'target': 11}, {'source': 49, 'target': 90}, {'source': 50, 'target': 3}, {'source': 51, 'target': 20}, {'source': 52, 'target': 108}, {'source': 54, 'target': 85}, {'source': 56, 'target': 123}, {'source': 56, 'target': 29}, {'source': 57, 'target': 134}, {'source': 58, 'target': 92}, {'source': 59, 'target': 67}, {'source': 61, 'target': 15}, {'source': 62, 'target': 24}, {'source': 64, 'target': 122}, {'source': 66, 'target': 47}, {'source': 70, 'target': 0}, {'source': 71, 'target': 42}, {'source': 72, 'target': 5}, {'source': 74, 'target': 99}, {'source': 75, 'target': 23}, {'source': 78, 'target': 18}, {'source': 78, 'target': 51}, {'source': 78, 'target': 95}, {'source': 78, 'target': 119}, {'source': 81, 'target': 65}, {'source': 82, 'target': 79}, {'source': 83, 'target': 109}, {'source': 88, 'target': 6}, {'source': 88, 'target': 83}, {'source': 88, 'target': 107}, {'source': 88, 'target': 101}, {'source': 90, 'target': 13}, {'source': 91, 'target': 70}, {'source': 91, 'target': 121}, {'source': 91, 'target': 138}, {'source': 91, 'target': 111}, {'source': 93, 'target': 52}, {'source': 94, 'target': 21}, {'source': 94, 'target': 113}, {'source': 94, 'target': 64}, {'source': 94, 'target': 127}, {'source': 96, 'target': 100}, {'source': 96, 'target': 28}, {'source': 97, 'target': 22}, {'source': 97, 'target': 60}, {'source': 97, 'target': 39}, {'source': 98, 'target': 57}, {'source': 98, 'target': 140}, {'source': 100, 'target': 58}, {'source': 101, 'target': 77}, {'source': 101, 'target': 117}, {'source': 101, 'target': 142}, {'source': 102, 'target': 141}, {'source': 103, 'target': 137}, {'source': 106, 'target': 75}, {'source': 106, 'target': 19}, {'source': 107, 'target': 115}, {'source': 109, 'target': 10}, {'source': 110, 'target': 128}, {'source': 110, 'target': 146}, {'source': 111, 'target': 32}, {'source': 111, 'target': 102}, {'source': 112, 'target': 48}, {'source': 112, 'target': 8}, {'source': 114, 'target': 88}, {'source': 116, 'target': 74}, {'source': 116, 'target': 2}, {'source': 119, 'target': 81}, {'source': 119, 'target': 34}, {'source': 120, 'target': 106}, {'source': 121, 'target': 116}, {'source': 122, 'target': 80}, {'source': 123, 'target': 97}, {'source': 126, 'target': 94}, {'source': 126, 'target': 145}, {'source': 127, 'target': 130}, {'source': 130, 'target': 68}, {'source': 131, 'target': 17}, {'source': 132, 'target': 82}, {'source': 133, 'target': 41}, {'source': 133, 'target': 56}, {'source': 134, 'target': 72}, {'source': 134, 'target': 16}, {'source': 135, 'target': 89}, {'source': 135, 'target': 35}, {'source': 138, 'target': 7}, {'source': 138, 'target': 136}, {'source': 138, 'target': 139}, {'source': 139, 'target': 43}, {'source': 139, 'target': 73}, {'source': 139, 'target': 78}, {'source': 141, 'target': 114}, {'source': 142, 'target': 126}, {'source': 142, 'target': 1}, {'source': 145, 'target': 86}, {'source': 146, 'target': 26}, {'source': 146, 'target': 46}, {'source': 147, 'target': 87}]}",10
"{'directed': True, 'multigraph': False, 'graph': {}, 'nodes': [{'id': 0}, {'id': 1}, {'id': 2}, {'id': 3}, {'id': 4}, {'id': 5}, {'id': 6}, {'id': 7}, {'id': 8}, {'id': 9}, {'id': 10}, {'id': 11}, {'id': 12}, {'id': 13}, {'id': 14}, {'id': 15}, {'id': 16}, {'id': 17}, {'id': 18}, {'id': 19}, {'id': 20}, {'id': 21}, {'id': 22}, {'id': 23}, {'id': 24}, {'id': 25}, {'id': 26}, {'id': 27}, {'id': 28}, {'id': 29}, {'id': 30}, {'id': 31}, {'id': 32}, {'id': 33}, {'id': 34}, {'id': 35}, {'id': 36}, {'id': 37}, {'id': 38}, {'id': 39}, {'id': 40}, {'id': 41}, {'id': 42}, {'id': 43}, {'id': 44}, {'id': 45}, {'id': 46}, {'id': 47}, {'id': 48}, {'id': 49}, {'id': 50}, {'id': 51}, {'id': 52}, {'id': 53}, {'id': 54}, {'id': 55}, {'id': 56}, {'id': 57}, {'id': 58}, {'id': 59}, {'id': 60}, {'id': 61}, {'id': 62}, {'id': 63}, {'id': 64}, {'id': 65}, {'id': 66}, {'id': 67}, {'id': 68}, {'id': 69}, {'id': 70}, {'id': 71}, {'id': 72}, {'id': 73}, {'id': 74}, {'id': 75}, {'id': 76}, {'id': 77}, {'id': 78}, {'id': 79}, {'id': 80}, {'id': 81}, {'id': 82}, {'id': 83}, {'id': 84}, {'id': 85}, {'id': 86}, {'id': 87}, {'id': 88}, {'id': 89}, {'id': 90}, {'id': 91}, {'id': 92}, {'id': 93}, {'id': 94}, {'id': 95}, {'id': 96}, {'id': 97}, {'id': 98}, {'id': 99}, {'id': 100}, {'id': 101}, {'id': 102}, {'id': 103}, {'id': 104}, {'id': 105}, {'id': 106}, {'id': 107}, {'id': 108}, {'id': 109}, {'id': 110}, {'id': 111}, {'id': 112}, {'id': 113}, {'id': 114}, {'id': 115}, {'id': 116}, {'id': 117}, {'id': 118}, {'id': 119}, {'id': 120}, {'id': 121}, {'id': 122}, {'id': 123}, {'id': 124}, {'id': 125}, {'id': 126}, {'id': 127}, {'id': 128}, {'id': 129}, {'id': 130}, {'id': 131}, {'id': 132}, {'id': 133}, {'id': 134}, {'id': 135}, {'id': 136}, {'id': 137}, {'id': 138}, {'id': 139}, {'id': 140}, {'id': 141}, {'id': 142}, {'id': 143}, {'id': 144}, {'id': 145}, {'id': 146}, {'id': 147}, {'id': 148}, {'id': 149}], 'links': [{'source': 2, 'target': 92}, {'source': 2, 'target': 30}, {'source': 3, 'target': 53}, {'source': 5, 'target': 114}, {'source': 6, 'target': 41}, {'source': 6, 'target': 43}, {'source': 6, 'target': 73}, {'source': 6, 'target': 16}, {'source': 6, 'target': 23}, {'source': 7, 'target': 106}, {'source': 7, 'target': 134}, {'source': 8, 'target': 57}, {'source': 10, 'target': 148}, {'source': 12, 'target': 87}, {'source': 13, 'target': 90}, {'source': 13, 'target': 77}, {'source': 14, 'target': 75}, {'source': 14, 'target': 128}, {'source': 16, 'target': 86}, {'source': 17, 'target': 102}, {'source': 18, 'target': 1}, {'source': 18, 'target': 109}, {'source': 19, 'target': 127}, {'source': 21, 'target': 81}, {'source': 21, 'target': 122}, {'source': 21, 'target': 115}, {'source': 22, 'target': 67}, {'source': 22, 'target': 119}, {'source': 22, 'target': 145}, {'source': 23, 'target': 91}, {'source': 23, 'target': 93}, {'source': 24, 'target': 38}, {'source': 26, 'target': 31}, {'source': 26, 'target': 52}, {'source': 26, 'target': 132}, {'source': 28, 'target': 131}, {'source': 29, 'target': 76}, {'source': 30, 'target': 136}, {'source': 32, 'target': 88}, {'source': 33, 'target': 100}, {'source': 35, 'target': 2}, {'source': 36, 'target': 99}, {'source': 38, 'target': 113}, {'source': 38, 'target': 144}, {'source': 38, 'target': 149}, {'source': 39, 'target': 60}, {'source': 39, 'target': 68}, {'source': 45, 'target': 66}, {'source': 47, 'target': 107}, {'source': 47, 'target': 10}, {'source': 52, 'target': 85}, {'source': 55, 'target': 124}, {'source': 55, 'target': 146}, {'source': 56, 'target': 45}, {'source': 56, 'target': 97}, {'source': 56, 'target': 21}, {'source': 57, 'target': 84}, {'source': 57, 'target': 79}, {'source': 60, 'target': 80}, {'source': 60, 'target': 36}, {'source': 61, 'target': 25}, {'source': 61, 'target': 34}, {'source': 62, 'target': 120}, {'source': 63, 'target': 14}, {'source': 63, 'target': 147}, {'source': 64, 'target': 95}, {'source': 64, 'target': 110}, {'source': 64, 'target': 117}, {'source': 65, 'target': 32}, {'source': 68, 'target': 17}, {'source': 69, 'target': 28}, {'source': 69, 'target': 8}, {'source': 70, 'target': 101}, {'source': 71, 'target': 64}, {'source': 74, 'target': 137}, {'source': 75, 'target': 27}, {'source': 76, 'target': 72}, {'source': 77, 'target': 33}, {'source': 79, 'target': 3}, {'source': 79, 'target': 121}, {'source': 83, 'target': 139}, {'source': 84, 'target': 108}, {'source': 84, 'target': 143}, {'source': 85, 'target': 0}, {'source': 88, 'target': 42}, {'source': 90, 'target': 59}, {'source': 92, 'target': 83}, {'source': 92, 'target': 94}, {'source': 94, 'target': 69}, {'source': 95, 'target': 129}, {'source': 99, 'target': 11}, {'source': 101, 'target': 24}, {'source': 106, 'target': 125}, {'source': 108, 'target': 96}, {'source': 108, 'target': 98}, {'source': 110, 'target': 74}, {'source': 111, 'target': 63}, {'source': 112, 'target': 111}, {'source': 113, 'target': 29}, {'source': 113, 'target': 6}, {'source': 114, 'target': 37}, {'source': 114, 'target': 18}, {'source': 114, 'target': 47}, {'source': 115, 'target': 20}, {'source': 115, 'target': 51}, {'source': 115, 'target': 7}, {'source': 115, 'target': 70}, {'source': 117, 'target': 13}, {'source': 117, 'target': 118}, {'source': 117, 'target': 56}, {'source': 118, 'target': 4}, {'source': 119, 'target': 138}, {'source': 120, 'target': 40}, {'source': 120, 'target': 58}, {'source': 121, 'target': 126}, {'source': 122, 'target': 39}, {'source': 122, 'target': 142}, {'source': 123, 'target': 26}, {'source': 123, 'target': 112}, {'source': 124, 'target': 104}, {'source': 124, 'target': 141}, {'source': 125, 'target': 9}, {'source': 126, 'target': 48}, {'source': 126, 'target': 103}, {'source': 126, 'target': 5}, {'source': 127, 'target': 140}, {'source': 127, 'target': 123}, {'source': 128, 'target': 89}, {'source': 129, 'target': 12}, {'source': 129, 'target': 116}, {'source': 131, 'target': 54}, {'source': 131, 'target': 82}, {'source': 131, 'target': 135}, {'source': 131, 'target': 55}, {'source': 133, 'target': 71}, {'source': 136, 'target': 133}, {'source': 137, 'target': 46}, {'source': 138, 'target': 49}, {'source': 139, 'target': 65}, {'source': 140, 'target': 78}, {'source': 140, 'target': 22}, {'source': 141, 'target': 105}, {'source': 142, 'target': 62}, {'source': 146, 'target': 15}, {'source': 146, 'target': 44}, {'source': 146, 'target': 130}, {'source': 146, 'target': 19}, {'source': 148, 'target': 50}, {'source': 149, 'target': 61}]}",10
"{'directed': True, 'multigraph': False, 'graph': {}, 'nodes': [{'id': 0}, {'id': 1}, {'id': 2}, {'id': 3}, {'id': 4}, {'id': 5}, {'id': 6}, {'id': 7}, {'id': 8}, {'id': 9}, {'id': 10}, {'id': 11}, {'id': 12}, {'id': 13}, {'id': 14}, {'id': 15}, {'id': 16}, {'id': 17}, {'id': 18}, {'id': 19}, {'id': 20}, {'id': 21}, {'id': 22}, {'id': 23}, {'id': 24}, {'id': 25}, {'id': 26}, {'id': 27}, {'id': 28}, {'id': 29}, {'id': 30}, {'id': 31}, {'id': 32}, {'id': 33}, {'id': 34}, {'id': 35}, {'id': 36}, {'id': 37}, {'id': 38}, {'id': 39}, {'id': 40}, {'id': 41}, {'id': 42}, {'id': 43}, {'id': 44}, {'id': 45}, {'id': 46}, {'id': 47}, {'id': 48}, {'id': 49}, {'id': 50}, {'id': 51}, {'id': 52}, {'id': 53}, {'id': 54}, {'id': 55}, {'id': 56}, {'id': 57}, {'id': 58}, {'id': 59}, {'id': 60}, {'id': 61}, {'id': 62}, {'id': 63}, {'id': 64}, {'id': 65}, {'id': 66}, {'id': 67}, {'id': 68}, {'id': 69}, {'id': 70}, {'id': 71}, {'id': 72}, {'id': 73}, {'id': 74}, {'id': 75}, {'id': 76}, {'id': 77}, {'id': 78}, {'id': 79}, {'id': 80}, {'id': 81}, {'id': 82}, {'id': 83}, {'id': 84}, {'id': 85}, {'id': 86}, {'id': 87}, {'id': 88}, {'id': 89}, {'id': 90}, {'id': 91}, {'id': 92}, {'id': 93}, {'id': 94}, {'id': 95}, {'id': 96}, {'id': 97}, {'id': 98}, {'id': 99}, {'id': 100}, {'id': 101}, {'id': 102}, {'id': 103}, {'id': 104}, {'id': 105}, {'id': 106}, {'id': 107}, {'id': 108}, {'id': 109}, {'id': 110}, {'id': 111}, {'id': 112}, {'id': 113}, {'id': 114}, {'id': 115}, {'id': 116}, {'id': 117}, {'id': 118}, {'id': 119}, {'id': 120}, {'id': 121}, {'id': 122}, {'id': 123}, {'id': 124}, {'id': 125}, {'id': 126}, {'id': 127}, {'id': 128}, {'id': 129}, {'id': 130}, {'id': 131}, {'id': 132}, {'id': 133}, {'id': 134}, {'id': 135}, {'id': 136}, {'id': 137}, {'id': 138}, {'id': 139}, {'id': 140}, {'id': 141}, {'id': 142}, {'id': 143}, {'id': 144}, {'id': 145}, {'id': 146}, {'id': 147}, {'id': 148}, {'id': 149}], 'links': [{'source': 1, 'target': 29}, {'source': 3, 'target': 2}, {'source': 3, 'target': 70}, {'source': 4, 'target': 43}, {'source': 4, 'target': 105}, {'source': 5, 'target': 52}, {'source': 7, 'target': 67}, {'source': 10, 'target': 90}, {'source': 10, 'target': 131}, {'source': 11, 'target': 76}, {'source': 12, 'target': 21}, {'source': 12, 'target': 108}, {'source': 15, 'target': 35}, {'source': 16, 'target': 55}, {'source': 17, 'target': 23}, {'source': 19, 'target': 99}, {'source': 20, 'target': 102}, {'source': 22, 'target': 32}, {'source': 23, 'target': 130}, {'source': 23, 'target': 15}, {'source': 25, 'target': 4}, {'source': 25, 'target': 121}, {'source': 26, 'target': 53}, {'source': 26, 'target': 44}, {'source': 28, 'target': 75}, {'source': 29, 'target': 24}, {'source': 30, 'target': 60}, {'source': 31, 'target': 98}, {'source': 33, 'target': 69}, {'source': 33, 'target': 25}, {'source': 33, 'target': 68}, {'source': 35, 'target': 5}, {'source': 35, 'target': 84}, {'source': 35, 'target': 149}, {'source': 37, 'target': 41}, {'source': 39, 'target': 124}, {'source': 40, 'target': 113}, {'source': 41, 'target': 86}, {'source': 43, 'target': 34}, {'source': 44, 'target': 126}, {'source': 46, 'target': 122}, {'source': 46, 'target': 148}, {'source': 49, 'target': 56}, {'source': 50, 'target': 142}, {'source': 52, 'target': 0}, {'source': 54, 'target': 16}, {'source': 54, 'target': 49}, {'source': 54, 'target': 11}, {'source': 55, 'target': 3}, {'source': 56, 'target': 91}, {'source': 56, 'target': 40}, {'source': 56, 'target': 129}, {'source': 60, 'target': 61}, {'source': 61, 'target': 112}, {'source': 62, 'target': 28}, {'source': 62, 'target': 74}, {'source': 65, 'target': 13}, {'source': 65, 'target': 26}, {'source': 65, 'target': 147}, {'source': 66, 'target': 95}, {'source': 66, 'target': 144}, {'source': 67, 'target': 6}, {'source': 67, 'target': 97}, {'source': 68, 'target': 118}, {'source': 68, 'target': 19}, {'source': 69, 'target': 109}, {'source': 69, 'target': 119}, {'source': 72, 'target': 42}, {'source': 74, 'target': 48}, {'source': 74, 'target': 125}, {'source': 76, 'target': 7}, {'source': 78, 'target': 14}, {'source': 78, 'target': 87}, {'source': 80, 'target': 104}, {'source': 81, 'target': 80}, {'source': 81, 'target': 93}, {'source': 82, 'target': 10}, {'source': 82, 'target': 101}, {'source': 83, 'target': 79}, {'source': 83, 'target': 39}, {'source': 83, 'target': 20}, {'source': 85, 'target': 146}, {'source': 86, 'target': 63}, {'source': 86, 'target': 78}, {'source': 87, 'target': 106}, {'source': 87, 'target': 17}, {'source': 88, 'target': 38}, {'source': 89, 'target': 127}, {'source': 89, 'target': 134}, {'source': 89, 'target': 37}, {'source': 92, 'target': 8}, {'source': 92, 'target': 103}, {'source': 93, 'target': 140}, {'source': 93, 'target': 83}, {'source': 94, 'target': 96}, {'source': 95, 'target': 64}, {'source': 95, 'target': 111}, {'source': 96, 'target': 135}, {'source': 97, 'target': 31}, {'source': 97, 'target': 89}, {'source': 98, 'target': 33}, {'source': 99, 'target': 116}, {'source': 99, 'target': 94}, {'source': 99, 'target': 110}, {'source': 101, 'target': 65}, {'source': 102, 'target': 145}, {'source': 103, 'target': 71}, {'source': 106, 'target': 117}, {'source': 107, 'target': 22}, {'source': 107, 'target': 72}, {'source': 107, 'target': 82}, {'source': 107, 'target': 46}, {'source': 109, 'target': 73}, {'source': 110, 'target': 85}, {'source': 112, 'target': 136}, {'source': 113, 'target': 18}, {'source': 113, 'target': 62}, {'source': 114, 'target': 51}, {'source': 115, 'target': 141}, {'source': 117, 'target': 45}, {'source': 121, 'target': 88}, {'source': 123, 'target': 133}, {'source': 124, 'target': 36}, {'source': 126, 'target': 9}, {'source': 126, 'target': 58}, {'source': 126, 'target': 143}, {'source': 127, 'target': 1}, {'source': 128, 'target': 114}, {'source': 129, 'target': 66}, {'source': 130, 'target': 92}, {'source': 130, 'target': 128}, {'source': 132, 'target': 12}, {'source': 132, 'target': 138}, {'source': 133, 'target': 120}, {'source': 135, 'target': 47}, {'source': 135, 'target': 139}, {'source': 136, 'target': 57}, {'source': 136, 'target': 137}, {'source': 137, 'target': 100}, {'source': 139, 'target': 30}, {'source': 139, 'target': 50}, {'source': 141, 'target': 27}, {'source': 141, 'target': 59}, {'source': 141, 'target': 54}, {'source': 142, 'target': 77}, {'source': 142, 'target': 123}, {'source': 145, 'target': 132}, {'source': 145, 'target': 115}, {'source': 148, 'target': 81}]}",50
"{'directed': True, 'multigraph': False, 'graph': {}, 'nodes': [{'id': 0}, {'id': 1}, {'id': 2}, {'id': 3}, {'id': 4}, {'id': 5}, {'id': 6}, {'id': 7}, {'id': 8}, {'id': 9}, {'id': 10}, {'id': 11}, {'id': 12}, {'id': 13}, {'id': 14}, {'id': 15}, {'id': 16}, {'id': 17}, {'id': 18}, {'id': 19}, {'id': 20}, {'id': 21}, {'id': 22}, {'id': 23}, {'id': 24}, {'id': 25}, {'id': 26}, {'id': 27}, {'id': 28}, {'id': 29}, {'id': 30}, {'id': 31}, {'id': 32}, {'id': 33}, {'id': 34}, {'id': 35}, {'id': 36}, {'id': 37}, {'id': 38}, {'id': 39}, {'id': 40}, {'id': 41}, {'id': 42}, {'id': 43}, {'id': 44}, {'id': 45}, {'id': 46}, {'id': 47}, {'id': 48}, {'id': 49}, {'id': 50}, {'id': 51}, {'id': 52}, {'id': 53}, {'id': 54}, {'id': 55}, {'id': 56}, {'id': 57}, {'id': 58}, {'id': 59}, {'id': 60}, {'id': 61}, {'id': 62}, {'id': 63}, {'id': 64}, {'id': 65}, {'id': 66}, {'id': 67}, {'id': 68}, {'id': 69}, {'id': 70}, {'id': 71}, {'id': 72}, {'id': 73}, {'id': 74}, {'id': 75}, {'id': 76}, {'id': 77}, {'id': 78}, {'id': 79}, {'id': 80}, {'id': 81}, {'id': 82}, {'id': 83}, {'id': 84}, {'id': 85}, {'id': 86}, {'id': 87}, {'id': 88}, {'id': 89}, {'id': 90}, {'id': 91}, {'id': 92}, {'id': 93}, {'id': 94}, {'id': 95}, {'id': 96}, {'id': 97}, {'id': 98}, {'id': 99}, {'id': 100}, {'id': 101}, {'id': 102}, {'id': 103}, {'id': 104}, {'id': 105}, {'id': 106}, {'id': 107}, {'id': 108}, {'id': 109}, {'id': 110}, {'id': 111}, {'id': 112}, {'id': 113}, {'id': 114}, {'id': 115}, {'id': 116}, {'id': 117}, {'id': 118}, {'id': 119}, {'id': 120}, {'id': 121}, {'id': 122}, {'id': 123}, {'id': 124}, {'id': 125}, {'id': 126}, {'id': 127}, {'id': 128}, {'id': 129}, {'id': 130}, {'id': 131}, {'id': 132}, {'id': 133}, {'id': 134}, {'id': 135}, {'id': 136}, {'id': 137}, {'id': 138}, {'id': 139}, {'id': 140}, {'id': 141}, {'id': 142}, {'id': 143}, {'id': 144}, {'id': 145}, {'id': 146}, {'id': 147}, {'id': 148}, {'id': 149}], 'links': [{'source': 0, 'target': 61}, {'source': 2, 'target': 31}, {'source': 4, 'target': 93}, {'source': 6, 'target': 89}, {'source': 7, 'target': 95}, {'source': 11, 'target': 88}, {'source': 11, 'target': 149}, {'source': 12, 'target': 74}, {'source': 12, 'target': 135}, {'source': 13, 'target': 120}, {'source': 14, 'target': 66}, {'source': 14, 'target': 104}, {'source': 15, 'target': 81}, {'source': 18, 'target': 143}, {'source': 18, 'target': 123}, {'source': 19, 'target': 1}, {'source': 19, 'target': 124}, {'source': 20, 'target': 47}, {'source': 20, 'target': 60}, {'source': 21, 'target': 58}, {'source': 22, 'target': 19}, {'source': 25, 'target': 116}, {'source': 25, 'target': 49}, {'source': 25, 'target': 137}, {'source': 26, 'target': 38}, {'source': 26, 'target': 144}, {'source': 27, 'target': 24}, {'source': 27, 'target': 92}, {'source': 29, 'target': 99}, {'source': 29, 'target': 147}, {'source': 30, 'target': 34}, {'source': 31, 'target': 55}, {'source': 32, 'target': 52}, {'source': 32, 'target': 67}, {'source': 33, 'target': 23}, {'source': 33, 'target': 65}, {'source': 33, 'target': 103}, {'source': 33, 'target': 44}, {'source': 34, 'target': 18}, {'source': 35, 'target': 115}, {'source': 36, 'target': 78}, {'source': 37, 'target': 100}, {'source': 39, 'target': 41}, {'source': 39, 'target': 97}, {'source': 42, 'target': 94}, {'source': 42, 'target': 26}, {'source': 42, 'target': 146}, {'source': 43, 'target': 51}, {'source': 43, 'target': 119}, {'source': 43, 'target': 125}, {'source': 44, 'target': 15}, {'source': 46, 'target': 5}, {'source': 46, 'target': 128}, {'source': 47, 'target': 2}, {'source': 47, 'target': 21}, {'source': 49, 'target': 77}, {'source': 50, 'target': 142}, {'source': 50, 'target': 71}, {'source': 52, 'target': 4}, {'source': 52, 'target': 14}, {'source': 54, 'target': 117}, {'source': 55, 'target': 45}, {'source': 59, 'target': 76}, {'source': 60, 'target': 17}, {'source': 61, 'target': 64}, {'source': 61, 'target': 59}, {'source': 63, 'target': 110}, {'source': 63, 'target': 132}, {'source': 64, 'target': 56}, {'source': 66, 'target': 107}, {'source': 67, 'target': 98}, {'source': 70, 'target': 84}, {'source': 70, 'target': 25}, {'source': 71, 'target': 29}, {'source': 73, 'target': 70}, {'source': 74, 'target': 140}, {'source': 75, 'target': 114}, {'source': 76, 'target': 68}, {'source': 76, 'target': 7}, {'source': 76, 'target': 108}, {'source': 76, 'target': 127}, {'source': 77, 'target': 54}, {'source': 79, 'target': 62}, {'source': 79, 'target': 96}, {'source': 79, 'target': 130}, {'source': 81, 'target': 106}, {'source': 82, 'target': 121}, {'source': 82, 'target': 11}, {'source': 85, 'target': 139}, {'source': 86, 'target': 50}, {'source': 88, 'target': 63}, {'source': 88, 'target': 148}, {'source': 89, 'target': 27}, {'source': 90, 'target': 40}, {'source': 90, 'target': 145}, {'source': 94, 'target': 33}, {'source': 97, 'target': 22}, {'source': 97, 'target': 136}, {'source': 98, 'target': 87}, {'source': 98, 'target': 126}, {'source': 98, 'target': 90}, {'source': 102, 'target': 141}, {'source': 104, 'target': 10}, {'source': 104, 'target': 72}, {'source': 104, 'target': 85}, {'source': 105, 'target': 131}, {'source': 105, 'target': 73}, {'source': 106, 'target': 43}, {'source': 107, 'target': 6}, {'source': 109, 'target': 112}, {'source': 109, 'target': 122}, {'source': 111, 'target': 105}, {'source': 113, 'target': 16}, {'source': 118, 'target': 9}, {'source': 118, 'target': 111}, {'source': 118, 'target': 82}, {'source': 119, 'target': 75}, {'source': 120, 'target': 0}, {'source': 122, 'target': 83}, {'source': 122, 'target': 37}, {'source': 123, 'target': 80}, {'source': 123, 'target': 133}, {'source': 123, 'target': 32}, {'source': 124, 'target': 79}, {'source': 125, 'target': 57}, {'source': 126, 'target': 69}, {'source': 127, 'target': 28}, {'source': 127, 'target': 129}, {'source': 128, 'target': 42}, {'source': 129, 'target': 20}, {'source': 129, 'target': 109}, {'source': 131, 'target': 13}, {'source': 133, 'target': 101}, {'source': 133, 'target': 102}, {'source': 135, 'target': 30}, {'source': 135, 'target': 86}, {'source': 137, 'target': 12}, {'source': 138, 'target': 3}, {'source': 139, 'target': 53}, {'source': 139, 'target': 36}, {'source': 139, 'target': 113}, {'source': 140, 'target': 48}, {'source': 140, 'target': 134}, {'source': 142, 'target': 138}, {'source': 148, 'target': 91}, {'source': 148, 'target': 35}, {'source': 148, 'target': 46}, {'source': 149, 'target': 8}, {'source': 149, 'target': 39}]}",50
"{'directed': True, 'multigraph': False, 'graph': {}, 'nodes': [{'id': 0}, {'id': 1}, {'id': 2}, {'id': 3}, {'id': 4}, {'id': 5}, {'id': 6}, {'id': 7}, {'id': 8}, {'id': 9}, {'id': 10}, {'id': 11}, {'id': 12}, {'id': 13}, {'id': 14}, {'id': 15}, {'id': 16}, {'id': 17}, {'id': 18}, {'id': 19}, {'id': 20}, {'id': 21}, {'id': 22}, {'id': 23}, {'id': 24}, {'id': 25}, {'id': 26}, {'id': 27}, {'id': 28}, {'id': 29}, {'id': 30}, {'id': 31}, {'id': 32}, {'id': 33}, {'id': 34}, {'id': 35}, {'id': 36}, {'id': 37}, {'id': 38}, {'id': 39}, {'id': 40}, {'id': 41}, {'id': 42}, {'id': 43}, {'id': 44}, {'id': 45}, {'id': 46}, {'id': 47}, {'id': 48}, {'id': 49}, {'id': 50}, {'id': 51}, {'id': 52}, {'id': 53}, {'id': 54}, {'id': 55}, {'id': 56}, {'id': 57}, {'id': 58}, {'id': 59}, {'id': 60}, {'id': 61}, {'id': 62}, {'id': 63}, {'id': 64}, {'id': 65}, {'id': 66}, {'id': 67}, {'id': 68}, {'id': 69}, {'id': 70}, {'id': 71}, {'id': 72}, {'id': 73}, {'id': 74}, {'id': 75}, {'id': 76}, {'id': 77}, {'id': 78}, {'id': 79}, {'id': 80}, {'id': 81}, {'id': 82}, {'id': 83}, {'id': 84}, {'id': 85}, {'id': 86}, {'id': 87}, {'id': 88}, {'id': 89}, {'id': 90}, {'id': 91}, {'id': 92}, {'id': 93}, {'id': 94}, {'id': 95}, {'id': 96}, {'id': 97}, {'id': 98}, {'id': 99}, {'id': 100}, {'id': 101}, {'id': 102}, {'id': 103}, {'id': 104}, {'id': 105}, {'id': 106}, {'id': 107}, {'id': 108}, {'id': 109}, {'id': 110}, {'id': 111}, {'id': 112}, {'id': 113}, {'id': 114}, {'id': 115}, {'id': 116}, {'id': 117}, {'id': 118}, {'id': 119}, {'id': 120}, {'id': 121}, {'id': 122}, {'id': 123}, {'id': 124}, {'id': 125}, {'id': 126}, {'id': 127}, {'id': 128}, {'id': 129}, {'id': 130}, {'id': 131}, {'id': 132}, {'id': 133}, {'id': 134}, {'id': 135}, {'id': 136}, {'id': 137}, {'id': 138}, {'id': 139}, {'id': 140}, {'id': 141}, {'id': 142}, {'id': 143}, {'id': 144}, {'id': 145}, {'id': 146}, {'id': 147}, {'id': 148}, {'id': 149}], 'links': [{'source': 0, 'target': 119}, {'source': 1, 'target': 54}, {'source': 4, 'target': 0}, {'source': 5, 'target': 43}, {'source': 5, 'target': 122}, {'source': 5, 'target': 70}, {'source': 6, 'target': 55}, {'source': 6, 'target': 97}, {'source': 8, 'target': 142}, {'source': 8, 'target': 31}, {'source': 9, 'target': 144}, {'source': 9, 'target': 36}, {'source': 10, 'target': 6}, {'source': 11, 'target': 75}, {'source': 12, 'target': 59}, {'source': 12, 'target': 8}, {'source': 13, 'target': 76}, {'source': 14, 'target': 27}, {'source': 15, 'target': 1}, {'source': 16, 'target': 41}, {'source': 16, 'target': 67}, {'source': 16, 'target': 69}, {'source': 17, 'target': 124}, {'source': 18, 'target': 33}, {'source': 20, 'target': 58}, {'source': 20, 'target': 112}, {'source': 20, 'target': 4}, {'source': 21, 'target': 47}, {'source': 22, 'target': 103}, {'source': 23, 'target': 80}, {'source': 26, 'target': 136}, {'source': 27, 'target': 140}, {'source': 27, 'target': 116}, {'source': 28, 'target': 77}, {'source': 30, 'target': 113}, {'source': 31, 'target': 109}, {'source': 32, 'target': 51}, {'source': 33, 'target': 65}, {'source': 33, 'target': 79}, {'source': 34, 'target': 40}, {'source': 34, 'target': 110}, {'source': 34, 'target': 130}, {'source': 35, 'target': 73}, {'source': 36, 'target': 15}, {'source': 36, 'target': 56}, {'source': 37, 'target': 82}, {'source': 37, 'target': 9}, {'source': 39, 'target': 29}, {'source': 39, 'target': 21}, {'source': 39, 'target': 86}, {'source': 44, 'target': 131}, {'source': 45, 'target': 16}, {'source': 46, 'target': 12}, {'source': 49, 'target': 107}, {'source': 50, 'target': 108}, {'source': 51, 'target': 145}, {'source': 52, 'target': 53}, {'source': 53, 'target': 96}, {'source': 55, 'target': 48}, {'source': 55, 'target': 13}, {'source': 56, 'target': 94}, {'source': 56, 'target': 100}, {'source': 56, 'target': 148}, {'source': 57, 'target': 32}, {'source': 57, 'target': 85}, {'source': 60, 'target': 95}, {'source': 61, 'target': 117}, {'source': 61, 'target': 68}, {'source': 63, 'target': 7}, {'source': 63, 'target': 74}, {'source': 64, 'target': 78}, {'source': 66, 'target': 25}, {'source': 66, 'target': 129}, {'source': 66, 'target': 98}, {'source': 68, 'target': 60}, {'source': 69, 'target': 19}, {'source': 70, 'target': 83}, {'source': 71, 'target': 11}, {'source': 74, 'target': 84}, {'source': 75, 'target': 143}, {'source': 78, 'target': 138}, {'source': 82, 'target': 126}, {'source': 83, 'target': 127}, {'source': 83, 'target': 66}, {'source': 83, 'target': 125}, {'source': 84, 'target': 147}, {'source': 85, 'target': 146}, {'source': 86, 'target': 104}, {'source': 87, 'target': 38}, {'source': 87, 'target': 49}, {'source': 89, 'target': 5}, {'source': 90, 'target': 134}, {'source': 91, 'target': 28}, {'source': 91, 'target': 71}, {'source': 91, 'target': 63}, {'source': 95, 'target': 88}, {'source': 95, 'target': 90}, {'source': 96, 'target': 149}, {'source': 97, 'target': 87}, {'source': 97, 'target': 50}, {'source': 98, 'target': 120}, {'source': 99, 'target': 10}, {'source': 100, 'target': 62}, {'source': 100, 'target': 91}, {'source': 101, 'target': 22}, {'source': 101, 'target': 105}, {'source': 105, 'target': 17}, {'source': 106, 'target': 81}, {'source': 108, 'target': 111}, {'source': 108, 'target': 123}, {'source': 108, 'target': 133}, {'source': 109, 'target': 102}, {'source': 109, 'target': 61}, {'source': 112, 'target': 23}, {'source': 113, 'target': 132}, {'source': 114, 'target': 34}, {'source': 115, 'target': 24}, {'source': 116, 'target': 64}, {'source': 116, 'target': 46}, {'source': 117, 'target': 57}, {'source': 120, 'target': 99}, {'source': 121, 'target': 3}, {'source': 121, 'target': 35}, {'source': 122, 'target': 93}, {'source': 125, 'target': 20}, {'source': 125, 'target': 128}, {'source': 125, 'target': 141}, {'source': 126, 'target': 92}, {'source': 128, 'target': 118}, {'source': 128, 'target': 139}, {'source': 129, 'target': 18}, {'source': 131, 'target': 30}, {'source': 132, 'target': 45}, {'source': 132, 'target': 106}, {'source': 134, 'target': 121}, {'source': 134, 'target': 89}, {'source': 134, 'target': 52}, {'source': 135, 'target': 114}, {'source': 135, 'target': 26}, {'source': 136, 'target': 37}, {'source': 137, 'target': 115}, {'source': 142, 'target': 101}, {'source': 142, 'target': 135}, {'source': 144, 'target': 42}, {'source': 144, 'target': 137}, {'source': 145, 'target': 72}, {'source': 148, 'target': 44}, {'source': 149, 'target': 2}, {'source': 149, 'target': 39}]}",50
"{'directed': True, 'multigraph': False, 'graph': {}, 'nodes': [{'id': 0}, {'id': 1}, {'id': 2}, {'id': 3}, {'id': 4}, {'id': 5}, {'id': 6}, {'id': 7}, {'id': 8}, {'id': 9}, {'id': 10}, {'id': 11}, {'id': 12}, {'id': 13}, {'id': 14}, {'id': 15}, {'id': 16}, {'id': 17}, {'id': 18}, {'id': 19}, {'id': 20}, {'id': 21}, {'id': 22}, {'id': 23}, {'id': 24}, {'id': 25}, {'id': 26}, {'id': 27}, {'id': 28}, {'id': 29}, {'id': 30}, {'id': 31}, {'id': 32}, {'id': 33}, {'id': 34}, {'id': 35}, {'id': 36}, {'id': 37}, {'id': 38}, {'id': 39}, {'id': 40}, {'id': 41}, {'id': 42}, {'id': 43}, {'id': 44}, {'id': 45}, {'id': 46}, {'id': 47}, {'id': 48}, {'id': 49}, {'id': 50}, {'id': 51}, {'id': 52}, {'id': 53}, {'id': 54}, {'id': 55}, {'id': 56}, {'id': 57}, {'id': 58}, {'id': 59}, {'id': 60}, {'id': 61}, {'id': 62}, {'id': 63}, {'id': 64}, {'id': 65}, {'id': 66}, {'id': 67}, {'id': 68}, {'id': 69}, {'id': 70}, {'id': 71}, {'id': 72}, {'id': 73}, {'id': 74}, {'id': 75}, {'id': 76}, {'id': 77}, {'id': 78}, {'id': 79}, {'id': 80}, {'id': 81}, {'id': 82}, {'id': 83}, {'id': 84}, {'id': 85}, {'id': 86}, {'id': 87}, {'id': 88}, {'id': 89}, {'id': 90}, {'id': 91}, {'id': 92}, {'id': 93}, {'id': 94}, {'id': 95}, {'id': 96}, {'id': 97}, {'id': 98}, {'id': 99}, {'id': 100}, {'id': 101}, {'id': 102}, {'id': 103}, {'id': 104}, {'id': 105}, {'id': 106}, {'id': 107}, {'id': 108}, {'id': 109}, {'id': 110}, {'id': 111}, {'id': 112}, {'id': 113}, {'id': 114}, {'id': 115}, {'id': 116}, {'id': 117}, {'id': 118}, {'id': 119}, {'id': 120}, {'id': 121}, {'id': 122}, {'id': 123}, {'id': 124}, {'id': 125}, {'id': 126}, {'id': 127}, {'id': 128}, {'id': 129}, {'id': 130}, {'id': 131}, {'id': 132}, {'id': 133}, {'id': 134}, {'id': 135}, {'id': 136}, {'id': 137}, {'id': 138}, {'id': 139}, {'id': 140}, {'id': 141}, {'id': 142}, {'id': 143}, {'id': 144}, {'id': 145}, {'id': 146}, {'id': 147}, {'id': 148}, {'id': 149}], 'links': [{'source': 0, 'target': 72}, {'source': 3, 'target': 76}, {'source': 3, 'target': 35}, {'source': 5, 'target': 118}, {'source': 8, 'target': 2}, {'source': 8, 'target': 109}, {'source': 9, 'target': 65}, {'source': 9, 'target': 32}, {'source': 10, 'target': 42}, {'source': 13, 'target': 120}, {'source': 14, 'target': 137}, {'source': 15, 'target': 1}, {'source': 16, 'target': 44}, {'source': 16, 'target': 132}, {'source': 17, 'target': 30}, {'source': 17, 'target': 131}, {'source': 17, 'target': 82}, {'source': 18, 'target': 80}, {'source': 18, 'target': 92}, {'source': 18, 'target': 52}, {'source': 18, 'target': 125}, {'source': 19, 'target': 31}, {'source': 19, 'target': 36}, {'source': 23, 'target': 55}, {'source': 25, 'target': 121}, {'source': 27, 'target': 62}, {'source': 27, 'target': 63}, {'source': 28, 'target': 25}, {'source': 28, 'target': 53}, {'source': 32, 'target': 3}, {'source': 35, 'target': 111}, {'source': 35, 'target': 71}, {'source': 39, 'target': 70}, {'source': 40, 'target': 91}, {'source': 40, 'target': 93}, {'source': 41, 'target': 57}, {'source': 41, 'target': 0}, {'source': 42, 'target': 5}, {'source': 42, 'target': 79}, {'source': 43, 'target': 21}, {'source': 43, 'target': 56}, {'source': 43, 'target': 146}, {'source': 43, 'target': 148}, {'source': 45, 'target': 23}, {'source': 45, 'target': 58}, {'source': 46, 'target': 19}, {'source': 46, 'target': 38}, {'source': 46, 'target': 115}, {'source': 49, 'target': 26}, {'source': 49, 'target': 126}, {'source': 52, 'target': 13}, {'source': 53, 'target': 34}, {'source': 53, 'target': 144}, {'source': 57, 'target': 119}, {'source': 58, 'target': 133}, {'source': 58, 'target': 49}, {'source': 58, 'target': 17}, {'source': 61, 'target': 85}, {'source': 64, 'target': 11}, {'source': 65, 'target': 142}, {'source': 66, 'target': 60}, {'source': 67, 'target': 113}, {'source': 68, 'target': 27}, {'source': 68, 'target': 94}, {'source': 68, 'target': 97}, {'source': 69, 'target': 141}, {'source': 69, 'target': 43}, {'source': 71, 'target': 8}, {'source': 72, 'target': 67}, {'source': 78, 'target': 51}, {'source': 78, 'target': 73}, {'source': 78, 'target': 106}, {'source': 79, 'target': 89}, {'source': 80, 'target': 15}, {'source': 81, 'target': 116}, {'source': 81, 'target': 129}, {'source': 81, 'target': 28}, {'source': 82, 'target': 40}, {'source': 82, 'target': 117}, {'source': 82, 'target': 83}, {'source': 82, 'target': 149}, {'source': 83, 'target': 6}, {'source': 83, 'target': 122}, {'source': 84, 'target': 107}, {'source': 85, 'target': 90}, {'source': 87, 'target': 14}, {'source': 88, 'target': 33}, {'source': 89, 'target': 96}, {'source': 89, 'target': 104}, {'source': 92, 'target': 98}, {'source': 93, 'target': 39}, {'source': 93, 'target': 84}, {'source': 94, 'target': 86}, {'source': 94, 'target': 110}, {'source': 96, 'target': 59}, {'source': 97, 'target': 105}, {'source': 97, 'target': 41}, {'source': 97, 'target': 147}, {'source': 99, 'target': 61}, {'source': 100, 'target': 95}, {'source': 100, 'target': 112}, {'source': 103, 'target': 135}, {'source': 104, 'target': 123}, {'source': 104, 'target': 138}, {'source': 105, 'target': 75}, {'source': 105, 'target': 18}, {'source': 109, 'target': 45}, {'source': 111, 'target': 7}, {'source': 111, 'target': 108}, {'source': 111, 'target': 68}, {'source': 112, 'target': 66}, {'source': 113, 'target': 22}, {'source': 113, 'target': 139}, {'source': 114, 'target': 24}, {'source': 117, 'target': 54}, {'source': 118, 'target': 100}, {'source': 119, 'target': 29}, {'source': 119, 'target': 124}, {'source': 120, 'target': 77}, {'source': 121, 'target': 101}, {'source': 121, 'target': 46}, {'source': 122, 'target': 69}, {'source': 124, 'target': 12}, {'source': 124, 'target': 114}, {'source': 125, 'target': 37}, {'source': 125, 'target': 136}, {'source': 126, 'target': 10}, {'source': 128, 'target': 143}, {'source': 129, 'target': 16}, {'source': 130, 'target': 50}, {'source': 131, 'target': 48}, {'source': 132, 'target': 47}, {'source': 132, 'target': 88}, {'source': 137, 'target': 145}, {'source': 137, 'target': 9}, {'source': 139, 'target': 4}, {'source': 139, 'target': 64}, {'source': 139, 'target': 78}, {'source': 139, 'target': 103}, {'source': 140, 'target': 20}, {'source': 141, 'target': 127}, {'source': 141, 'target': 140}, {'source': 142, 'target': 134}, {'source': 142, 'target': 128}, {'source': 144, 'target': 99}, {'source': 144, 'target': 87}, {'source': 145, 'target': 74}, {'source': 147, 'target': 130}, {'source': 149, 'target': 102}]}",100
"{'directed': True, 'multigraph': False, 'graph': {}, 'nodes': [{'id': 0}, {'id': 1}, {'id': 2}, {'id': 3}, {'id': 4}, {'id': 5}, {'id': 6}, {'id': 7}, {'id': 8}, {'id': 9}, {'id': 10}, {'id': 11}, {'id': 12}, {'id': 13}, {'id': 14}, {'id': 15}, {'id': 16}, {'id': 17}, {'id': 18}, {'id': 19}, {'id': 20}, {'id': 21}, {'id': 22}, {'id': 23}, {'id': 24}, {'id': 25}, {'id': 26}, {'id': 27}, {'id': 28}, {'id': 29}, {'id': 30}, {'id': 31}, {'id': 32}, {'id': 33}, {'id': 34}, {'id': 35}, {'id': 36}, {'id': 37}, {'id': 38}, {'id': 39}, {'id': 40}, {'id': 41}, {'id': 42}, {'id': 43}, {'id': 44}, {'id': 45}, {'id': 46}, {'id': 47}, {'id': 48}, {'id': 49}, {'id': 50}, {'id': 51}, {'id': 52}, {'id': 53}, {'id': 54}, {'id': 55}, {'id': 56}, {'id': 57}, {'id': 58}, {'id': 59}, {'id': 60}, {'id': 61}, {'id': 62}, {'id': 63}, {'id': 64}, {'id': 65}, {'id': 66}, {'id': 67}, {'id': 68}, {'id': 69}, {'id': 70}, {'id': 71}, {'id': 72}, {'id': 73}, {'id': 74}, {'id': 75}, {'id': 76}, {'id': 77}, {'id': 78}, {'id': 79}, {'id': 80}, {'id': 81}, {'id': 82}, {'id': 83}, {'id': 84}, {'id': 85}, {'id': 86}, {'id': 87}, {'id': 88}, {'id': 89}, {'id': 90}, {'id': 91}, {'id': 92}, {'id': 93}, {'id': 94}, {'id': 95}, {'id': 96}, {'id': 97}, {'id': 98}, {'id': 99}, {'id': 100}, {'id': 101}, {'id': 102}, {'id': 103}, {'id': 104}, {'id': 105}, {'id': 106}, {'id': 107}, {'id': 108}, {'id': 109}, {'id': 110}, {'id': 111}, {'id': 112}, {'id': 113}, {'id': 114}, {'id': 115}, {'id': 116}, {'id': 117}, {'id': 118}, {'id': 119}, {'id': 120}, {'id': 121}, {'id': 122}, {'id': 123}, {'id': 124}, {'id': 125}, {'id': 126}, {'id': 127}, {'id': 128}, {'id': 129}, {'id': 130}, {'id': 131}, {'id': 132}, {'id': 133}, {'id': 134}, {'id': 135}, {'id': 136}, {'id': 137}, {'id': 138}, {'id': 139}, {'id': 140}, {'id': 141}, {'id': 142}, {'id': 143}, {'id': 144}, {'id': 145}, {'id': 146}, {'id': 147}, {'id': 148}, {'id': 149}], 'links': [{'source': 0, 'target': 105}, {'source': 0, 'target': 131}, {'source': 5, 'target': 99}, {'source': 7, 'target': 21}, {'source': 8, 'target': 95}, {'source': 8, 'target': 134}, {'source': 10, 'target': 127}, {'source': 14, 'target': 42}, {'source': 15, 'target': 46}, {'source': 16, 'target': 118}, {'source': 17, 'target': 26}, {'source': 18, 'target': 85}, {'source': 24, 'target': 41}, {'source': 24, 'target': 39}, {'source': 26, 'target': 106}, {'source': 27, 'target': 8}, {'source': 27, 'target': 129}, {'source': 28, 'target': 12}, {'source': 28, 'target': 67}, {'source': 29, 'target': 130}, {'source': 29, 'target': 115}, {'source': 30, 'target': 2}, {'source': 30, 'target': 101}, {'source': 31, 'target': 107}, {'source': 33, 'target': 133}, {'source': 34, 'target': 7}, {'source': 36, 'target': 119}, {'source': 36, 'target': 89}, {'source': 36, 'target': 53}, {'source': 36, 'target': 27}, {'source': 38, 'target': 145}, {'source': 39, 'target': 5}, {'source': 40, 'target': 32}, {'source': 42, 'target': 9}, {'source': 43, 'target': 125}, {'source': 43, 'target': 146}, {'source': 44, 'target': 35}, {'source': 44, 'target': 68}, {'source': 45, 'target': 38}, {'source': 50, 'target': 102}, {'source': 51, 'target': 43}, {'source': 52, 'target': 18}, {'source': 53, 'target': 10}, {'source': 53, 'target': 98}, {'source': 55, 'target': 51}, {'source': 56, 'target': 76}, {'source': 56, 'target': 29}, {'source': 57, 'target': 16}, {'source': 58, 'target': 66}, {'source': 59, 'target': 57}, {'source': 60, 'target': 13}, {'source': 63, 'target': 64}, {'source': 63, 'target': 44}, {'source': 65, 'target': 34}, {'source': 65, 'target': 82}, {'source': 65, 'target': 117}, {'source': 66, 'target': 62}, {'source': 66, 'target': 83}, {'source': 66, 'target': 45}, {'source': 67, 'target': 91}, {'source': 68, 'target': 94}, {'source': 69, 'target': 126}, {'source': 70, 'target': 113}, {'source': 71, 'target': 122}, {'source': 72, 'target': 61}, {'source': 74, 'target': 84}, {'source': 75, 'target': 1}, {'source': 75, 'target': 138}, {'source': 76, 'target': 69}, {'source': 77, 'target': 120}, {'source': 78, 'target': 87}, {'source': 80, 'target': 3}, {'source': 81, 'target': 11}, {'source': 81, 'target': 139}, {'source': 82, 'target': 70}, {'source': 83, 'target': 40}, {'source': 84, 'target': 20}, {'source': 84, 'target': 142}, {'source': 89, 'target': 54}, {'source': 89, 'target': 92}, {'source': 89, 'target': 144}, {'source': 91, 'target': 60}, {'source': 91, 'target': 55}, {'source': 93, 'target': 81}, {'source': 94, 'target': 110}, {'source': 94, 'target': 0}, {'source': 98, 'target': 50}, {'source': 98, 'target': 147}, {'source': 99, 'target': 65}, {'source': 100, 'target': 31}, {'source': 100, 'target': 93}, {'source': 100, 'target': 111}, {'source': 101, 'target': 140}, {'source': 103, 'target': 86}, {'source': 104, 'target': 149}, {'source': 105, 'target': 4}, {'source': 105, 'target': 15}, {'source': 105, 'target': 79}, {'source': 105, 'target': 109}, {'source': 106, 'target': 137}, {'source': 106, 'target': 28}, {'source': 109, 'target': 25}, {'source': 109, 'target': 88}, {'source': 110, 'target': 97}, {'source': 111, 'target': 19}, {'source': 111, 'target': 49}, {'source': 111, 'target': 72}, {'source': 111, 'target': 124}, {'source': 114, 'target': 128}, {'source': 115, 'target': 108}, {'source': 115, 'target': 33}, {'source': 117, 'target': 48}, {'source': 117, 'target': 78}, {'source': 118, 'target': 116}, {'source': 118, 'target': 141}, {'source': 119, 'target': 74}, {'source': 121, 'target': 80}, {'source': 121, 'target': 103}, {'source': 121, 'target': 56}, {'source': 121, 'target': 17}, {'source': 122, 'target': 24}, {'source': 122, 'target': 143}, {'source': 122, 'target': 100}, {'source': 122, 'target': 36}, {'source': 123, 'target': 135}, {'source': 124, 'target': 121}, {'source': 127, 'target': 37}, {'source': 127, 'target': 47}, {'source': 128, 'target': 77}, {'source': 129, 'target': 23}, {'source': 129, 'target': 14}, {'source': 129, 'target': 75}, {'source': 131, 'target': 148}, {'source': 133, 'target': 112}, {'source': 135, 'target': 58}, {'source': 138, 'target': 22}, {'source': 138, 'target': 63}, {'source': 139, 'target': 90}, {'source': 140, 'target': 73}, {'source': 142, 'target': 114}, {'source': 142, 'target': 59}, {'source': 143, 'target': 52}, {'source': 143, 'target': 132}, {'source': 144, 'target': 123}, {'source': 148, 'target': 96}, {'source': 149, 'target': 6}, {'source': 149, 'target': 136}, {'source': 149, 'target': 30}, {'source': 149, 'target': 71}]}",100
"{'directed': True, 'multigraph': False, 'graph': {}, 'nodes': [{'id': 0}, {'id': 1}, {'id': 2}, {'id': 3}, {'id': 4}, {'id': 5}, {'id': 6}, {'id': 7}, {'id': 8}, {'id': 9}, {'id': 10}, {'id': 11}, {'id': 12}, {'id': 13}, {'id': 14}, {'id': 15}, {'id': 16}, {'id': 17}, {'id': 18}, {'id': 19}, {'id': 20}, {'id': 21}, {'id': 22}, {'id': 23}, {'id': 24}, {'id': 25}, {'id': 26}, {'id': 27}, {'id': 28}, {'id': 29}, {'id': 30}, {'id': 31}, {'id': 32}, {'id': 33}, {'id': 34}, {'id': 35}, {'id': 36}, {'id': 37}, {'id': 38}, {'id': 39}, {'id': 40}, {'id': 41}, {'id': 42}, {'id': 43}, {'id': 44}, {'id': 45}, {'id': 46}, {'id': 47}, {'id': 48}, {'id': 49}, {'id': 50}, {'id': 51}, {'id': 52}, {'id': 53}, {'id': 54}, {'id': 55}, {'id': 56}, {'id': 57}, {'id': 58}, {'id': 59}, {'id': 60}, {'id': 61}, {'id': 62}, {'id': 63}, {'id': 64}, {'id': 65}, {'id': 66}, {'id': 67}, {'id': 68}, {'id': 69}, {'id': 70}, {'id': 71}, {'id': 72}, {'id': 73}, {'id': 74}, {'id': 75}, {'id': 76}, {'id': 77}, {'id': 78}, {'id': 79}, {'id': 80}, {'id': 81}, {'id': 82}, {'id': 83}, {'id': 84}, {'id': 85}, {'id': 86}, {'id': 87}, {'id': 88}, {'id': 89}, {'id': 90}, {'id': 91}, {'id': 92}, {'id': 93}, {'id': 94}, {'id': 95}, {'id': 96}, {'id': 97}, {'id': 98}, {'id': 99}, {'id': 100}, {'id': 101}, {'id': 102}, {'id': 103}, {'id': 104}, {'id': 105}, {'id': 106}, {'id': 107}, {'id': 108}, {'id': 109}, {'id': 110}, {'id': 111}, {'id': 112}, {'id': 113}, {'id': 114}, {'id': 115}, {'id': 116}, {'id': 117}, {'id': 118}, {'id': 119}, {'id': 120}, {'id': 121}, {'id': 122}, {'id': 123}, {'id': 124}, {'id': 125}, {'id': 126}, {'id': 127}, {'id': 128}, {'id': 129}, {'id': 130}, {'id': 131}, {'id': 132}, {'id': 133}, {'id': 134}, {'id': 135}, {'id': 136}, {'id': 137}, {'id': 138}, {'id': 139}, {'id': 140}, {'id': 141}, {'id': 142}, {'id': 143}, {'id': 144}, {'id': 145}, {'id': 146}, {'id': 147}, {'id': 148}, {'id': 149}], 'links': [{'source': 0, 'target': 27}, {'source': 2, 'target': 22}, {'source': 3, 'target': 103}, {'source': 4, 'target': 64}, {'source': 5, 'target': 118}, {'source': 9, 'target': 44}, {'source': 10, 'target': 62}, {'source': 11, 'target': 75}, {'source': 11, 'target': 144}, {'source': 12, 'target': 47}, {'source': 12, 'target': 67}, {'source': 12, 'target': 98}, {'source': 15, 'target': 16}, {'source': 16, 'target': 25}, {'source': 16, 'target': 111}, {'source': 17, 'target': 83}, {'source': 17, 'target': 97}, {'source': 25, 'target': 9}, {'source': 25, 'target': 107}, {'source': 26, 'target': 99}, {'source': 28, 'target': 140}, {'source': 29, 'target': 18}, {'source': 29, 'target': 17}, {'source': 30, 'target': 143}, {'source': 31, 'target': 7}, {'source': 32, 'target': 31}, {'source': 33, 'target': 43}, {'source': 36, 'target': 89}, {'source': 37, 'target': 65}, {'source': 37, 'target': 121}, {'source': 37, 'target': 80}, {'source': 39, 'target': 87}, {'source': 40, 'target': 112}, {'source': 42, 'target': 73}, {'source': 43, 'target': 132}, {'source': 45, 'target': 74}, {'source': 46, 'target': 76}, {'source': 48, 'target': 57}, {'source': 48, 'target': 137}, {'source': 52, 'target': 85}, {'source': 53, 'target': 71}, {'source': 53, 'target': 125}, {'source': 53, 'target': 139}, {'source': 55, 'target': 113}, {'source': 58, 'target': 35}, {'source': 58, 'target': 95}, {'source': 59, 'target': 10}, {'source': 60, 'target': 36}, {'source': 62, 'target': 26}, {'source': 62, 'target': 105}, {'source': 63, 'target': 50}, {'source': 64, 'target': 1}, {'source': 64, 'target': 51}, {'source': 64, 'target': 53}, {'source': 67, 'target': 13}, {'source': 67, 'target': 115}, {'source': 67, 'target': 91}, {'source': 69, 'target': 15}, {'source': 69, 'target': 30}, {'source': 71, 'target': 63}, {'source': 73, 'target': 38}, {'source': 75, 'target': 124}, {'source': 76, 'target': 24}, {'source': 76, 'target': 3}, {'source': 76, 'target': 146}, {'source': 77, 'target': 19}, {'source': 77, 'target': 41}, {'source': 77, 'target': 149}, {'source': 78, 'target': 52}, {'source': 78, 'target': 84}, {'source': 79, 'target': 8}, {'source': 79, 'target': 14}, {'source': 80, 'target': 114}, {'source': 80, 'target': 29}, {'source': 81, 'target': 122}, {'source': 81, 'target': 148}, {'source': 83, 'target': 56}, {'source': 83, 'target': 117}, {'source': 84, 'target': 2}, {'source': 84, 'target': 94}, {'source': 87, 'target': 23}, {'source': 87, 'target': 0}, {'source': 89, 'target': 141}, {'source': 90, 'target': 88}, {'source': 91, 'target': 70}, {'source': 91, 'target': 69}, {'source': 92, 'target': 37}, {'source': 92, 'target': 96}, {'source': 93, 'target': 61}, {'source': 93, 'target': 66}, {'source': 93, 'target': 147}, {'source': 94, 'target': 42}, {'source': 94, 'target': 90}, {'source': 95, 'target': 130}, {'source': 96, 'target': 28}, {'source': 97, 'target': 109}, {'source': 98, 'target': 5}, {'source': 98, 'target': 129}, {'source': 99, 'target': 93}, {'source': 100, 'target': 12}, {'source': 101, 'target': 21}, {'source': 101, 'target': 145}, {'source': 101, 'target': 40}, {'source': 102, 'target': 128}, {'source': 104, 'target': 82}, {'source': 105, 'target': 60}, {'source': 105, 'target': 116}, {'source': 108, 'target': 54}, {'source': 108, 'target': 126}, {'source': 108, 'target': 4}, {'source': 109, 'target': 135}, {'source': 111, 'target': 68}, {'source': 111, 'target': 104}, {'source': 112, 'target': 59}, {'source': 113, 'target': 33}, {'source': 113, 'target': 101}, {'source': 116, 'target': 34}, {'source': 116, 'target': 138}, {'source': 116, 'target': 127}, {'source': 117, 'target': 142}, {'source': 118, 'target': 78}, {'source': 119, 'target': 92}, {'source': 122, 'target': 131}, {'source': 123, 'target': 72}, {'source': 123, 'target': 136}, {'source': 126, 'target': 6}, {'source': 126, 'target': 134}, {'source': 127, 'target': 102}, {'source': 128, 'target': 20}, {'source': 128, 'target': 39}, {'source': 128, 'target': 108}, {'source': 128, 'target': 77}, {'source': 129, 'target': 46}, {'source': 132, 'target': 79}, {'source': 132, 'target': 100}, {'source': 135, 'target': 32}, {'source': 135, 'target': 48}, {'source': 137, 'target': 49}, {'source': 137, 'target': 11}, {'source': 140, 'target': 133}, {'source': 140, 'target': 81}, {'source': 141, 'target': 106}, {'source': 144, 'target': 86}, {'source': 145, 'target': 110}, {'source': 146, 'target': 120}, {'source': 147, 'target': 123}, {'source': 147, 'target': 119}, {'source': 149, 'target': 45}, {'source': 149, 'target': 58}]}",100
"{'directed': True, 'multigraph': False, 'graph': {}, 'nodes': [{'id': 0}, {'id': 1}, {'id': 2}, {'id': 3}, {'id': 4}, {'id': 5}, {'id': 6}, {'id': 7}, {'id': 8}, {'id': 9}, {'id': 10}, {'id': 11}, {'id': 12}, {'id': 13}, {'id': 14}, {'id': 15}, {'id': 16}, {'id': 17}, {'id': 18}, {'id': 19}, {'id': 20}, {'id': 21}, {'id': 22}, {'id': 23}, {'id': 24}, {'id': 25}, {'id': 26}, {'id': 27}, {'id': 28}, {'id': 29}, {'id': 30}, {'id': 31}, {'id': 32}, {'id': 33}, {'id': 34}, {'id': 35}, {'id': 36}, {'id': 37}, {'id': 38}, {'id': 39}, {'id': 40}, {'id': 41}, {'id': 42}, {'id': 43}, {'id': 44}, {'id': 45}, {'id': 46}, {'id': 47}, {'id': 48}, {'id': 49}, {'id': 50}, {'id': 51}, {'id': 52}, {'id': 53}, {'id': 54}, {'id': 55}, {'id': 56}, {'id': 57}, {'id': 58}, {'id': 59}, {'id': 60}, {'id': 61}, {'id': 62}, {'id': 63}, {'id': 64}, {'id': 65}, {'id': 66}, {'id': 67}, {'id': 68}, {'id': 69}, {'id': 70}, {'id': 71}, {'id': 72}, {'id': 73}, {'id': 74}, {'id': 75}, {'id': 76}, {'id': 77}, {'id': 78}, {'id': 79}, {'id': 80}, {'id': 81}, {'id': 82}, {'id': 83}, {'id': 84}, {'id': 85}, {'id': 86}, {'id': 87}, {'id': 88}, {'id': 89}, {'id': 90}, {'id': 91}, {'id': 92}, {'id': 93}, {'id': 94}, {'id': 95}, {'id': 96}, {'id': 97}, {'id': 98}, {'id': 99}, {'id': 100}, {'id': 101}, {'id': 102}, {'id': 103}, {'id': 104}, {'id': 105}, {'id': 106}, {'id': 107}, {'id': 108}, {'id': 109}, {'id': 110}, {'id': 111}, {'id': 112}, {'id': 113}, {'id': 114}, {'id': 115}, {'id': 116}, {'id': 117}, {'id': 118}, {'id': 119}, {'id': 120}, {'id': 121}, {'id': 122}, {'id': 123}, {'id': 124}, {'id': 125}, {'id': 126}, {'id': 127}, {'id': 128}, {'id': 129}, {'id': 130}, {'id': 131}, {'id': 132}, {'id': 133}, {'id': 134}, {'id': 135}, {'id': 136}, {'id': 137}, {'id': 138}, {'id': 139}, {'id': 140}, {'id': 141}, {'id': 142}, {'id': 143}, {'id': 144}, {'id': 145}, {'id': 146}, {'id': 147}, {'id': 148}, {'id': 149}, {'id': 150}, {'id': 151}, {'id': 152}, {'id': 153}, {'id': 154}, {'id': 155}, {'id': 156}, {'id': 157}, {'id': 158}, {'id': 159}, {'id': 160}, {'id': 161}, {'id': 162}, {'id': 163}, {'id': 164}, {'id': 165}, {'id': 166}, {'id': 167}, {'id': 168}, {'id': 169}, {'id': 170}, {'id': 171}, {'id': 172}, {'id': 173}, {'id': 174}, {'id': 175}, {'id': 176}, {'id': 177}, {'id': 178}, {'id': 179}], 'links': [{'source': 0, 'target': 11}, {'source': 1, 'target': 170}, {'source': 3, 'target': 17}, {'source': 4, 'target': 42}, {'source': 4, 'target': 157}, {'source': 7, 'target': 85}, {'source': 7, 'target': 35}, {'source': 8, 'target': 91}, {'source': 9, 'target': 178}, {'source': 10, 'target': 0}, {'source': 11, 'target': 141}, {'source': 12, 'target': 57}, {'source': 14, 'target': 80}, {'source': 14, 'target': 50}, {'source': 14, 'target': 122}, {'source': 16, 'target': 151}, {'source': 16, 'target': 21}, {'source': 16, 'target': 143}, {'source': 17, 'target': 86}, {'source': 18, 'target': 52}, {'source': 18, 'target': 76}, {'source': 19, 'target': 70}, {'source': 19, 'target': 169}, {'source': 20, 'target': 25}, {'source': 21, 'target': 84}, {'source': 21, 'target': 121}, {'source': 22, 'target': 56}, {'source': 22, 'target': 95}, {'source': 22, 'target': 100}, {'source': 26, 'target': 131}, {'source': 27, 'target': 63}, {'source': 27, 'target': 134}, {'source': 33, 'target': 94}, {'source': 34, 'target': 88}, {'source': 35, 'target': 38}, {'source': 38, 'target': 112}, {'source': 40, 'target': 144}, {'source': 42, 'target': 72}, {'source': 42, 'target': 10}, {'source': 42, 'target': 126}, {'source': 42, 'target': 62}, {'source': 43, 'target': 133}, {'source': 44, 'target': 105}, {'source': 47, 'target': 43}, {'source': 47, 'target': 14}, {'source': 48, 'target': 73}, {'source': 49, 'target': 66}, {'source': 50, 'target': 145}, {'source': 51, 'target': 149}, {'source': 51, 'target': 4}, {'source': 51, 'target': 171}, {'source': 53, 'target': 146}, {'source': 53, 'target': 96}, {'source': 55, 'target': 1}, {'source': 55, 'target': 132}, {'source': 56, 'target': 116}, {'source': 57, 'target': 68}, {'source': 58, 'target': 109}, {'source': 58, 'target': 159}, {'source': 60, 'target': 124}, {'source': 61, 'target': 179}, {'source': 62, 'target': 147}, {'source': 63, 'target': 3}, {'source': 64, 'target': 41}, {'source': 64, 'target': 120}, {'source': 64, 'target': 27}, {'source': 66, 'target': 161}, {'source': 67, 'target': 110}, {'source': 68, 'target': 81}, {'source': 68, 'target': 101}, {'source': 68, 'target': 74}, {'source': 69, 'target': 114}, {'source': 72, 'target': 102}, {'source': 73, 'target': 152}, {'source': 73, 'target': 160}, {'source': 74, 'target': 16}, {'source': 75, 'target': 2}, {'source': 75, 'target': 31}, {'source': 75, 'target': 65}, {'source': 75, 'target': 129}, {'source': 76, 'target': 123}, {'source': 76, 'target': 172}, {'source': 78, 'target': 104}, {'source': 79, 'target': 139}, {'source': 80, 'target': 28}, {'source': 81, 'target': 45}, {'source': 81, 'target': 89}, {'source': 82, 'target': 47}, {'source': 83, 'target': 8}, {'source': 83, 'target': 154}, {'source': 85, 'target': 59}, {'source': 85, 'target': 26}, {'source': 85, 'target': 165}, {'source': 86, 'target': 127}, {'source': 87, 'target': 13}, {'source': 93, 'target': 87}, {'source': 95, 'target': 156}, {'source': 96, 'target': 39}, {'source': 96, 'target': 7}, {'source': 96, 'target': 113}, {'source': 100, 'target': 175}, {'source': 100, 'target': 9}, {'source': 101, 'target': 150}, {'source': 102, 'target': 137}, {'source': 104, 'target': 135}, {'source': 105, 'target': 119}, {'source': 106, 'target': 168}, {'source': 107, 'target': 174}, {'source': 108, 'target': 93}, {'source': 108, 'target': 130}, {'source': 110, 'target': 140}, {'source': 111, 'target': 46}, {'source': 112, 'target': 125}, {'source': 113, 'target': 51}, {'source': 115, 'target': 97}, {'source': 115, 'target': 162}, {'source': 115, 'target': 53}, {'source': 115, 'target': 138}, {'source': 116, 'target': 92}, {'source': 117, 'target': 44}, {'source': 121, 'target': 173}, {'source': 122, 'target': 12}, {'source': 124, 'target': 99}, {'source': 125, 'target': 34}, {'source': 125, 'target': 103}, {'source': 125, 'target': 118}, {'source': 125, 'target': 75}, {'source': 125, 'target': 64}, {'source': 126, 'target': 111}, {'source': 126, 'target': 142}, {'source': 127, 'target': 98}, {'source': 127, 'target': 19}, {'source': 131, 'target': 48}, {'source': 132, 'target': 176}, {'source': 133, 'target': 33}, {'source': 134, 'target': 58}, {'source': 134, 'target': 107}, {'source': 135, 'target': 36}, {'source': 135, 'target': 167}, {'source': 136, 'target': 153}, {'source': 138, 'target': 6}, {'source': 138, 'target': 61}, {'source': 140, 'target': 24}, {'source': 142, 'target': 69}, {'source': 143, 'target': 106}, {'source': 144, 'target': 90}, {'source': 144, 'target': 117}, {'source': 145, 'target': 67}, {'source': 147, 'target': 32}, {'source': 148, 'target': 128}, {'source': 149, 'target': 15}, {'source': 149, 'target': 29}, {'source': 150, 'target': 54}, {'source': 150, 'target': 18}, {'source': 153, 'target': 5}, {'source': 154, 'target': 177}, {'source': 155, 'target': 78}, {'source': 157, 'target': 60}, {'source': 157, 'target': 79}, {'source': 161, 'target': 30}, {'source': 162, 'target': 155}, {'source': 163, 'target': 82}, {'source': 164, 'target': 37}, {'source': 164, 'target': 115}, {'source': 167, 'target': 158}, {'source': 168, 'target': 77}, {'source': 168, 'target': 55}, {'source': 171, 'target': 136}, {'source': 171, 'target': 83}, {'source': 175, 'target': 40}, {'source': 175, 'target': 148}, {'source': 176, 'target': 108}, {'source': 177, 'target': 23}, {'source': 177, 'target': 71}, {'source': 178, 'target': 20}, {'source': 178, 'target': 49}, {'source': 178, 'target': 164}, {'source': 179, 'target': 166}, {'source': 179, 'target': 163}]}",3
"{'directed': True, 'multigraph': False, 'graph': {}, 'nodes': [{'id': 0}, {'id': 1}, {'id': 2}, {'id': 3}, {'id': 4}, {'id': 5}, {'id': 6}, {'id': 7}, {'id': 8}, {'id': 9}, {'id': 10}, {'id': 11}, {'id': 12}, {'id': 13}, {'id': 14}, {'id': 15}, {'id': 16}, {'id': 17}, {'id': 18}, {'id': 19}, {'id': 20}, {'id': 21}, {'id': 22}, {'id': 23}, {'id': 24}, {'id': 25}, {'id': 26}, {'id': 27}, {'id': 28}, {'id': 29}, {'id': 30}, {'id': 31}, {'id': 32}, {'id': 33}, {'id': 34}, {'id': 35}, {'id': 36}, {'id': 37}, {'id': 38}, {'id': 39}, {'id': 40}, {'id': 41}, {'id': 42}, {'id': 43}, {'id': 44}, {'id': 45}, {'id': 46}, {'id': 47}, {'id': 48}, {'id': 49}, {'id': 50}, {'id': 51}, {'id': 52}, {'id': 53}, {'id': 54}, {'id': 55}, {'id': 56}, {'id': 57}, {'id': 58}, {'id': 59}, {'id': 60}, {'id': 61}, {'id': 62}, {'id': 63}, {'id': 64}, {'id': 65}, {'id': 66}, {'id': 67}, {'id': 68}, {'id': 69}, {'id': 70}, {'id': 71}, {'id': 72}, {'id': 73}, {'id': 74}, {'id': 75}, {'id': 76}, {'id': 77}, {'id': 78}, {'id': 79}, {'id': 80}, {'id': 81}, {'id': 82}, {'id': 83}, {'id': 84}, {'id': 85}, {'id': 86}, {'id': 87}, {'id': 88}, {'id': 89}, {'id': 90}, {'id': 91}, {'id': 92}, {'id': 93}, {'id': 94}, {'id': 95}, {'id': 96}, {'id': 97}, {'id': 98}, {'id': 99}, {'id': 100}, {'id': 101}, {'id': 102}, {'id': 103}, {'id': 104}, {'id': 105}, {'id': 106}, {'id': 107}, {'id': 108}, {'id': 109}, {'id': 110}, {'id': 111}, {'id': 112}, {'id': 113}, {'id': 114}, {'id': 115}, {'id': 116}, {'id': 117}, {'id': 118}, {'id': 119}, {'id': 120}, {'id': 121}, {'id': 122}, {'id': 123}, {'id': 124}, {'id': 125}, {'id': 126}, {'id': 127}, {'id': 128}, {'id': 129}, {'id': 130}, {'id': 131}, {'id': 132}, {'id': 133}, {'id': 134}, {'id': 135}, {'id': 136}, {'id': 137}, {'id': 138}, {'id': 139}, {'id': 140}, {'id': 141}, {'id': 142}, {'id': 143}, {'id': 144}, {'id': 145}, {'id': 146}, {'id': 147}, {'id': 148}, {'id': 149}, {'id': 150}, {'id': 151}, {'id': 152}, {'id': 153}, {'id': 154}, {'id': 155}, {'id': 156}, {'id': 157}, {'id': 158}, {'id': 159}, {'id': 160}, {'id': 161}, {'id': 162}, {'id': 163}, {'id': 164}, {'id': 165}, {'id': 166}, {'id': 167}, {'id': 168}, {'id': 169}, {'id': 170}, {'id': 171}, {'id': 172}, {'id': 173}, {'id': 174}, {'id': 175}, {'id': 176}, {'id': 177}, {'id': 178}, {'id': 179}], 'links': [{'source': 0, 'target': 12}, {'source': 0, 'target': 155}, {'source': 1, 'target': 168}, {'source': 3, 'target': 132}, {'source': 3, 'target': 35}, {'source': 3, 'target': 65}, {'source': 3, 'target': 107}, {'source': 4, 'target': 7}, {'source': 4, 'target': 77}, {'source': 5, 'target': 75}, {'source': 5, 'target': 166}, {'source': 5, 'target': 9}, {'source': 6, 'target': 38}, {'source': 6, 'target': 154}, {'source': 7, 'target': 126}, {'source': 9, 'target': 45}, {'source': 9, 'target': 50}, {'source': 10, 'target': 104}, {'source': 10, 'target': 153}, {'source': 15, 'target': 22}, {'source': 16, 'target': 58}, {'source': 16, 'target': 148}, {'source': 19, 'target': 13}, {'source': 21, 'target': 144}, {'source': 23, 'target': 156}, {'source': 24, 'target': 16}, {'source': 25, 'target': 127}, {'source': 26, 'target': 147}, {'source': 29, 'target': 59}, {'source': 31, 'target': 109}, {'source': 31, 'target': 120}, {'source': 33, 'target': 66}, {'source': 33, 'target': 23}, {'source': 33, 'target': 41}, {'source': 35, 'target': 102}, {'source': 37, 'target': 129}, {'source': 37, 'target': 3}, {'source': 39, 'target': 36}, {'source': 39, 'target': 82}, {'source': 39, 'target': 92}, {'source': 40, 'target': 19}, {'source': 40, 'target': 68}, {'source': 40, 'target': 161}, {'source': 41, 'target': 122}, {'source': 41, 'target': 151}, {'source': 42, 'target': 95}, {'source': 42, 'target': 100}, {'source': 43, 'target': 42}, {'source': 43, 'target': 133}, {'source': 48, 'target': 46}, {'source': 48, 'target': 114}, {'source': 50, 'target': 85}, {'source': 50, 'target': 169}, {'source': 52, 'target': 62}, {'source': 54, 'target': 97}, {'source': 54, 'target': 176}, {'source': 55, 'target': 2}, {'source': 55, 'target': 96}, {'source': 55, 'target': 172}, {'source': 56, 'target': 6}, {'source': 58, 'target': 11}, {'source': 58, 'target': 52}, {'source': 59, 'target': 47}, {'source': 59, 'target': 119}, {'source': 59, 'target': 101}, {'source': 60, 'target': 135}, {'source': 60, 'target': 117}, {'source': 61, 'target': 74}, {'source': 61, 'target': 21}, {'source': 62, 'target': 72}, {'source': 63, 'target': 44}, {'source': 64, 'target': 15}, {'source': 64, 'target': 115}, {'source': 64, 'target': 131}, {'source': 65, 'target': 18}, {'source': 65, 'target': 90}, {'source': 66, 'target': 31}, {'source': 67, 'target': 14}, {'source': 67, 'target': 28}, {'source': 67, 'target': 158}, {'source': 70, 'target': 30}, {'source': 70, 'target': 24}, {'source': 72, 'target': 39}, {'source': 73, 'target': 87}, {'source': 73, 'target': 112}, {'source': 74, 'target': 89}, {'source': 75, 'target': 134}, {'source': 75, 'target': 142}, {'source': 76, 'target': 171}, {'source': 77, 'target': 170}, {'source': 78, 'target': 152}, {'source': 79, 'target': 32}, {'source': 83, 'target': 124}, {'source': 83, 'target': 25}, {'source': 83, 'target': 78}, {'source': 83, 'target': 48}, {'source': 85, 'target': 167}, {'source': 86, 'target': 99}, {'source': 86, 'target': 108}, {'source': 86, 'target': 67}, {'source': 88, 'target': 149}, {'source': 88, 'target': 162}, {'source': 89, 'target': 138}, {'source': 89, 'target': 143}, {'source': 90, 'target': 1}, {'source': 93, 'target': 49}, {'source': 97, 'target': 145}, {'source': 97, 'target': 130}, {'source': 97, 'target': 163}, {'source': 98, 'target': 88}, {'source': 98, 'target': 33}, {'source': 99, 'target': 91}, {'source': 101, 'target': 118}, {'source': 102, 'target': 71}, {'source': 102, 'target': 160}, {'source': 103, 'target': 27}, {'source': 104, 'target': 17}, {'source': 105, 'target': 81}, {'source': 105, 'target': 121}, {'source': 105, 'target': 146}, {'source': 106, 'target': 61}, {'source': 107, 'target': 79}, {'source': 107, 'target': 157}, {'source': 110, 'target': 53}, {'source': 114, 'target': 128}, {'source': 114, 'target': 105}, {'source': 115, 'target': 93}, {'source': 116, 'target': 34}, {'source': 116, 'target': 29}, {'source': 116, 'target': 159}, {'source': 116, 'target': 123}, {'source': 117, 'target': 173}, {'source': 118, 'target': 83}, {'source': 119, 'target': 26}, {'source': 123, 'target': 164}, {'source': 125, 'target': 94}, {'source': 125, 'target': 178}, {'source': 125, 'target': 43}, {'source': 126, 'target': 5}, {'source': 127, 'target': 20}, {'source': 127, 'target': 103}, {'source': 129, 'target': 10}, {'source': 130, 'target': 150}, {'source': 130, 'target': 0}, {'source': 132, 'target': 110}, {'source': 133, 'target': 54}, {'source': 134, 'target': 73}, {'source': 139, 'target': 113}, {'source': 140, 'target': 84}, {'source': 141, 'target': 56}, {'source': 143, 'target': 57}, {'source': 143, 'target': 111}, {'source': 144, 'target': 141}, {'source': 146, 'target': 4}, {'source': 151, 'target': 174}, {'source': 153, 'target': 69}, {'source': 157, 'target': 125}, {'source': 159, 'target': 76}, {'source': 160, 'target': 80}, {'source': 160, 'target': 116}, {'source': 164, 'target': 64}, {'source': 164, 'target': 140}, {'source': 164, 'target': 165}, {'source': 164, 'target': 98}, {'source': 165, 'target': 136}, {'source': 166, 'target': 40}, {'source': 168, 'target': 137}, {'source': 168, 'target': 70}, {'source': 168, 'target': 177}, {'source': 169, 'target': 8}, {'source': 171, 'target': 60}, {'source': 174, 'target': 139}, {'source': 174, 'target': 55}, {'source': 176, 'target': 179}, {'source': 177, 'target': 86}, {'source': 178, 'target': 63}, {'source': 178, 'target': 106}, {'source': 178, 'target': 175}, {'source': 179, 'target': 51}]}",3
"{'directed': True, 'multigraph': False, 'graph': {}, 'nodes': [{'id': 0}, {'id': 1}, {'id': 2}, {'id': 3}, {'id': 4}, {'id': 5}, {'id': 6}, {'id': 7}, {'id': 8}, {'id': 9}, {'id': 10}, {'id': 11}, {'id': 12}, {'id': 13}, {'id': 14}, {'id': 15}, {'id': 16}, {'id': 17}, {'id': 18}, {'id': 19}, {'id': 20}, {'id': 21}, {'id': 22}, {'id': 23}, {'id': 24}, {'id': 25}, {'id': 26}, {'id': 27}, {'id': 28}, {'id': 29}, {'id': 30}, {'id': 31}, {'id': 32}, {'id': 33}, {'id': 34}, {'id': 35}, {'id': 36}, {'id': 37}, {'id': 38}, {'id': 39}, {'id': 40}, {'id': 41}, {'id': 42}, {'id': 43}, {'id': 44}, {'id': 45}, {'id': 46}, {'id': 47}, {'id': 48}, {'id': 49}, {'id': 50}, {'id': 51}, {'id': 52}, {'id': 53}, {'id': 54}, {'id': 55}, {'id': 56}, {'id': 57}, {'id': 58}, {'id': 59}, {'id': 60}, {'id': 61}, {'id': 62}, {'id': 63}, {'id': 64}, {'id': 65}, {'id': 66}, {'id': 67}, {'id': 68}, {'id': 69}, {'id': 70}, {'id': 71}, {'id': 72}, {'id': 73}, {'id': 74}, {'id': 75}, {'id': 76}, {'id': 77}, {'id': 78}, {'id': 79}, {'id': 80}, {'id': 81}, {'id': 82}, {'id': 83}, {'id': 84}, {'id': 85}, {'id': 86}, {'id': 87}, {'id': 88}, {'id': 89}, {'id': 90}, {'id': 91}, {'id': 92}, {'id': 93}, {'id': 94}, {'id': 95}, {'id': 96}, {'id': 97}, {'id': 98}, {'id': 99}, {'id': 100}, {'id': 101}, {'id': 102}, {'id': 103}, {'id': 104}, {'id': 105}, {'id': 106}, {'id': 107}, {'id': 108}, {'id': 109}, {'id': 110}, {'id': 111}, {'id': 112}, {'id': 113}, {'id': 114}, {'id': 115}, {'id': 116}, {'id': 117}, {'id': 118}, {'id': 119}, {'id': 120}, {'id': 121}, {'id': 122}, {'id': 123}, {'id': 124}, {'id': 125}, {'id': 126}, {'id': 127}, {'id': 128}, {'id': 129}, {'id': 130}, {'id': 131}, {'id': 132}, {'id': 133}, {'id': 134}, {'id': 135}, {'id': 136}, {'id': 137}, {'id': 138}, {'id': 139}, {'id': 140}, {'id': 141}, {'id': 142}, {'id': 143}, {'id': 144}, {'id': 145}, {'id': 146}, {'id': 147}, {'id': 148}, {'id': 149}, {'id': 150}, {'id': 151}, {'id': 152}, {'id': 153}, {'id': 154}, {'id': 155}, {'id': 156}, {'id': 157}, {'id': 158}, {'id': 159}, {'id': 160}, {'id': 161}, {'id': 162}, {'id': 163}, {'id': 164}, {'id': 165}, {'id': 166}, {'id': 167}, {'id': 168}, {'id': 169}, {'id': 170}, {'id': 171}, {'id': 172}, {'id': 173}, {'id': 174}, {'id': 175}, {'id': 176}, {'id': 177}, {'id': 178}, {'id': 179}], 'links': [{'source': 0, 'target': 128}, {'source': 2, 'target': 95}, {'source': 2, 'target': 169}, {'source': 4, 'target': 121}, {'source': 6, 'target': 80}, {'source': 7, 'target': 118}, {'source': 7, 'target': 166}, {'source': 10, 'target': 42}, {'source': 11, 'target': 162}, {'source': 11, 'target': 138}, {'source': 14, 'target': 66}, {'source': 15, 'target': 52}, {'source': 15, 'target': 156}, {'source': 16, 'target': 5}, {'source': 16, 'target': 165}, {'source': 17, 'target': 50}, {'source': 18, 'target': 120}, {'source': 19, 'target': 3}, {'source': 19, 'target': 37}, {'source': 20, 'target': 79}, {'source': 23, 'target': 176}, {'source': 24, 'target': 31}, {'source': 25, 'target': 82}, {'source': 25, 'target': 101}, {'source': 27, 'target': 56}, {'source': 27, 'target': 139}, {'source': 28, 'target': 132}, {'source': 29, 'target': 110}, {'source': 32, 'target': 90}, {'source': 32, 'target': 124}, {'source': 33, 'target': 13}, {'source': 33, 'target': 100}, {'source': 34, 'target': 143}, {'source': 35, 'target': 85}, {'source': 36, 'target': 141}, {'source': 36, 'target': 108}, {'source': 38, 'target': 81}, {'source': 39, 'target': 167}, {'source': 41, 'target': 99}, {'source': 44, 'target': 96}, {'source': 45, 'target': 161}, {'source': 49, 'target': 51}, {'source': 50, 'target': 30}, {'source': 51, 'target': 62}, {'source': 52, 'target': 36}, {'source': 53, 'target': 76}, {'source': 53, 'target': 73}, {'source': 53, 'target': 67}, {'source': 53, 'target': 126}, {'source': 53, 'target': 11}, {'source': 54, 'target': 61}, {'source': 54, 'target': 87}, {'source': 55, 'target': 116}, {'source': 56, 'target': 98}, {'source': 57, 'target': 171}, {'source': 59, 'target': 144}, {'source': 59, 'target': 7}, {'source': 60, 'target': 119}, {'source': 60, 'target': 77}, {'source': 61, 'target': 2}, {'source': 62, 'target': 145}, {'source': 62, 'target': 149}, {'source': 63, 'target': 4}, {'source': 66, 'target': 21}, {'source': 67, 'target': 127}, {'source': 68, 'target': 86}, {'source': 68, 'target': 130}, {'source': 68, 'target': 16}, {'source': 71, 'target': 49}, {'source': 72, 'target': 46}, {'source': 73, 'target': 20}, {'source': 74, 'target': 157}, {'source': 77, 'target': 103}, {'source': 78, 'target': 147}, {'source': 80, 'target': 65}, {'source': 80, 'target': 140}, {'source': 80, 'target': 57}, {'source': 81, 'target': 41}, {'source': 81, 'target': 137}, {'source': 81, 'target': 155}, {'source': 84, 'target': 102}, {'source': 86, 'target': 24}, {'source': 86, 'target': 106}, {'source': 87, 'target': 19}, {'source': 87, 'target': 158}, {'source': 87, 'target': 84}, {'source': 89, 'target': 174}, {'source': 91, 'target': 33}, {'source': 92, 'target': 58}, {'source': 92, 'target': 45}, {'source': 92, 'target': 142}, {'source': 93, 'target': 177}, {'source': 94, 'target': 153}, {'source': 96, 'target': 64}, {'source': 96, 'target': 123}, {'source': 100, 'target': 44}, {'source': 100, 'target': 146}, {'source': 101, 'target': 163}, {'source': 102, 'target': 27}, {'source': 102, 'target': 134}, {'source': 102, 'target': 170}, {'source': 103, 'target': 68}, {'source': 104, 'target': 35}, {'source': 106, 'target': 14}, {'source': 107, 'target': 26}, {'source': 107, 'target': 125}, {'source': 108, 'target': 114}, {'source': 108, 'target': 107}, {'source': 109, 'target': 151}, {'source': 110, 'target': 12}, {'source': 110, 'target': 94}, {'source': 110, 'target': 15}, {'source': 111, 'target': 113}, {'source': 111, 'target': 178}, {'source': 112, 'target': 43}, {'source': 112, 'target': 63}, {'source': 112, 'target': 71}, {'source': 113, 'target': 69}, {'source': 114, 'target': 104}, {'source': 114, 'target': 18}, {'source': 117, 'target': 34}, {'source': 119, 'target': 91}, {'source': 119, 'target': 135}, {'source': 121, 'target': 22}, {'source': 121, 'target': 48}, {'source': 121, 'target': 28}, {'source': 124, 'target': 159}, {'source': 125, 'target': 32}, {'source': 126, 'target': 172}, {'source': 128, 'target': 70}, {'source': 129, 'target': 25}, {'source': 130, 'target': 75}, {'source': 134, 'target': 59}, {'source': 135, 'target': 173}, {'source': 136, 'target': 47}, {'source': 136, 'target': 29}, {'source': 137, 'target': 0}, {'source': 138, 'target': 152}, {'source': 139, 'target': 133}, {'source': 140, 'target': 109}, {'source': 141, 'target': 38}, {'source': 142, 'target': 179}, {'source': 145, 'target': 17}, {'source': 149, 'target': 8}, {'source': 150, 'target': 72}, {'source': 150, 'target': 105}, {'source': 150, 'target': 122}, {'source': 150, 'target': 6}, {'source': 151, 'target': 148}, {'source': 152, 'target': 131}, {'source': 152, 'target': 175}, {'source': 155, 'target': 1}, {'source': 156, 'target': 53}, {'source': 157, 'target': 60}, {'source': 160, 'target': 10}, {'source': 160, 'target': 115}, {'source': 161, 'target': 40}, {'source': 161, 'target': 150}, {'source': 162, 'target': 160}, {'source': 164, 'target': 97}, {'source': 165, 'target': 39}, {'source': 167, 'target': 136}, {'source': 168, 'target': 55}, {'source': 168, 'target': 112}, {'source': 168, 'target': 129}, {'source': 170, 'target': 154}, {'source': 170, 'target': 93}, {'source': 171, 'target': 83}, {'source': 171, 'target': 78}, {'source': 171, 'target': 23}, {'source': 171, 'target': 111}, {'source': 172, 'target': 168}, {'source': 174, 'target': 92}, {'source': 176, 'target': 54}, {'source': 177, 'target': 9}, {'source': 177, 'target': 117}, {'source': 178, 'target': 74}, {'source': 179, 'target': 88}, {'source': 179, 'target': 164}]}",3
"{'directed': True, 'multigraph': False, 'graph': {}, 'nodes': [{'id': 0}, {'id': 1}, {'id': 2}, {'id': 3}, {'id': 4}, {'id': 5}, {'id': 6}, {'id': 7}, {'id': 8}, {'id': 9}, {'id': 10}, {'id': 11}, {'id': 12}, {'id': 13}, {'id': 14}, {'id': 15}, {'id': 16}, {'id': 17}, {'id': 18}, {'id': 19}, {'id': 20}, {'id': 21}, {'id': 22}, {'id': 23}, {'id': 24}, {'id': 25}, {'id': 26}, {'id': 27}, {'id': 28}, {'id': 29}, {'id': 30}, {'id': 31}, {'id': 32}, {'id': 33}, {'id': 34}, {'id': 35}, {'id': 36}, {'id': 37}, {'id': 38}, {'id': 39}, {'id': 40}, {'id': 41}, {'id': 42}, {'id': 43}, {'id': 44}, {'id': 45}, {'id': 46}, {'id': 47}, {'id': 48}, {'id': 49}, {'id': 50}, {'id': 51}, {'id': 52}, {'id': 53}, {'id': 54}, {'id': 55}, {'id': 56}, {'id': 57}, {'id': 58}, {'id': 59}, {'id': 60}, {'id': 61}, {'id': 62}, {'id': 63}, {'id': 64}, {'id': 65}, {'id': 66}, {'id': 67}, {'id': 68}, {'id': 69}, {'id': 70}, {'id': 71}, {'id': 72}, {'id': 73}, {'id': 74}, {'id': 75}, {'id': 76}, {'id': 77}, {'id': 78}, {'id': 79}, {'id': 80}, {'id': 81}, {'id': 82}, {'id': 83}, {'id': 84}, {'id': 85}, {'id': 86}, {'id': 87}, {'id': 88}, {'id': 89}, {'id': 90}, {'id': 91}, {'id': 92}, {'id': 93}, {'id': 94}, {'id': 95}, {'id': 96}, {'id': 97}, {'id': 98}, {'id': 99}, {'id': 100}, {'id': 101}, {'id': 102}, {'id': 103}, {'id': 104}, {'id': 105}, {'id': 106}, {'id': 107}, {'id': 108}, {'id': 109}, {'id': 110}, {'id': 111}, {'id': 112}, {'id': 113}, {'id': 114}, {'id': 115}, {'id': 116}, {'id': 117}, {'id': 118}, {'id': 119}, {'id': 120}, {'id': 121}, {'id': 122}, {'id': 123}, {'id': 124}, {'id': 125}, {'id': 126}, {'id': 127}, {'id': 128}, {'id': 129}, {'id': 130}, {'id': 131}, {'id': 132}, {'id': 133}, {'id': 134}, {'id': 135}, {'id': 136}, {'id': 137}, {'id': 138}, {'id': 139}, {'id': 140}, {'id': 141}, {'id': 142}, {'id': 143}, {'id': 144}, {'id': 145}, {'id': 146}, {'id': 147}, {'id': 148}, {'id': 149}, {'id': 150}, {'id': 151}, {'id': 152}, {'id': 153}, {'id': 154}, {'id': 155}, {'id': 156}, {'id': 157}, {'id': 158}, {'id': 159}, {'id': 160}, {'id': 161}, {'id': 162}, {'id': 163}, {'id': 164}, {'id': 165}, {'id': 166}, {'id': 167}, {'id': 168}, {'id': 169}, {'id': 170}, {'id': 171}, {'id': 172}, {'id': 173}, {'id': 174}, {'id': 175}, {'id': 176}, {'id': 177}, {'id': 178}, {'id': 179}], 'links': [{'source': 0, 'target': 170}, {'source': 6, 'target': 108}, {'source': 6, 'target': 7}, {'source': 7, 'target': 52}, {'source': 7, 'target': 25}, {'source': 8, 'target': 64}, {'source': 8, 'target': 166}, {'source': 9, 'target': 15}, {'source': 10, 'target': 158}, {'source': 10, 'target': 39}, {'source': 10, 'target': 179}, {'source': 13, 'target': 56}, {'source': 13, 'target': 103}, {'source': 15, 'target': 2}, {'source': 18, 'target': 93}, {'source': 18, 'target': 159}, {'source': 19, 'target': 132}, {'source': 21, 'target': 95}, {'source': 21, 'target': 130}, {'source': 21, 'target': 19}, {'source': 24, 'target': 148}, {'source': 25, 'target': 112}, {'source': 26, 'target': 5}, {'source': 27, 'target': 141}, {'source': 29, 'target': 59}, {'source': 30, 'target': 41}, {'source': 33, 'target': 45}, {'source': 34, 'target': 17}, {'source': 35, 'target': 139}, {'source': 36, 'target': 78}, {'source': 36, 'target': 121}, {'source': 36, 'target': 80}, {'source': 38, 'target': 40}, {'source': 38, 'target': 58}, {'source': 39, 'target': 135}, {'source': 39, 'target': 35}, {'source': 39, 'target': 106}, {'source': 39, 'target': 75}, {'source': 41, 'target': 73}, {'source': 41, 'target': 163}, {'source': 42, 'target': 167}, {'source': 43, 'target': 152}, {'source': 46, 'target': 33}, {'source': 46, 'target': 157}, {'source': 48, 'target': 162}, {'source': 49, 'target': 133}, {'source': 49, 'target': 102}, {'source': 50, 'target': 32}, {'source': 52, 'target': 46}, {'source': 53, 'target': 123}, {'source': 55, 'target': 28}, {'source': 56, 'target': 144}, {'source': 56, 'target': 153}, {'source': 58, 'target': 116}, {'source': 58, 'target': 172}, {'source': 59, 'target': 54}, {'source': 59, 'target': 110}, {'source': 60, 'target': 24}, {'source': 63, 'target': 117}, {'source': 63, 'target': 65}, {'source': 64, 'target': 14}, {'source': 64, 'target': 74}, {'source': 65, 'target': 31}, {'source': 65, 'target': 50}, {'source': 65, 'target': 105}, {'source': 66, 'target': 69}, {'source': 66, 'target': 90}, {'source': 67, 'target': 27}, {'source': 68, 'target': 70}, {'source': 68, 'target': 84}, {'source': 68, 'target': 118}, {'source': 68, 'target': 134}, {'source': 68, 'target': 53}, {'source': 69, 'target': 26}, {'source': 71, 'target': 67}, {'source': 71, 'target': 176}, {'source': 72, 'target': 66}, {'source': 73, 'target': 12}, {'source': 74, 'target': 113}, {'source': 75, 'target': 21}, {'source': 75, 'target': 177}, {'source': 75, 'target': 94}, {'source': 76, 'target': 140}, {'source': 76, 'target': 43}, {'source': 77, 'target': 96}, {'source': 77, 'target': 107}, {'source': 80, 'target': 97}, {'source': 80, 'target': 10}, {'source': 81, 'target': 147}, {'source': 81, 'target': 151}, {'source': 83, 'target': 63}, {'source': 85, 'target': 47}, {'source': 85, 'target': 55}, {'source': 86, 'target': 81}, {'source': 86, 'target': 169}, {'source': 87, 'target': 60}, {'source': 88, 'target': 91}, {'source': 89, 'target': 149}, {'source': 90, 'target': 131}, {'source': 91, 'target': 0}, {'source': 94, 'target': 128}, {'source': 98, 'target': 34}, {'source': 98, 'target': 104}, {'source': 99, 'target': 44}, {'source': 100, 'target': 88}, {'source': 102, 'target': 145}, {'source': 103, 'target': 23}, {'source': 103, 'target': 109}, {'source': 104, 'target': 120}, {'source': 104, 'target': 48}, {'source': 105, 'target': 161}, {'source': 106, 'target': 57}, {'source': 106, 'target': 83}, {'source': 107, 'target': 11}, {'source': 107, 'target': 174}, {'source': 107, 'target': 126}, {'source': 109, 'target': 37}, {'source': 109, 'target': 18}, {'source': 109, 'target': 165}, {'source': 109, 'target': 36}, {'source': 112, 'target': 173}, {'source': 114, 'target': 49}, {'source': 115, 'target': 3}, {'source': 117, 'target': 111}, {'source': 119, 'target': 160}, {'source': 120, 'target': 92}, {'source': 120, 'target': 29}, {'source': 120, 'target': 138}, {'source': 123, 'target': 71}, {'source': 124, 'target': 154}, {'source': 126, 'target': 42}, {'source': 126, 'target': 175}, {'source': 127, 'target': 76}, {'source': 128, 'target': 62}, {'source': 128, 'target': 142}, {'source': 129, 'target': 115}, {'source': 129, 'target': 125}, {'source': 130, 'target': 99}, {'source': 134, 'target': 87}, {'source': 135, 'target': 127}, {'source': 138, 'target': 137}, {'source': 139, 'target': 20}, {'source': 139, 'target': 100}, {'source': 139, 'target': 171}, {'source': 142, 'target': 77}, {'source': 143, 'target': 124}, {'source': 143, 'target': 68}, {'source': 144, 'target': 122}, {'source': 145, 'target': 61}, {'source': 145, 'target': 101}, {'source': 146, 'target': 98}, {'source': 147, 'target': 150}, {'source': 148, 'target': 22}, {'source': 148, 'target': 136}, {'source': 150, 'target': 114}, {'source': 151, 'target': 129}, {'source': 153, 'target': 6}, {'source': 154, 'target': 16}, {'source': 154, 'target': 85}, {'source': 154, 'target': 86}, {'source': 158, 'target': 89}, {'source': 159, 'target': 4}, {'source': 160, 'target': 1}, {'source': 161, 'target': 143}, {'source': 162, 'target': 9}, {'source': 163, 'target': 79}, {'source': 164, 'target': 8}, {'source': 166, 'target': 155}, {'source': 166, 'target': 156}, {'source': 166, 'target': 168}, {'source': 171, 'target': 164}, {'source': 173, 'target': 72}, {'source': 173, 'target': 38}, {'source': 174, 'target': 51}, {'source': 175, 'target': 178}, {'source': 176, 'target': 146}, {'source': 178, 'target': 30}, {'source': 179, 'target': 82}, {'source': 179, 'target': 119}]}",10
"{'directed': True, 'multigraph': False, 'graph': {}, 'nodes': [{'id': 0}, {'id': 1}, {'id': 2}, {'id': 3}, {'id': 4}, {'id': 5}, {'id': 6}, {'id': 7}, {'id': 8}, {'id': 9}, {'id': 10}, {'id': 11}, {'id': 12}, {'id': 13}, {'id': 14}, {'id': 15}, {'id': 16}, {'id': 17}, {'id': 18}, {'id': 19}, {'id': 20}, {'id': 21}, {'id': 22}, {'id': 23}, {'id': 24}, {'id': 25}, {'id': 26}, {'id': 27}, {'id': 28}, {'id': 29}, {'id': 30}, {'id': 31}, {'id': 32}, {'id': 33}, {'id': 34}, {'id': 35}, {'id': 36}, {'id': 37}, {'id': 38}, {'id': 39}, {'id': 40}, {'id': 41}, {'id': 42}, {'id': 43}, {'id': 44}, {'id': 45}, {'id': 46}, {'id': 47}, {'id': 48}, {'id': 49}, {'id': 50}, {'id': 51}, {'id': 52}, {'id': 53}, {'id': 54}, {'id': 55}, {'id': 56}, {'id': 57}, {'id': 58}, {'id': 59}, {'id': 60}, {'id': 61}, {'id': 62}, {'id': 63}, {'id': 64}, {'id': 65}, {'id': 66}, {'id': 67}, {'id': 68}, {'id': 69}, {'id': 70}, {'id': 71}, {'id': 72}, {'id': 73}, {'id': 74}, {'id': 75}, {'id': 76}, {'id': 77}, {'id': 78}, {'id': 79}, {'id': 80}, {'id': 81}, {'id': 82}, {'id': 83}, {'id': 84}, {'id': 85}, {'id': 86}, {'id': 87}, {'id': 88}, {'id': 89}, {'id': 90}, {'id': 91}, {'id': 92}, {'id': 93}, {'id': 94}, {'id': 95}, {'id': 96}, {'id': 97}, {'id': 98}, {'id': 99}, {'id': 100}, {'id': 101}, {'id': 102}, {'id': 103}, {'id': 104}, {'id': 105}, {'id': 106}, {'id': 107}, {'id': 108}, {'id': 109}, {'id': 110}, {'id': 111}, {'id': 112}, {'id': 113}, {'id': 114}, {'id': 115}, {'id': 116}, {'id': 117}, {'id': 118}, {'id': 119}, {'id': 120}, {'id': 121}, {'id': 122}, {'id': 123}, {'id': 124}, {'id': 125}, {'id': 126}, {'id': 127}, {'id': 128}, {'id': 129}, {'id': 130}, {'id': 131}, {'id': 132}, {'id': 133}, {'id': 134}, {'id': 135}, {'id': 136}, {'id': 137}, {'id': 138}, {'id': 139}, {'id': 140}, {'id': 141}, {'id': 142}, {'id': 143}, {'id': 144}, {'id': 145}, {'id': 146}, {'id': 147}, {'id': 148}, {'id': 149}, {'id': 150}, {'id': 151}, {'id': 152}, {'id': 153}, {'id': 154}, {'id': 155}, {'id': 156}, {'id': 157}, {'id': 158}, {'id': 159}, {'id': 160}, {'id': 161}, {'id': 162}, {'id': 163}, {'id': 164}, {'id': 165}, {'id': 166}, {'id': 167}, {'id': 168}, {'id': 169}, {'id': 170}, {'id': 171}, {'id': 172}, {'id': 173}, {'id': 174}, {'id': 175}, {'id': 176}, {'id': 177}, {'id': 178}, {'id': 179}], 'links': [{'source': 2, 'target': 17}, {'source': 4, 'target': 123}, {'source': 5, 'target': 40}, {'source': 5, 'target': 94}, {'source': 6, 'target': 140}, {'source': 7, 'target': 64}, {'source': 7, 'target': 33}, {'source': 8, 'target': 76}, {'source': 9, 'target': 52}, {'source': 12, 'target': 34}, {'source': 12, 'target': 97}, {'source': 14, 'target': 42}, {'source': 15, 'target': 65}, {'source': 16, 'target': 102}, {'source': 17, 'target': 38}, {'source': 17, 'target': 101}, {'source': 18, 'target': 57}, {'source': 20, 'target': 138}, {'source': 20, 'target': 96}, {'source': 21, 'target': 26}, {'source': 21, 'target': 29}, {'source': 22, 'target': 27}, {'source': 23, 'target': 8}, {'source': 23, 'target': 135}, {'source': 23, 'target': 171}, {'source': 27, 'target': 25}, {'source': 27, 'target': 142}, {'source': 28, 'target': 61}, {'source': 29, 'target': 6}, {'source': 31, 'target': 78}, {'source': 31, 'target': 134}, {'source': 32, 'target': 3}, {'source': 32, 'target': 151}, {'source': 33, 'target': 36}, {'source': 33, 'target': 167}, {'source': 34, 'target': 81}, {'source': 34, 'target': 126}, {'source': 35, 'target': 83}, {'source': 37, 'target': 108}, {'source': 37, 'target': 39}, {'source': 39, 'target': 174}, {'source': 41, 'target': 71}, {'source': 42, 'target': 70}, {'source': 42, 'target': 128}, {'source': 42, 'target': 45}, {'source': 43, 'target': 22}, {'source': 44, 'target': 115}, {'source': 44, 'target': 169}, {'source': 45, 'target': 114}, {'source': 46, 'target': 152}, {'source': 48, 'target': 170}, {'source': 48, 'target': 178}, {'source': 49, 'target': 7}, {'source': 51, 'target': 31}, {'source': 52, 'target': 14}, {'source': 53, 'target': 136}, {'source': 54, 'target': 153}, {'source': 56, 'target': 159}, {'source': 57, 'target': 23}, {'source': 57, 'target': 129}, {'source': 58, 'target': 62}, {'source': 58, 'target': 86}, {'source': 58, 'target': 160}, {'source': 59, 'target': 161}, {'source': 63, 'target': 68}, {'source': 64, 'target': 75}, {'source': 64, 'target': 16}, {'source': 65, 'target': 139}, {'source': 65, 'target': 155}, {'source': 67, 'target': 92}, {'source': 67, 'target': 5}, {'source': 68, 'target': 19}, {'source': 69, 'target': 59}, {'source': 71, 'target': 20}, {'source': 71, 'target': 18}, {'source': 74, 'target': 118}, {'source': 75, 'target': 47}, {'source': 76, 'target': 24}, {'source': 80, 'target': 79}, {'source': 80, 'target': 99}, {'source': 80, 'target': 119}, {'source': 81, 'target': 87}, {'source': 82, 'target': 132}, {'source': 82, 'target': 162}, {'source': 83, 'target': 109}, {'source': 83, 'target': 32}, {'source': 86, 'target': 111}, {'source': 86, 'target': 21}, {'source': 86, 'target': 141}, {'source': 87, 'target': 112}, {'source': 87, 'target': 100}, {'source': 88, 'target': 164}, {'source': 89, 'target': 110}, {'source': 91, 'target': 175}, {'source': 91, 'target': 80}, {'source': 93, 'target': 105}, {'source': 93, 'target': 116}, {'source': 94, 'target': 50}, {'source': 94, 'target': 163}, {'source': 94, 'target': 173}, {'source': 95, 'target': 137}, {'source': 95, 'target': 177}, {'source': 96, 'target': 168}, {'source': 97, 'target': 85}, {'source': 97, 'target': 107}, {'source': 97, 'target': 82}, {'source': 100, 'target': 103}, {'source': 100, 'target': 125}, {'source': 106, 'target': 10}, {'source': 106, 'target': 48}, {'source': 109, 'target': 98}, {'source': 114, 'target': 72}, {'source': 114, 'target': 58}, {'source': 114, 'target': 106}, {'source': 116, 'target': 13}, {'source': 116, 'target': 157}, {'source': 117, 'target': 53}, {'source': 119, 'target': 120}, {'source': 119, 'target': 35}, {'source': 121, 'target': 93}, {'source': 121, 'target': 56}, {'source': 122, 'target': 150}, {'source': 123, 'target': 49}, {'source': 124, 'target': 67}, {'source': 127, 'target': 1}, {'source': 127, 'target': 156}, {'source': 127, 'target': 44}, {'source': 128, 'target': 2}, {'source': 128, 'target': 37}, {'source': 128, 'target': 176}, {'source': 129, 'target': 60}, {'source': 129, 'target': 95}, {'source': 130, 'target': 147}, {'source': 132, 'target': 69}, {'source': 133, 'target': 104}, {'source': 133, 'target': 124}, {'source': 135, 'target': 122}, {'source': 136, 'target': 51}, {'source': 136, 'target': 130}, {'source': 136, 'target': 166}, {'source': 136, 'target': 143}, {'source': 138, 'target': 11}, {'source': 138, 'target': 90}, {'source': 141, 'target': 46}, {'source': 142, 'target': 146}, {'source': 143, 'target': 158}, {'source': 145, 'target': 55}, {'source': 145, 'target': 89}, {'source': 146, 'target': 0}, {'source': 146, 'target': 4}, {'source': 146, 'target': 179}, {'source': 147, 'target': 73}, {'source': 147, 'target': 144}, {'source': 149, 'target': 63}, {'source': 150, 'target': 131}, {'source': 150, 'target': 15}, {'source': 151, 'target': 41}, {'source': 152, 'target': 74}, {'source': 156, 'target': 113}, {'source': 156, 'target': 154}, {'source': 158, 'target': 66}, {'source': 158, 'target': 148}, {'source': 158, 'target': 133}, {'source': 159, 'target': 84}, {'source': 159, 'target': 12}, {'source': 161, 'target': 77}, {'source': 162, 'target': 43}, {'source': 163, 'target': 54}, {'source': 164, 'target': 172}, {'source': 164, 'target': 9}, {'source': 165, 'target': 121}, {'source': 167, 'target': 88}, {'source': 170, 'target': 91}, {'source': 172, 'target': 30}, {'source': 172, 'target': 145}, {'source': 173, 'target': 149}, {'source': 173, 'target': 127}, {'source': 176, 'target': 28}, {'source': 178, 'target': 117}]}",10
"{'directed': True, 'multigraph': False, 'graph': {}, 'nodes': [{'id': 0}, {'id': 1}, {'id': 2}, {'id': 3}, {'id': 4}, {'id': 5}, {'id': 6}, {'id': 7}, {'id': 8}, {'id': 9}, {'id': 10}, {'id': 11}, {'id': 12}, {'id': 13}, {'id': 14}, {'id': 15}, {'id': 16}, {'id': 17}, {'id': 18}, {'id': 19}, {'id': 20}, {'id': 21}, {'id': 22}, {'id': 23}, {'id': 24}, {'id': 25}, {'id': 26}, {'id': 27}, {'id': 28}, {'id': 29}, {'id': 30}, {'id': 31}, {'id': 32}, {'id': 33}, {'id': 34}, {'id': 35}, {'id': 36}, {'id': 37}, {'id': 38}, {'id': 39}, {'id': 40}, {'id': 41}, {'id': 42}, {'id': 43}, {'id': 44}, {'id': 45}, {'id': 46}, {'id': 47}, {'id': 48}, {'id': 49}, {'id': 50}, {'id': 51}, {'id': 52}, {'id': 53}, {'id': 54}, {'id': 55}, {'id': 56}, {'id': 57}, {'id': 58}, {'id': 59}, {'id': 60}, {'id': 61}, {'id': 62}, {'id': 63}, {'id': 64}, {'id': 65}, {'id': 66}, {'id': 67}, {'id': 68}, {'id': 69}, {'id': 70}, {'id': 71}, {'id': 72}, {'id': 73}, {'id': 74}, {'id': 75}, {'id': 76}, {'id': 77}, {'id': 78}, {'id': 79}, {'id': 80}, {'id': 81}, {'id': 82}, {'id': 83}, {'id': 84}, {'id': 85}, {'id': 86}, {'id': 87}, {'id': 88}, {'id': 89}, {'id': 90}, {'id': 91}, {'id': 92}, {'id': 93}, {'id': 94}, {'id': 95}, {'id': 96}, {'id': 97}, {'id': 98}, {'id': 99}, {'id': 100}, {'id': 101}, {'id': 102}, {'id': 103}, {'id': 104}, {'id': 105}, {'id': 106}, {'id': 107}, {'id': 108}, {'id': 109}, {'id': 110}, {'id': 111}, {'id': 112}, {'id': 113}, {'id': 114}, {'id': 115}, {'id': 116}, {'id': 117}, {'id': 118}, {'id': 119}, {'id': 120}, {'id': 121}, {'id': 122}, {'id': 123}, {'id': 124}, {'id': 125}, {'id': 126}, {'id': 127}, {'id': 128}, {'id': 129}, {'id': 130}, {'id': 131}, {'id': 132}, {'id': 133}, {'id': 134}, {'id': 135}, {'id': 136}, {'id': 137}, {'id': 138}, {'id': 139}, {'id': 140}, {'id': 141}, {'id': 142}, {'id': 143}, {'id': 144}, {'id': 145}, {'id': 146}, {'id': 147}, {'id': 148}, {'id': 149}, {'id': 150}, {'id': 151}, {'id': 152}, {'id': 153}, {'id': 154}, {'id': 155}, {'id': 156}, {'id': 157}, {'id': 158}, {'id': 159}, {'id': 160}, {'id': 161}, {'id': 162}, {'id': 163}, {'id': 164}, {'id': 165}, {'id': 166}, {'id': 167}, {'id': 168}, {'id': 169}, {'id': 170}, {'id': 171}, {'id': 172}, {'id': 173}, {'id': 174}, {'id': 175}, {'id': 176}, {'id': 177}, {'id': 178}, {'id': 179}], 'links': [{'source': 0, 'target': 70}, {'source': 0, 'target': 83}, {'source': 3, 'target': 45}, {'source': 4, 'target': 15}, {'source': 5, 'target': 9}, {'source': 5, 'target': 124}, {'source': 6, 'target': 79}, {'source': 6, 'target': 167}, {'source': 7, 'target': 48}, {'source': 8, 'target': 60}, {'source': 10, 'target': 40}, {'source': 11, 'target': 77}, {'source': 11, 'target': 153}, {'source': 12, 'target': 120}, {'source': 13, 'target': 33}, {'source': 13, 'target': 47}, {'source': 13, 'target': 176}, {'source': 14, 'target': 21}, {'source': 14, 'target': 135}, {'source': 17, 'target': 131}, {'source': 20, 'target': 154}, {'source': 20, 'target': 36}, {'source': 21, 'target': 22}, {'source': 22, 'target': 101}, {'source': 22, 'target': 44}, {'source': 25, 'target': 129}, {'source': 26, 'target': 6}, {'source': 28, 'target': 18}, {'source': 28, 'target': 111}, {'source': 30, 'target': 174}, {'source': 30, 'target': 145}, {'source': 31, 'target': 122}, {'source': 31, 'target': 43}, {'source': 32, 'target': 127}, {'source': 34, 'target': 0}, {'source': 35, 'target': 64}, {'source': 36, 'target': 155}, {'source': 36, 'target': 50}, {'source': 37, 'target': 93}, {'source': 39, 'target': 72}, {'source': 40, 'target': 152}, {'source': 41, 'target': 116}, {'source': 41, 'target': 71}, {'source': 43, 'target': 5}, {'source': 44, 'target': 2}, {'source': 44, 'target': 25}, {'source': 44, 'target': 130}, {'source': 45, 'target': 99}, {'source': 49, 'target': 20}, {'source': 50, 'target': 37}, {'source': 52, 'target': 86}, {'source': 56, 'target': 144}, {'source': 57, 'target': 146}, {'source': 57, 'target': 34}, {'source': 59, 'target': 178}, {'source': 60, 'target': 3}, {'source': 61, 'target': 17}, {'source': 61, 'target': 177}, {'source': 62, 'target': 139}, {'source': 62, 'target': 173}, {'source': 63, 'target': 46}, {'source': 63, 'target': 8}, {'source': 64, 'target': 29}, {'source': 65, 'target': 73}, {'source': 65, 'target': 75}, {'source': 66, 'target': 89}, {'source': 66, 'target': 179}, {'source': 67, 'target': 88}, {'source': 67, 'target': 49}, {'source': 68, 'target': 30}, {'source': 69, 'target': 76}, {'source': 70, 'target': 149}, {'source': 71, 'target': 107}, {'source': 74, 'target': 134}, {'source': 78, 'target': 110}, {'source': 79, 'target': 140}, {'source': 80, 'target': 90}, {'source': 80, 'target': 94}, {'source': 80, 'target': 87}, {'source': 81, 'target': 171}, {'source': 82, 'target': 58}, {'source': 82, 'target': 117}, {'source': 82, 'target': 96}, {'source': 82, 'target': 151}, {'source': 82, 'target': 95}, {'source': 83, 'target': 41}, {'source': 84, 'target': 24}, {'source': 84, 'target': 78}, {'source': 85, 'target': 109}, {'source': 85, 'target': 10}, {'source': 86, 'target': 54}, {'source': 86, 'target': 35}, {'source': 87, 'target': 143}, {'source': 88, 'target': 162}, {'source': 92, 'target': 161}, {'source': 92, 'target': 137}, {'source': 93, 'target': 147}, {'source': 94, 'target': 4}, {'source': 95, 'target': 165}, {'source': 96, 'target': 121}, {'source': 97, 'target': 141}, {'source': 97, 'target': 150}, {'source': 101, 'target': 52}, {'source': 103, 'target': 104}, {'source': 104, 'target': 39}, {'source': 104, 'target': 160}, {'source': 104, 'target': 168}, {'source': 105, 'target': 172}, {'source': 107, 'target': 59}, {'source': 108, 'target': 106}, {'source': 108, 'target': 84}, {'source': 110, 'target': 38}, {'source': 110, 'target': 114}, {'source': 112, 'target': 63}, {'source': 114, 'target': 7}, {'source': 115, 'target': 125}, {'source': 115, 'target': 128}, {'source': 115, 'target': 163}, {'source': 116, 'target': 51}, {'source': 117, 'target': 23}, {'source': 118, 'target': 102}, {'source': 121, 'target': 28}, {'source': 121, 'target': 32}, {'source': 123, 'target': 157}, {'source': 124, 'target': 156}, {'source': 125, 'target': 27}, {'source': 129, 'target': 55}, {'source': 130, 'target': 16}, {'source': 131, 'target': 118}, {'source': 132, 'target': 1}, {'source': 132, 'target': 12}, {'source': 133, 'target': 126}, {'source': 133, 'target': 97}, {'source': 133, 'target': 82}, {'source': 134, 'target': 85}, {'source': 135, 'target': 166}, {'source': 135, 'target': 62}, {'source': 135, 'target': 68}, {'source': 135, 'target': 133}, {'source': 136, 'target': 13}, {'source': 136, 'target': 66}, {'source': 137, 'target': 61}, {'source': 138, 'target': 65}, {'source': 138, 'target': 175}, {'source': 139, 'target': 113}, {'source': 143, 'target': 123}, {'source': 144, 'target': 67}, {'source': 145, 'target': 11}, {'source': 146, 'target': 74}, {'source': 147, 'target': 26}, {'source': 150, 'target': 159}, {'source': 150, 'target': 158}, {'source': 152, 'target': 19}, {'source': 152, 'target': 56}, {'source': 153, 'target': 57}, {'source': 155, 'target': 42}, {'source': 156, 'target': 98}, {'source': 158, 'target': 119}, {'source': 158, 'target': 31}, {'source': 158, 'target': 164}, {'source': 158, 'target': 81}, {'source': 163, 'target': 138}, {'source': 164, 'target': 112}, {'source': 165, 'target': 170}, {'source': 165, 'target': 105}, {'source': 165, 'target': 136}, {'source': 167, 'target': 103}, {'source': 169, 'target': 92}, {'source': 171, 'target': 53}, {'source': 173, 'target': 132}, {'source': 174, 'target': 100}, {'source': 174, 'target': 108}, {'source': 175, 'target': 80}, {'source': 176, 'target': 91}, {'source': 176, 'target': 142}, {'source': 176, 'target': 115}, {'source': 177, 'target': 14}, {'source': 178, 'target': 69}, {'source': 179, 'target': 148}]}",10
"{'directed': True, 'multigraph': False, 'graph': {}, 'nodes': [{'id': 0}, {'id': 1}, {'id': 2}, {'id': 3}, {'id': 4}, {'id': 5}, {'id': 6}, {'id': 7}, {'id': 8}, {'id': 9}, {'id': 10}, {'id': 11}, {'id': 12}, {'id': 13}, {'id': 14}, {'id': 15}, {'id': 16}, {'id': 17}, {'id': 18}, {'id': 19}, {'id': 20}, {'id': 21}, {'id': 22}, {'id': 23}, {'id': 24}, {'id': 25}, {'id': 26}, {'id': 27}, {'id': 28}, {'id': 29}, {'id': 30}, {'id': 31}, {'id': 32}, {'id': 33}, {'id': 34}, {'id': 35}, {'id': 36}, {'id': 37}, {'id': 38}, {'id': 39}, {'id': 40}, {'id': 41}, {'id': 42}, {'id': 43}, {'id': 44}, {'id': 45}, {'id': 46}, {'id': 47}, {'id': 48}, {'id': 49}, {'id': 50}, {'id': 51}, {'id': 52}, {'id': 53}, {'id': 54}, {'id': 55}, {'id': 56}, {'id': 57}, {'id': 58}, {'id': 59}, {'id': 60}, {'id': 61}, {'id': 62}, {'id': 63}, {'id': 64}, {'id': 65}, {'id': 66}, {'id': 67}, {'id': 68}, {'id': 69}, {'id': 70}, {'id': 71}, {'id': 72}, {'id': 73}, {'id': 74}, {'id': 75}, {'id': 76}, {'id': 77}, {'id': 78}, {'id': 79}, {'id': 80}, {'id': 81}, {'id': 82}, {'id': 83}, {'id': 84}, {'id': 85}, {'id': 86}, {'id': 87}, {'id': 88}, {'id': 89}, {'id': 90}, {'id': 91}, {'id': 92}, {'id': 93}, {'id': 94}, {'id': 95}, {'id': 96}, {'id': 97}, {'id': 98}, {'id': 99}, {'id': 100}, {'id': 101}, {'id': 102}, {'id': 103}, {'id': 104}, {'id': 105}, {'id': 106}, {'id': 107}, {'id': 108}, {'id': 109}, {'id': 110}, {'id': 111}, {'id': 112}, {'id': 113}, {'id': 114}, {'id': 115}, {'id': 116}, {'id': 117}, {'id': 118}, {'id': 119}, {'id': 120}, {'id': 121}, {'id': 122}, {'id': 123}, {'id': 124}, {'id': 125}, {'id': 126}, {'id': 127}, {'id': 128}, {'id': 129}, {'id': 130}, {'id': 131}, {'id': 132}, {'id': 133}, {'id': 134}, {'id': 135}, {'id': 136}, {'id': 137}, {'id': 138}, {'id': 139}, {'id': 140}, {'id': 141}, {'id': 142}, {'id': 143}, {'id': 144}, {'id': 145}, {'id': 146}, {'id': 147}, {'id': 148}, {'id': 149}, {'id': 150}, {'id': 151}, {'id': 152}, {'id': 153}, {'id': 154}, {'id': 155}, {'id': 156}, {'id': 157}, {'id': 158}, {'id': 159}, {'id': 160}, {'id': 161}, {'id': 162}, {'id': 163}, {'id': 164}, {'id': 165}, {'id': 166}, {'id': 167}, {'id': 168}, {'id': 169}, {'id': 170}, {'id': 171}, {'id': 172}, {'id': 173}, {'id': 174}, {'id': 175}, {'id': 176}, {'id': 177}, {'id': 178}, {'id': 179}], 'links': [{'source': 1, 'target': 56}, {'source': 1, 'target': 44}, {'source': 3, 'target': 107}, {'source': 4, 'target': 30}, {'source': 5, 'target': 134}, {'source': 5, 'target': 33}, {'source': 7, 'target': 25}, {'source': 8, 'target': 35}, {'source': 9, 'target': 39}, {'source': 9, 'target': 177}, {'source': 11, 'target': 135}, {'source': 11, 'target': 125}, {'source': 13, 'target': 138}, {'source': 14, 'target': 144}, {'source': 15, 'target': 26}, {'source': 15, 'target': 108}, {'source': 15, 'target': 53}, {'source': 17, 'target': 4}, {'source': 17, 'target': 106}, {'source': 18, 'target': 139}, {'source': 21, 'target': 111}, {'source': 23, 'target': 41}, {'source': 24, 'target': 43}, {'source': 24, 'target': 115}, {'source': 26, 'target': 87}, {'source': 27, 'target': 88}, {'source': 27, 'target': 100}, {'source': 27, 'target': 166}, {'source': 27, 'target': 140}, {'source': 29, 'target': 172}, {'source': 30, 'target': 24}, {'source': 31, 'target': 98}, {'source': 31, 'target': 104}, {'source': 33, 'target': 169}, {'source': 35, 'target': 91}, {'source': 36, 'target': 40}, {'source': 36, 'target': 163}, {'source': 37, 'target': 81}, {'source': 39, 'target': 48}, {'source': 40, 'target': 20}, {'source': 42, 'target': 14}, {'source': 42, 'target': 65}, {'source': 44, 'target': 28}, {'source': 44, 'target': 50}, {'source': 45, 'target': 122}, {'source': 45, 'target': 142}, {'source': 46, 'target': 1}, {'source': 47, 'target': 89}, {'source': 47, 'target': 179}, {'source': 48, 'target': 38}, {'source': 48, 'target': 97}, {'source': 48, 'target': 168}, {'source': 49, 'target': 17}, {'source': 49, 'target': 78}, {'source': 50, 'target': 154}, {'source': 52, 'target': 85}, {'source': 53, 'target': 93}, {'source': 53, 'target': 130}, {'source': 55, 'target': 32}, {'source': 56, 'target': 54}, {'source': 57, 'target': 102}, {'source': 58, 'target': 121}, {'source': 60, 'target': 73}, {'source': 60, 'target': 52}, {'source': 62, 'target': 164}, {'source': 65, 'target': 165}, {'source': 65, 'target': 123}, {'source': 65, 'target': 171}, {'source': 68, 'target': 114}, {'source': 69, 'target': 60}, {'source': 70, 'target': 75}, {'source': 71, 'target': 175}, {'source': 72, 'target': 55}, {'source': 74, 'target': 133}, {'source': 75, 'target': 49}, {'source': 76, 'target': 16}, {'source': 76, 'target': 96}, {'source': 76, 'target': 143}, {'source': 78, 'target': 9}, {'source': 78, 'target': 178}, {'source': 79, 'target': 22}, {'source': 80, 'target': 34}, {'source': 80, 'target': 62}, {'source': 83, 'target': 37}, {'source': 83, 'target': 99}, {'source': 84, 'target': 82}, {'source': 84, 'target': 149}, {'source': 89, 'target': 118}, {'source': 89, 'target': 173}, {'source': 92, 'target': 127}, {'source': 92, 'target': 5}, {'source': 93, 'target': 105}, {'source': 97, 'target': 141}, {'source': 99, 'target': 11}, {'source': 101, 'target': 160}, {'source': 102, 'target': 63}, {'source': 102, 'target': 167}, {'source': 103, 'target': 119}, {'source': 103, 'target': 155}, {'source': 104, 'target': 10}, {'source': 104, 'target': 8}, {'source': 104, 'target': 95}, {'source': 104, 'target': 147}, {'source': 104, 'target': 158}, {'source': 105, 'target': 128}, {'source': 106, 'target': 2}, {'source': 106, 'target': 146}, {'source': 107, 'target': 110}, {'source': 109, 'target': 12}, {'source': 111, 'target': 86}, {'source': 111, 'target': 68}, {'source': 112, 'target': 176}, {'source': 113, 'target': 174}, {'source': 113, 'target': 47}, {'source': 114, 'target': 6}, {'source': 116, 'target': 162}, {'source': 117, 'target': 94}, {'source': 117, 'target': 126}, {'source': 117, 'target': 151}, {'source': 119, 'target': 3}, {'source': 120, 'target': 18}, {'source': 122, 'target': 23}, {'source': 122, 'target': 152}, {'source': 123, 'target': 21}, {'source': 123, 'target': 137}, {'source': 124, 'target': 112}, {'source': 125, 'target': 132}, {'source': 125, 'target': 116}, {'source': 125, 'target': 145}, {'source': 126, 'target': 136}, {'source': 126, 'target': 148}, {'source': 127, 'target': 64}, {'source': 127, 'target': 161}, {'source': 129, 'target': 79}, {'source': 129, 'target': 29}, {'source': 130, 'target': 156}, {'source': 131, 'target': 92}, {'source': 133, 'target': 159}, {'source': 135, 'target': 120}, {'source': 135, 'target': 76}, {'source': 137, 'target': 124}, {'source': 139, 'target': 13}, {'source': 140, 'target': 153}, {'source': 142, 'target': 46}, {'source': 145, 'target': 113}, {'source': 146, 'target': 74}, {'source': 146, 'target': 36}, {'source': 146, 'target': 101}, {'source': 146, 'target': 71}, {'source': 149, 'target': 157}, {'source': 153, 'target': 84}, {'source': 153, 'target': 45}, {'source': 154, 'target': 66}, {'source': 154, 'target': 129}, {'source': 154, 'target': 42}, {'source': 156, 'target': 109}, {'source': 156, 'target': 83}, {'source': 157, 'target': 103}, {'source': 160, 'target': 58}, {'source': 160, 'target': 131}, {'source': 161, 'target': 69}, {'source': 162, 'target': 7}, {'source': 167, 'target': 170}, {'source': 168, 'target': 19}, {'source': 168, 'target': 150}, {'source': 169, 'target': 90}, {'source': 170, 'target': 117}, {'source': 170, 'target': 31}, {'source': 170, 'target': 27}, {'source': 171, 'target': 15}, {'source': 172, 'target': 67}, {'source': 172, 'target': 77}, {'source': 172, 'target': 80}, {'source': 174, 'target': 51}, {'source': 174, 'target': 61}, {'source': 175, 'target': 0}, {'source': 175, 'target': 72}, {'source': 176, 'target': 70}, {'source': 177, 'target': 59}]}",50
"{'directed': True, 'multigraph': False, 'graph': {}, 'nodes': [{'id': 0}, {'id': 1}, {'id': 2}, {'id': 3}, {'id': 4}, {'id': 5}, {'id': 6}, {'id': 7}, {'id': 8}, {'id': 9}, {'id': 10}, {'id': 11}, {'id': 12}, {'id': 13}, {'id': 14}, {'id': 15}, {'id': 16}, {'id': 17}, {'id': 18}, {'id': 19}, {'id': 20}, {'id': 21}, {'id': 22}, {'id': 23}, {'id': 24}, {'id': 25}, {'id': 26}, {'id': 27}, {'id': 28}, {'id': 29}, {'id': 30}, {'id': 31}, {'id': 32}, {'id': 33}, {'id': 34}, {'id': 35}, {'id': 36}, {'id': 37}, {'id': 38}, {'id': 39}, {'id': 40}, {'id': 41}, {'id': 42}, {'id': 43}, {'id': 44}, {'id': 45}, {'id': 46}, {'id': 47}, {'id': 48}, {'id': 49}, {'id': 50}, {'id': 51}, {'id': 52}, {'id': 53}, {'id': 54}, {'id': 55}, {'id': 56}, {'id': 57}, {'id': 58}, {'id': 59}, {'id': 60}, {'id': 61}, {'id': 62}, {'id': 63}, {'id': 64}, {'id': 65}, {'id': 66}, {'id': 67}, {'id': 68}, {'id': 69}, {'id': 70}, {'id': 71}, {'id': 72}, {'id': 73}, {'id': 74}, {'id': 75}, {'id': 76}, {'id': 77}, {'id': 78}, {'id': 79}, {'id': 80}, {'id': 81}, {'id': 82}, {'id': 83}, {'id': 84}, {'id': 85}, {'id': 86}, {'id': 87}, {'id': 88}, {'id': 89}, {'id': 90}, {'id': 91}, {'id': 92}, {'id': 93}, {'id': 94}, {'id': 95}, {'id': 96}, {'id': 97}, {'id': 98}, {'id': 99}, {'id': 100}, {'id': 101}, {'id': 102}, {'id': 103}, {'id': 104}, {'id': 105}, {'id': 106}, {'id': 107}, {'id': 108}, {'id': 109}, {'id': 110}, {'id': 111}, {'id': 112}, {'id': 113}, {'id': 114}, {'id': 115}, {'id': 116}, {'id': 117}, {'id': 118}, {'id': 119}, {'id': 120}, {'id': 121}, {'id': 122}, {'id': 123}, {'id': 124}, {'id': 125}, {'id': 126}, {'id': 127}, {'id': 128}, {'id': 129}, {'id': 130}, {'id': 131}, {'id': 132}, {'id': 133}, {'id': 134}, {'id': 135}, {'id': 136}, {'id': 137}, {'id': 138}, {'id': 139}, {'id': 140}, {'id': 141}, {'id': 142}, {'id': 143}, {'id': 144}, {'id': 145}, {'id': 146}, {'id': 147}, {'id': 148}, {'id': 149}, {'id': 150}, {'id': 151}, {'id': 152}, {'id': 153}, {'id': 154}, {'id': 155}, {'id': 156}, {'id': 157}, {'id': 158}, {'id': 159}, {'id': 160}, {'id': 161}, {'id': 162}, {'id': 163}, {'id': 164}, {'id': 165}, {'id': 166}, {'id': 167}, {'id': 168}, {'id': 169}, {'id': 170}, {'id': 171}, {'id': 172}, {'id': 173}, {'id': 174}, {'id': 175}, {'id': 176}, {'id': 177}, {'id': 178}, {'id': 179}], 'links': [{'source': 1, 'target': 86}, {'source': 1, 'target': 140}, {'source': 2, 'target': 9}, {'source': 2, 'target': 110}, {'source': 5, 'target': 148}, {'source': 6, 'target': 102}, {'source': 8, 'target': 36}, {'source': 10, 'target': 94}, {'source': 11, 'target': 93}, {'source': 11, 'target': 15}, {'source': 12, 'target': 57}, {'source': 12, 'target': 167}, {'source': 13, 'target': 23}, {'source': 13, 'target': 150}, {'source': 13, 'target': 155}, {'source': 15, 'target': 157}, {'source': 16, 'target': 101}, {'source': 16, 'target': 77}, {'source': 17, 'target': 6}, {'source': 19, 'target': 30}, {'source': 20, 'target': 170}, {'source': 21, 'target': 22}, {'source': 21, 'target': 118}, {'source': 21, 'target': 69}, {'source': 23, 'target': 142}, {'source': 24, 'target': 33}, {'source': 24, 'target': 166}, {'source': 25, 'target': 53}, {'source': 28, 'target': 32}, {'source': 28, 'target': 173}, {'source': 29, 'target': 136}, {'source': 30, 'target': 124}, {'source': 31, 'target': 12}, {'source': 36, 'target': 176}, {'source': 37, 'target': 7}, {'source': 37, 'target': 27}, {'source': 37, 'target': 163}, {'source': 37, 'target': 127}, {'source': 39, 'target': 74}, {'source': 40, 'target': 42}, {'source': 40, 'target': 88}, {'source': 40, 'target': 39}, {'source': 40, 'target': 130}, {'source': 41, 'target': 26}, {'source': 41, 'target': 81}, {'source': 41, 'target': 17}, {'source': 43, 'target': 122}, {'source': 45, 'target': 78}, {'source': 47, 'target': 158}, {'source': 48, 'target': 145}, {'source': 49, 'target': 14}, {'source': 49, 'target': 131}, {'source': 50, 'target': 171}, {'source': 50, 'target': 66}, {'source': 52, 'target': 153}, {'source': 53, 'target': 92}, {'source': 53, 'target': 70}, {'source': 54, 'target': 62}, {'source': 54, 'target': 123}, {'source': 55, 'target': 51}, {'source': 55, 'target': 114}, {'source': 55, 'target': 40}, {'source': 56, 'target': 152}, {'source': 58, 'target': 64}, {'source': 58, 'target': 143}, {'source': 60, 'target': 169}, {'source': 64, 'target': 34}, {'source': 64, 'target': 44}, {'source': 65, 'target': 168}, {'source': 65, 'target': 178}, {'source': 65, 'target': 112}, {'source': 66, 'target': 90}, {'source': 68, 'target': 67}, {'source': 68, 'target': 119}, {'source': 69, 'target': 35}, {'source': 69, 'target': 98}, {'source': 70, 'target': 83}, {'source': 70, 'target': 54}, {'source': 70, 'target': 139}, {'source': 72, 'target': 60}, {'source': 72, 'target': 82}, {'source': 74, 'target': 45}, {'source': 75, 'target': 165}, {'source': 77, 'target': 129}, {'source': 78, 'target': 24}, {'source': 79, 'target': 149}, {'source': 79, 'target': 5}, {'source': 80, 'target': 55}, {'source': 81, 'target': 46}, {'source': 82, 'target': 99}, {'source': 84, 'target': 75}, {'source': 84, 'target': 43}, {'source': 85, 'target': 164}, {'source': 87, 'target': 72}, {'source': 88, 'target': 76}, {'source': 88, 'target': 120}, {'source': 89, 'target': 73}, {'source': 89, 'target': 16}, {'source': 90, 'target': 2}, {'source': 90, 'target': 113}, {'source': 93, 'target': 56}, {'source': 94, 'target': 65}, {'source': 95, 'target': 126}, {'source': 96, 'target': 20}, {'source': 98, 'target': 25}, {'source': 99, 'target': 21}, {'source': 102, 'target': 125}, {'source': 102, 'target': 52}, {'source': 103, 'target': 49}, {'source': 103, 'target': 177}, {'source': 104, 'target': 3}, {'source': 104, 'target': 91}, {'source': 104, 'target': 13}, {'source': 104, 'target': 89}, {'source': 104, 'target': 50}, {'source': 105, 'target': 141}, {'source': 108, 'target': 115}, {'source': 108, 'target': 68}, {'source': 109, 'target': 159}, {'source': 111, 'target': 37}, {'source': 112, 'target': 80}, {'source': 113, 'target': 108}, {'source': 113, 'target': 48}, {'source': 113, 'target': 175}, {'source': 114, 'target': 31}, {'source': 114, 'target': 28}, {'source': 116, 'target': 162}, {'source': 119, 'target': 97}, {'source': 120, 'target': 59}, {'source': 120, 'target': 61}, {'source': 120, 'target': 11}, {'source': 122, 'target': 103}, {'source': 124, 'target': 160}, {'source': 124, 'target': 111}, {'source': 125, 'target': 144}, {'source': 127, 'target': 172}, {'source': 128, 'target': 146}, {'source': 128, 'target': 132}, {'source': 129, 'target': 109}, {'source': 130, 'target': 8}, {'source': 132, 'target': 156}, {'source': 133, 'target': 85}, {'source': 137, 'target': 79}, {'source': 138, 'target': 100}, {'source': 139, 'target': 107}, {'source': 139, 'target': 134}, {'source': 139, 'target': 47}, {'source': 140, 'target': 128}, {'source': 140, 'target': 104}, {'source': 144, 'target': 147}, {'source': 148, 'target': 63}, {'source': 148, 'target': 154}, {'source': 149, 'target': 18}, {'source': 149, 'target': 117}, {'source': 150, 'target': 4}, {'source': 150, 'target': 105}, {'source': 151, 'target': 71}, {'source': 151, 'target': 121}, {'source': 151, 'target': 135}, {'source': 151, 'target': 174}, {'source': 153, 'target': 151}, {'source': 154, 'target': 87}, {'source': 155, 'target': 95}, {'source': 157, 'target': 58}, {'source': 158, 'target': 0}, {'source': 158, 'target': 116}, {'source': 161, 'target': 106}, {'source': 162, 'target': 161}, {'source': 162, 'target': 96}, {'source': 163, 'target': 29}, {'source': 163, 'target': 137}, {'source': 164, 'target': 138}, {'source': 166, 'target': 1}, {'source': 169, 'target': 133}, {'source': 171, 'target': 41}, {'source': 174, 'target': 38}, {'source': 175, 'target': 19}, {'source': 176, 'target': 84}, {'source': 176, 'target': 179}]}",50
"{'directed': True, 'multigraph': False, 'graph': {}, 'nodes': [{'id': 0}, {'id': 1}, {'id': 2}, {'id': 3}, {'id': 4}, {'id': 5}, {'id': 6}, {'id': 7}, {'id': 8}, {'id': 9}, {'id': 10}, {'id': 11}, {'id': 12}, {'id': 13}, {'id': 14}, {'id': 15}, {'id': 16}, {'id': 17}, {'id': 18}, {'id': 19}, {'id': 20}, {'id': 21}, {'id': 22}, {'id': 23}, {'id': 24}, {'id': 25}, {'id': 26}, {'id': 27}, {'id': 28}, {'id': 29}, {'id': 30}, {'id': 31}, {'id': 32}, {'id': 33}, {'id': 34}, {'id': 35}, {'id': 36}, {'id': 37}, {'id': 38}, {'id': 39}, {'id': 40}, {'id': 41}, {'id': 42}, {'id': 43}, {'id': 44}, {'id': 45}, {'id': 46}, {'id': 47}, {'id': 48}, {'id': 49}, {'id': 50}, {'id': 51}, {'id': 52}, {'id': 53}, {'id': 54}, {'id': 55}, {'id': 56}, {'id': 57}, {'id': 58}, {'id': 59}, {'id': 60}, {'id': 61}, {'id': 62}, {'id': 63}, {'id': 64}, {'id': 65}, {'id': 66}, {'id': 67}, {'id': 68}, {'id': 69}, {'id': 70}, {'id': 71}, {'id': 72}, {'id': 73}, {'id': 74}, {'id': 75}, {'id': 76}, {'id': 77}, {'id': 78}, {'id': 79}, {'id': 80}, {'id': 81}, {'id': 82}, {'id': 83}, {'id': 84}, {'id': 85}, {'id': 86}, {'id': 87}, {'id': 88}, {'id': 89}, {'id': 90}, {'id': 91}, {'id': 92}, {'id': 93}, {'id': 94}, {'id': 95}, {'id': 96}, {'id': 97}, {'id': 98}, {'id': 99}, {'id': 100}, {'id': 101}, {'id': 102}, {'id': 103}, {'id': 104}, {'id': 105}, {'id': 106}, {'id': 107}, {'id': 108}, {'id': 109}, {'id': 110}, {'id': 111}, {'id': 112}, {'id': 113}, {'id': 114}, {'id': 115}, {'id': 116}, {'id': 117}, {'id': 118}, {'id': 119}, {'id': 120}, {'id': 121}, {'id': 122}, {'id': 123}, {'id': 124}, {'id': 125}, {'id': 126}, {'id': 127}, {'id': 128}, {'id': 129}, {'id': 130}, {'id': 131}, {'id': 132}, {'id': 133}, {'id': 134}, {'id': 135}, {'id': 136}, {'id': 137}, {'id': 138}, {'id': 139}, {'id': 140}, {'id': 141}, {'id': 142}, {'id': 143}, {'id': 144}, {'id': 145}, {'id': 146}, {'id': 147}, {'id': 148}, {'id': 149}, {'id': 150}, {'id': 151}, {'id': 152}, {'id': 153}, {'id': 154}, {'id': 155}, {'id': 156}, {'id': 157}, {'id': 158}, {'id': 159}, {'id': 160}, {'id': 161}, {'id': 162}, {'id': 163}, {'id': 164}, {'id': 165}, {'id': 166}, {'id': 167}, {'id': 168}, {'id': 169}, {'id': 170}, {'id': 171}, {'id': 172}, {'id': 173}, {'id': 174}, {'id': 175}, {'id': 176}, {'id': 177}, {'id': 178}, {'id': 179}], 'links': [{'source': 3, 'target': 56}, {'source': 4, 'target': 154}, {'source': 5, 'target': 107}, {'source': 5, 'target': 162}, {'source': 6, 'target': 113}, {'source': 6, 'target': 116}, {'source': 6, 'target': 142}, {'source': 7, 'target': 55}, {'source': 10, 'target': 9}, {'source': 14, 'target': 64}, {'source': 15, 'target': 8}, {'source': 16, 'target': 76}, {'source': 16, 'target': 40}, {'source': 18, 'target': 127}, {'source': 20, 'target': 42}, {'source': 21, 'target': 15}, {'source': 22, 'target': 134}, {'source': 23, 'target': 46}, {'source': 23, 'target': 157}, {'source': 24, 'target': 70}, {'source': 26, 'target': 43}, {'source': 27, 'target': 51}, {'source': 29, 'target': 71}, {'source': 29, 'target': 49}, {'source': 30, 'target': 99}, {'source': 31, 'target': 60}, {'source': 31, 'target': 161}, {'source': 32, 'target': 98}, {'source': 33, 'target': 90}, {'source': 34, 'target': 82}, {'source': 35, 'target': 125}, {'source': 35, 'target': 131}, {'source': 36, 'target': 11}, {'source': 36, 'target': 41}, {'source': 39, 'target': 168}, {'source': 40, 'target': 123}, {'source': 41, 'target': 54}, {'source': 41, 'target': 146}, {'source': 41, 'target': 24}, {'source': 42, 'target': 27}, {'source': 45, 'target': 137}, {'source': 46, 'target': 47}, {'source': 48, 'target': 58}, {'source': 49, 'target': 34}, {'source': 49, 'target': 117}, {'source': 49, 'target': 95}, {'source': 49, 'target': 155}, {'source': 49, 'target': 163}, {'source': 49, 'target': 83}, {'source': 52, 'target': 17}, {'source': 52, 'target': 139}, {'source': 52, 'target': 111}, {'source': 53, 'target': 109}, {'source': 55, 'target': 67}, {'source': 55, 'target': 148}, {'source': 56, 'target': 13}, {'source': 56, 'target': 160}, {'source': 57, 'target': 103}, {'source': 57, 'target': 35}, {'source': 57, 'target': 159}, {'source': 58, 'target': 156}, {'source': 59, 'target': 63}, {'source': 60, 'target': 106}, {'source': 61, 'target': 33}, {'source': 61, 'target': 39}, {'source': 62, 'target': 130}, {'source': 63, 'target': 150}, {'source': 65, 'target': 105}, {'source': 66, 'target': 174}, {'source': 68, 'target': 122}, {'source': 68, 'target': 164}, {'source': 70, 'target': 144}, {'source': 71, 'target': 45}, {'source': 74, 'target': 96}, {'source': 76, 'target': 2}, {'source': 77, 'target': 10}, {'source': 78, 'target': 20}, {'source': 78, 'target': 86}, {'source': 79, 'target': 167}, {'source': 79, 'target': 178}, {'source': 80, 'target': 153}, {'source': 80, 'target': 89}, {'source': 81, 'target': 100}, {'source': 81, 'target': 61}, {'source': 83, 'target': 68}, {'source': 83, 'target': 22}, {'source': 84, 'target': 62}, {'source': 85, 'target': 73}, {'source': 85, 'target': 97}, {'source': 85, 'target': 175}, {'source': 86, 'target': 26}, {'source': 88, 'target': 166}, {'source': 89, 'target': 158}, {'source': 93, 'target': 145}, {'source': 95, 'target': 121}, {'source': 95, 'target': 120}, {'source': 96, 'target': 69}, {'source': 96, 'target': 48}, {'source': 96, 'target': 171}, {'source': 96, 'target': 93}, {'source': 100, 'target': 152}, {'source': 101, 'target': 3}, {'source': 102, 'target': 118}, {'source': 102, 'target': 115}, {'source': 102, 'target': 79}, {'source': 103, 'target': 72}, {'source': 103, 'target': 114}, {'source': 104, 'target': 31}, {'source': 106, 'target': 149}, {'source': 106, 'target': 66}, {'source': 109, 'target': 110}, {'source': 109, 'target': 23}, {'source': 111, 'target': 80}, {'source': 112, 'target': 126}, {'source': 115, 'target': 88}, {'source': 117, 'target': 25}, {'source': 120, 'target': 12}, {'source': 120, 'target': 112}, {'source': 122, 'target': 108}, {'source': 123, 'target': 78}, {'source': 124, 'target': 119}, {'source': 129, 'target': 38}, {'source': 129, 'target': 132}, {'source': 130, 'target': 77}, {'source': 131, 'target': 0}, {'source': 131, 'target': 4}, {'source': 132, 'target': 94}, {'source': 132, 'target': 52}, {'source': 133, 'target': 102}, {'source': 133, 'target': 53}, {'source': 134, 'target': 18}, {'source': 134, 'target': 135}, {'source': 135, 'target': 28}, {'source': 135, 'target': 129}, {'source': 136, 'target': 50}, {'source': 138, 'target': 91}, {'source': 138, 'target': 84}, {'source': 139, 'target': 170}, {'source': 140, 'target': 128}, {'source': 140, 'target': 59}, {'source': 143, 'target': 165}, {'source': 144, 'target': 138}, {'source': 144, 'target': 7}, {'source': 144, 'target': 29}, {'source': 145, 'target': 36}, {'source': 148, 'target': 37}, {'source': 150, 'target': 5}, {'source': 153, 'target': 147}, {'source': 155, 'target': 87}, {'source': 156, 'target': 1}, {'source': 157, 'target': 92}, {'source': 157, 'target': 104}, {'source': 158, 'target': 85}, {'source': 158, 'target': 133}, {'source': 160, 'target': 136}, {'source': 160, 'target': 74}, {'source': 161, 'target': 141}, {'source': 161, 'target': 172}, {'source': 163, 'target': 65}, {'source': 163, 'target': 124}, {'source': 163, 'target': 6}, {'source': 164, 'target': 143}, {'source': 167, 'target': 32}, {'source': 167, 'target': 177}, {'source': 168, 'target': 169}, {'source': 169, 'target': 57}, {'source': 169, 'target': 101}, {'source': 171, 'target': 14}, {'source': 171, 'target': 173}, {'source': 172, 'target': 151}, {'source': 172, 'target': 179}, {'source': 176, 'target': 16}, {'source': 177, 'target': 30}, {'source': 178, 'target': 44}, {'source': 178, 'target': 75}, {'source': 178, 'target': 176}, {'source': 179, 'target': 19}, {'source': 179, 'target': 21}, {'source': 179, 'target': 140}]}",50
"{'directed': True, 'multigraph': False, 'graph': {}, 'nodes': [{'id': 0}, {'id': 1}, {'id': 2}, {'id': 3}, {'id': 4}, {'id': 5}, {'id': 6}, {'id': 7}, {'id': 8}, {'id': 9}, {'id': 10}, {'id': 11}, {'id': 12}, {'id': 13}, {'id': 14}, {'id': 15}, {'id': 16}, {'id': 17}, {'id': 18}, {'id': 19}, {'id': 20}, {'id': 21}, {'id': 22}, {'id': 23}, {'id': 24}, {'id': 25}, {'id': 26}, {'id': 27}, {'id': 28}, {'id': 29}, {'id': 30}, {'id': 31}, {'id': 32}, {'id': 33}, {'id': 34}, {'id': 35}, {'id': 36}, {'id': 37}, {'id': 38}, {'id': 39}, {'id': 40}, {'id': 41}, {'id': 42}, {'id': 43}, {'id': 44}, {'id': 45}, {'id': 46}, {'id': 47}, {'id': 48}, {'id': 49}, {'id': 50}, {'id': 51}, {'id': 52}, {'id': 53}, {'id': 54}, {'id': 55}, {'id': 56}, {'id': 57}, {'id': 58}, {'id': 59}, {'id': 60}, {'id': 61}, {'id': 62}, {'id': 63}, {'id': 64}, {'id': 65}, {'id': 66}, {'id': 67}, {'id': 68}, {'id': 69}, {'id': 70}, {'id': 71}, {'id': 72}, {'id': 73}, {'id': 74}, {'id': 75}, {'id': 76}, {'id': 77}, {'id': 78}, {'id': 79}, {'id': 80}, {'id': 81}, {'id': 82}, {'id': 83}, {'id': 84}, {'id': 85}, {'id': 86}, {'id': 87}, {'id': 88}, {'id': 89}, {'id': 90}, {'id': 91}, {'id': 92}, {'id': 93}, {'id': 94}, {'id': 95}, {'id': 96}, {'id': 97}, {'id': 98}, {'id': 99}, {'id': 100}, {'id': 101}, {'id': 102}, {'id': 103}, {'id': 104}, {'id': 105}, {'id': 106}, {'id': 107}, {'id': 108}, {'id': 109}, {'id': 110}, {'id': 111}, {'id': 112}, {'id': 113}, {'id': 114}, {'id': 115}, {'id': 116}, {'id': 117}, {'id': 118}, {'id': 119}, {'id': 120}, {'id': 121}, {'id': 122}, {'id': 123}, {'id': 124}, {'id': 125}, {'id': 126}, {'id': 127}, {'id': 128}, {'id': 129}, {'id': 130}, {'id': 131}, {'id': 132}, {'id': 133}, {'id': 134}, {'id': 135}, {'id': 136}, {'id': 137}, {'id': 138}, {'id': 139}, {'id': 140}, {'id': 141}, {'id': 142}, {'id': 143}, {'id': 144}, {'id': 145}, {'id': 146}, {'id': 147}, {'id': 148}, {'id': 149}, {'id': 150}, {'id': 151}, {'id': 152}, {'id': 153}, {'id': 154}, {'id': 155}, {'id': 156}, {'id': 157}, {'id': 158}, {'id': 159}, {'id': 160}, {'id': 161}, {'id': 162}, {'id': 163}, {'id': 164}, {'id': 165}, {'id': 166}, {'id': 167}, {'id': 168}, {'id': 169}, {'id': 170}, {'id': 171}, {'id': 172}, {'id': 173}, {'id': 174}, {'id': 175}, {'id': 176}, {'id': 177}, {'id': 178}, {'id': 179}], 'links': [{'source': 1, 'target': 8}, {'source': 2, 'target': 65}, {'source': 2, 'target': 44}, {'source': 4, 'target': 134}, {'source': 5, 'target': 64}, {'source': 7, 'target': 62}, {'source': 7, 'target': 94}, {'source': 7, 'target': 156}, {'source': 9, 'target': 113}, {'source': 9, 'target': 131}, {'source': 10, 'target': 67}, {'source': 12, 'target': 171}, {'source': 15, 'target': 19}, {'source': 15, 'target': 115}, {'source': 20, 'target': 85}, {'source': 21, 'target': 58}, {'source': 21, 'target': 111}, {'source': 22, 'target': 119}, {'source': 23, 'target': 24}, {'source': 24, 'target': 129}, {'source': 24, 'target': 130}, {'source': 25, 'target': 6}, {'source': 27, 'target': 61}, {'source': 28, 'target': 91}, {'source': 29, 'target': 9}, {'source': 30, 'target': 14}, {'source': 30, 'target': 88}, {'source': 34, 'target': 136}, {'source': 39, 'target': 169}, {'source': 40, 'target': 16}, {'source': 40, 'target': 68}, {'source': 40, 'target': 127}, {'source': 42, 'target': 69}, {'source': 43, 'target': 5}, {'source': 44, 'target': 96}, {'source': 45, 'target': 95}, {'source': 46, 'target': 114}, {'source': 46, 'target': 152}, {'source': 47, 'target': 159}, {'source': 49, 'target': 45}, {'source': 49, 'target': 157}, {'source': 50, 'target': 147}, {'source': 51, 'target': 144}, {'source': 52, 'target': 145}, {'source': 53, 'target': 87}, {'source': 53, 'target': 141}, {'source': 54, 'target': 11}, {'source': 54, 'target': 150}, {'source': 54, 'target': 39}, {'source': 54, 'target': 160}, {'source': 54, 'target': 66}, {'source': 54, 'target': 22}, {'source': 55, 'target': 97}, {'source': 55, 'target': 128}, {'source': 57, 'target': 93}, {'source': 57, 'target': 4}, {'source': 57, 'target': 52}, {'source': 58, 'target': 107}, {'source': 60, 'target': 176}, {'source': 64, 'target': 108}, {'source': 64, 'target': 47}, {'source': 66, 'target': 78}, {'source': 68, 'target': 2}, {'source': 68, 'target': 90}, {'source': 69, 'target': 10}, {'source': 69, 'target': 146}, {'source': 70, 'target': 123}, {'source': 70, 'target': 139}, {'source': 70, 'target': 75}, {'source': 71, 'target': 135}, {'source': 71, 'target': 40}, {'source': 72, 'target': 148}, {'source': 72, 'target': 153}, {'source': 72, 'target': 173}, {'source': 73, 'target': 101}, {'source': 74, 'target': 59}, {'source': 74, 'target': 76}, {'source': 74, 'target': 116}, {'source': 74, 'target': 158}, {'source': 75, 'target': 166}, {'source': 75, 'target': 162}, {'source': 76, 'target': 112}, {'source': 78, 'target': 170}, {'source': 81, 'target': 83}, {'source': 83, 'target': 124}, {'source': 84, 'target': 155}, {'source': 85, 'target': 99}, {'source': 85, 'target': 12}, {'source': 86, 'target': 143}, {'source': 88, 'target': 80}, {'source': 89, 'target': 179}, {'source': 90, 'target': 63}, {'source': 90, 'target': 165}, {'source': 92, 'target': 133}, {'source': 93, 'target': 125}, {'source': 94, 'target': 103}, {'source': 98, 'target': 163}, {'source': 99, 'target': 18}, {'source': 100, 'target': 13}, {'source': 100, 'target': 30}, {'source': 101, 'target': 117}, {'source': 101, 'target': 89}, {'source': 104, 'target': 31}, {'source': 106, 'target': 41}, {'source': 108, 'target': 168}, {'source': 108, 'target': 46}, {'source': 108, 'target': 15}, {'source': 109, 'target': 126}, {'source': 109, 'target': 149}, {'source': 109, 'target': 57}, {'source': 110, 'target': 71}, {'source': 111, 'target': 33}, {'source': 111, 'target': 137}, {'source': 115, 'target': 56}, {'source': 115, 'target': 72}, {'source': 117, 'target': 35}, {'source': 118, 'target': 132}, {'source': 118, 'target': 161}, {'source': 119, 'target': 73}, {'source': 120, 'target': 28}, {'source': 120, 'target': 53}, {'source': 121, 'target': 38}, {'source': 121, 'target': 84}, {'source': 123, 'target': 3}, {'source': 123, 'target': 92}, {'source': 127, 'target': 25}, {'source': 127, 'target': 105}, {'source': 127, 'target': 49}, {'source': 128, 'target': 120}, {'source': 130, 'target': 7}, {'source': 131, 'target': 43}, {'source': 136, 'target': 172}, {'source': 136, 'target': 70}, {'source': 137, 'target': 79}, {'source': 137, 'target': 142}, {'source': 137, 'target': 177}, {'source': 138, 'target': 17}, {'source': 138, 'target': 32}, {'source': 138, 'target': 77}, {'source': 138, 'target': 100}, {'source': 139, 'target': 86}, {'source': 139, 'target': 42}, {'source': 141, 'target': 174}, {'source': 141, 'target': 109}, {'source': 142, 'target': 48}, {'source': 144, 'target': 81}, {'source': 144, 'target': 98}, {'source': 145, 'target': 36}, {'source': 145, 'target': 140}, {'source': 145, 'target': 29}, {'source': 146, 'target': 106}, {'source': 149, 'target': 1}, {'source': 150, 'target': 151}, {'source': 152, 'target': 20}, {'source': 153, 'target': 167}, {'source': 156, 'target': 82}, {'source': 156, 'target': 21}, {'source': 157, 'target': 118}, {'source': 158, 'target': 50}, {'source': 159, 'target': 54}, {'source': 160, 'target': 74}, {'source': 160, 'target': 23}, {'source': 161, 'target': 104}, {'source': 161, 'target': 34}, {'source': 162, 'target': 55}, {'source': 164, 'target': 175}, {'source': 165, 'target': 37}, {'source': 165, 'target': 27}, {'source': 165, 'target': 122}, {'source': 165, 'target': 121}, {'source': 166, 'target': 154}, {'source': 166, 'target': 164}, {'source': 170, 'target': 102}, {'source': 170, 'target': 178}, {'source': 175, 'target': 0}, {'source': 175, 'target': 26}, {'source': 176, 'target': 138}, {'source': 177, 'target': 51}, {'source': 179, 'target': 60}]}",100
"{'directed': True, 'multigraph': False, 'graph': {}, 'nodes': [{'id': 0}, {'id': 1}, {'id': 2}, {'id': 3}, {'id': 4}, {'id': 5}, {'id': 6}, {'id': 7}, {'id': 8}, {'id': 9}, {'id': 10}, {'id': 11}, {'id': 12}, {'id': 13}, {'id': 14}, {'id': 15}, {'id': 16}, {'id': 17}, {'id': 18}, {'id': 19}, {'id': 20}, {'id': 21}, {'id': 22}, {'id': 23}, {'id': 24}, {'id': 25}, {'id': 26}, {'id': 27}, {'id': 28}, {'id': 29}, {'id': 30}, {'id': 31}, {'id': 32}, {'id': 33}, {'id': 34}, {'id': 35}, {'id': 36}, {'id': 37}, {'id': 38}, {'id': 39}, {'id': 40}, {'id': 41}, {'id': 42}, {'id': 43}, {'id': 44}, {'id': 45}, {'id': 46}, {'id': 47}, {'id': 48}, {'id': 49}, {'id': 50}, {'id': 51}, {'id': 52}, {'id': 53}, {'id': 54}, {'id': 55}, {'id': 56}, {'id': 57}, {'id': 58}, {'id': 59}, {'id': 60}, {'id': 61}, {'id': 62}, {'id': 63}, {'id': 64}, {'id': 65}, {'id': 66}, {'id': 67}, {'id': 68}, {'id': 69}, {'id': 70}, {'id': 71}, {'id': 72}, {'id': 73}, {'id': 74}, {'id': 75}, {'id': 76}, {'id': 77}, {'id': 78}, {'id': 79}, {'id': 80}, {'id': 81}, {'id': 82}, {'id': 83}, {'id': 84}, {'id': 85}, {'id': 86}, {'id': 87}, {'id': 88}, {'id': 89}, {'id': 90}, {'id': 91}, {'id': 92}, {'id': 93}, {'id': 94}, {'id': 95}, {'id': 96}, {'id': 97}, {'id': 98}, {'id': 99}, {'id': 100}, {'id': 101}, {'id': 102}, {'id': 103}, {'id': 104}, {'id': 105}, {'id': 106}, {'id': 107}, {'id': 108}, {'id': 109}, {'id': 110}, {'id': 111}, {'id': 112}, {'id': 113}, {'id': 114}, {'id': 115}, {'id': 116}, {'id': 117}, {'id': 118}, {'id': 119}, {'id': 120}, {'id': 121}, {'id': 122}, {'id': 123}, {'id': 124}, {'id': 125}, {'id': 126}, {'id': 127}, {'id': 128}, {'id': 129}, {'id': 130}, {'id': 131}, {'id': 132}, {'id': 133}, {'id': 134}, {'id': 135}, {'id': 136}, {'id': 137}, {'id': 138}, {'id': 139}, {'id': 140}, {'id': 141}, {'id': 142}, {'id': 143}, {'id': 144}, {'id': 145}, {'id': 146}, {'id': 147}, {'id': 148}, {'id': 149}, {'id': 150}, {'id': 151}, {'id': 152}, {'id': 153}, {'id': 154}, {'id': 155}, {'id': 156}, {'id': 157}, {'id': 158}, {'id': 159}, {'id': 160}, {'id': 161}, {'id': 162}, {'id': 163}, {'id': 164}, {'id': 165}, {'id': 166}, {'id': 167}, {'id': 168}, {'id': 169}, {'id': 170}, {'id': 171}, {'id': 172}, {'id': 173}, {'id': 174}, {'id': 175}, {'id': 176}, {'id': 177}, {'id': 178}, {'id': 179}], 'links': [{'source': 0, 'target': 101}, {'source': 1, 'target': 2}, {'source': 2, 'target': 128}, {'source': 3, 'target': 92}, {'source': 4, 'target': 45}, {'source': 4, 'target': 166}, {'source': 5, 'target': 84}, {'source': 7, 'target': 3}, {'source': 7, 'target': 53}, {'source': 11, 'target': 139}, {'source': 11, 'target': 83}, {'source': 12, 'target': 69}, {'source': 13, 'target': 70}, {'source': 15, 'target': 162}, {'source': 21, 'target': 131}, {'source': 23, 'target': 91}, {'source': 23, 'target': 110}, {'source': 25, 'target': 9}, {'source': 25, 'target': 80}, {'source': 27, 'target': 11}, {'source': 28, 'target': 56}, {'source': 29, 'target': 61}, {'source': 29, 'target': 90}, {'source': 29, 'target': 170}, {'source': 30, 'target': 8}, {'source': 30, 'target': 126}, {'source': 31, 'target': 175}, {'source': 33, 'target': 156}, {'source': 33, 'target': 81}, {'source': 34, 'target': 141}, {'source': 34, 'target': 155}, {'source': 34, 'target': 172}, {'source': 34, 'target': 114}, {'source': 35, 'target': 177}, {'source': 37, 'target': 77}, {'source': 38, 'target': 109}, {'source': 38, 'target': 106}, {'source': 39, 'target': 10}, {'source': 39, 'target': 48}, {'source': 41, 'target': 122}, {'source': 42, 'target': 96}, {'source': 43, 'target': 157}, {'source': 43, 'target': 164}, {'source': 44, 'target': 40}, {'source': 44, 'target': 78}, {'source': 44, 'target': 151}, {'source': 44, 'target': 135}, {'source': 45, 'target': 108}, {'source': 47, 'target': 73}, {'source': 47, 'target': 111}, {'source': 48, 'target': 153}, {'source': 48, 'target': 112}, {'source': 49, 'target': 60}, {'source': 50, 'target': 93}, {'source': 53, 'target': 43}, {'source': 54, 'target': 57}, {'source': 55, 'target': 169}, {'source': 56, 'target': 64}, {'source': 58, 'target': 0}, {'source': 60, 'target': 47}, {'source': 60, 'target': 113}, {'source': 62, 'target': 15}, {'source': 63, 'target': 143}, {'source': 65, 'target': 82}, {'source': 66, 'target': 49}, {'source': 66, 'target': 124}, {'source': 70, 'target': 148}, {'source': 70, 'target': 21}, {'source': 72, 'target': 103}, {'source': 75, 'target': 104}, {'source': 77, 'target': 178}, {'source': 78, 'target': 38}, {'source': 78, 'target': 147}, {'source': 79, 'target': 140}, {'source': 81, 'target': 174}, {'source': 82, 'target': 168}, {'source': 83, 'target': 107}, {'source': 83, 'target': 133}, {'source': 83, 'target': 160}, {'source': 84, 'target': 4}, {'source': 85, 'target': 115}, {'source': 86, 'target': 59}, {'source': 88, 'target': 159}, {'source': 89, 'target': 27}, {'source': 90, 'target': 25}, {'source': 94, 'target': 6}, {'source': 95, 'target': 145}, {'source': 95, 'target': 7}, {'source': 97, 'target': 134}, {'source': 97, 'target': 66}, {'source': 97, 'target': 100}, {'source': 97, 'target': 88}, {'source': 98, 'target': 127}, {'source': 99, 'target': 44}, {'source': 99, 'target': 165}, {'source': 100, 'target': 24}, {'source': 100, 'target': 119}, {'source': 102, 'target': 17}, {'source': 104, 'target': 171}, {'source': 105, 'target': 46}, {'source': 106, 'target': 130}, {'source': 110, 'target': 86}, {'source': 111, 'target': 72}, {'source': 111, 'target': 105}, {'source': 112, 'target': 51}, {'source': 112, 'target': 132}, {'source': 113, 'target': 58}, {'source': 114, 'target': 35}, {'source': 114, 'target': 118}, {'source': 117, 'target': 28}, {'source': 117, 'target': 34}, {'source': 118, 'target': 176}, {'source': 118, 'target': 179}, {'source': 119, 'target': 136}, {'source': 119, 'target': 138}, {'source': 120, 'target': 75}, {'source': 121, 'target': 1}, {'source': 122, 'target': 26}, {'source': 122, 'target': 30}, {'source': 124, 'target': 5}, {'source': 124, 'target': 89}, {'source': 125, 'target': 41}, {'source': 125, 'target': 37}, {'source': 126, 'target': 62}, {'source': 129, 'target': 68}, {'source': 131, 'target': 32}, {'source': 131, 'target': 120}, {'source': 132, 'target': 152}, {'source': 132, 'target': 144}, {'source': 132, 'target': 163}, {'source': 135, 'target': 65}, {'source': 137, 'target': 14}, {'source': 137, 'target': 150}, {'source': 138, 'target': 13}, {'source': 139, 'target': 19}, {'source': 139, 'target': 85}, {'source': 140, 'target': 129}, {'source': 141, 'target': 23}, {'source': 142, 'target': 79}, {'source': 142, 'target': 95}, {'source': 143, 'target': 29}, {'source': 144, 'target': 31}, {'source': 145, 'target': 121}, {'source': 146, 'target': 12}, {'source': 148, 'target': 98}, {'source': 148, 'target': 146}, {'source': 149, 'target': 20}, {'source': 150, 'target': 74}, {'source': 151, 'target': 161}, {'source': 152, 'target': 33}, {'source': 153, 'target': 71}, {'source': 154, 'target': 87}, {'source': 157, 'target': 36}, {'source': 157, 'target': 102}, {'source': 158, 'target': 116}, {'source': 159, 'target': 18}, {'source': 159, 'target': 173}, {'source': 159, 'target': 63}, {'source': 160, 'target': 42}, {'source': 160, 'target': 55}, {'source': 163, 'target': 52}, {'source': 163, 'target': 117}, {'source': 165, 'target': 54}, {'source': 165, 'target': 142}, {'source': 165, 'target': 39}, {'source': 166, 'target': 76}, {'source': 169, 'target': 149}, {'source': 170, 'target': 99}, {'source': 171, 'target': 50}, {'source': 171, 'target': 167}, {'source': 172, 'target': 158}, {'source': 173, 'target': 16}, {'source': 173, 'target': 123}, {'source': 175, 'target': 67}, {'source': 175, 'target': 154}, {'source': 176, 'target': 94}, {'source': 178, 'target': 22}, {'source': 178, 'target': 137}, {'source': 179, 'target': 125}]}",100
"{'directed': True, 'multigraph': False, 'graph': {}, 'nodes': [{'id': 0}, {'id': 1}, {'id': 2}, {'id': 3}, {'id': 4}, {'id': 5}, {'id': 6}, {'id': 7}, {'id': 8}, {'id': 9}, {'id': 10}, {'id': 11}, {'id': 12}, {'id': 13}, {'id': 14}, {'id': 15}, {'id': 16}, {'id': 17}, {'id': 18}, {'id': 19}, {'id': 20}, {'id': 21}, {'id': 22}, {'id': 23}, {'id': 24}, {'id': 25}, {'id': 26}, {'id': 27}, {'id': 28}, {'id': 29}, {'id': 30}, {'id': 31}, {'id': 32}, {'id': 33}, {'id': 34}, {'id': 35}, {'id': 36}, {'id': 37}, {'id': 38}, {'id': 39}, {'id': 40}, {'id': 41}, {'id': 42}, {'id': 43}, {'id': 44}, {'id': 45}, {'id': 46}, {'id': 47}, {'id': 48}, {'id': 49}, {'id': 50}, {'id': 51}, {'id': 52}, {'id': 53}, {'id': 54}, {'id': 55}, {'id': 56}, {'id': 57}, {'id': 58}, {'id': 59}, {'id': 60}, {'id': 61}, {'id': 62}, {'id': 63}, {'id': 64}, {'id': 65}, {'id': 66}, {'id': 67}, {'id': 68}, {'id': 69}, {'id': 70}, {'id': 71}, {'id': 72}, {'id': 73}, {'id': 74}, {'id': 75}, {'id': 76}, {'id': 77}, {'id': 78}, {'id': 79}, {'id': 80}, {'id': 81}, {'id': 82}, {'id': 83}, {'id': 84}, {'id': 85}, {'id': 86}, {'id': 87}, {'id': 88}, {'id': 89}, {'id': 90}, {'id': 91}, {'id': 92}, {'id': 93}, {'id': 94}, {'id': 95}, {'id': 96}, {'id': 97}, {'id': 98}, {'id': 99}, {'id': 100}, {'id': 101}, {'id': 102}, {'id': 103}, {'id': 104}, {'id': 105}, {'id': 106}, {'id': 107}, {'id': 108}, {'id': 109}, {'id': 110}, {'id': 111}, {'id': 112}, {'id': 113}, {'id': 114}, {'id': 115}, {'id': 116}, {'id': 117}, {'id': 118}, {'id': 119}, {'id': 120}, {'id': 121}, {'id': 122}, {'id': 123}, {'id': 124}, {'id': 125}, {'id': 126}, {'id': 127}, {'id': 128}, {'id': 129}, {'id': 130}, {'id': 131}, {'id': 132}, {'id': 133}, {'id': 134}, {'id': 135}, {'id': 136}, {'id': 137}, {'id': 138}, {'id': 139}, {'id': 140}, {'id': 141}, {'id': 142}, {'id': 143}, {'id': 144}, {'id': 145}, {'id': 146}, {'id': 147}, {'id': 148}, {'id': 149}, {'id': 150}, {'id': 151}, {'id': 152}, {'id': 153}, {'id': 154}, {'id': 155}, {'id': 156}, {'id': 157}, {'id': 158}, {'id': 159}, {'id': 160}, {'id': 161}, {'id': 162}, {'id': 163}, {'id': 164}, {'id': 165}, {'id': 166}, {'id': 167}, {'id': 168}, {'id': 169}, {'id': 170}, {'id': 171}, {'id': 172}, {'id': 173}, {'id': 174}, {'id': 175}, {'id': 176}, {'id': 177}, {'id': 178}, {'id': 179}], 'links': [{'source': 0, 'target': 116}, {'source': 1, 'target': 97}, {'source': 1, 'target': 174}, {'source': 2, 'target': 149}, {'source': 2, 'target': 109}, {'source': 3, 'target': 82}, {'source': 3, 'target': 43}, {'source': 3, 'target': 69}, {'source': 4, 'target': 112}, {'source': 6, 'target': 86}, {'source': 7, 'target': 12}, {'source': 7, 'target': 102}, {'source': 8, 'target': 146}, {'source': 8, 'target': 172}, {'source': 9, 'target': 136}, {'source': 10, 'target': 92}, {'source': 12, 'target': 89}, {'source': 12, 'target': 81}, {'source': 16, 'target': 74}, {'source': 18, 'target': 70}, {'source': 20, 'target': 5}, {'source': 20, 'target': 140}, {'source': 21, 'target': 7}, {'source': 23, 'target': 148}, {'source': 24, 'target': 166}, {'source': 25, 'target': 4}, {'source': 26, 'target': 58}, {'source': 27, 'target': 153}, {'source': 31, 'target': 135}, {'source': 32, 'target': 28}, {'source': 33, 'target': 36}, {'source': 34, 'target': 13}, {'source': 34, 'target': 78}, {'source': 34, 'target': 106}, {'source': 35, 'target': 11}, {'source': 35, 'target': 105}, {'source': 36, 'target': 26}, {'source': 36, 'target': 133}, {'source': 37, 'target': 99}, {'source': 37, 'target': 134}, {'source': 37, 'target': 152}, {'source': 38, 'target': 120}, {'source': 38, 'target': 60}, {'source': 39, 'target': 23}, {'source': 40, 'target': 100}, {'source': 41, 'target': 1}, {'source': 43, 'target': 114}, {'source': 43, 'target': 18}, {'source': 43, 'target': 141}, {'source': 44, 'target': 122}, {'source': 44, 'target': 165}, {'source': 46, 'target': 137}, {'source': 47, 'target': 15}, {'source': 47, 'target': 151}, {'source': 48, 'target': 130}, {'source': 49, 'target': 96}, {'source': 51, 'target': 150}, {'source': 54, 'target': 39}, {'source': 55, 'target': 65}, {'source': 56, 'target': 107}, {'source': 57, 'target': 126}, {'source': 57, 'target': 44}, {'source': 58, 'target': 121}, {'source': 60, 'target': 154}, {'source': 60, 'target': 111}, {'source': 62, 'target': 24}, {'source': 62, 'target': 90}, {'source': 62, 'target': 76}, {'source': 63, 'target': 14}, {'source': 63, 'target': 138}, {'source': 64, 'target': 170}, {'source': 65, 'target': 54}, {'source': 66, 'target': 40}, {'source': 67, 'target': 51}, {'source': 68, 'target': 132}, {'source': 69, 'target': 49}, {'source': 69, 'target': 93}, {'source': 69, 'target': 104}, {'source': 70, 'target': 129}, {'source': 71, 'target': 164}, {'source': 71, 'target': 62}, {'source': 72, 'target': 59}, {'source': 73, 'target': 88}, {'source': 74, 'target': 35}, {'source': 75, 'target': 20}, {'source': 75, 'target': 173}, {'source': 76, 'target': 94}, {'source': 77, 'target': 103}, {'source': 77, 'target': 168}, {'source': 78, 'target': 45}, {'source': 79, 'target': 142}, {'source': 81, 'target': 127}, {'source': 83, 'target': 17}, {'source': 83, 'target': 119}, {'source': 83, 'target': 177}, {'source': 84, 'target': 169}, {'source': 87, 'target': 143}, {'source': 87, 'target': 176}, {'source': 88, 'target': 156}, {'source': 90, 'target': 178}, {'source': 91, 'target': 124}, {'source': 92, 'target': 67}, {'source': 93, 'target': 31}, {'source': 93, 'target': 160}, {'source': 94, 'target': 52}, {'source': 94, 'target': 101}, {'source': 94, 'target': 34}, {'source': 94, 'target': 139}, {'source': 94, 'target': 179}, {'source': 95, 'target': 32}, {'source': 95, 'target': 53}, {'source': 98, 'target': 8}, {'source': 100, 'target': 29}, {'source': 102, 'target': 27}, {'source': 104, 'target': 55}, {'source': 104, 'target': 161}, {'source': 105, 'target': 72}, {'source': 105, 'target': 131}, {'source': 108, 'target': 16}, {'source': 108, 'target': 37}, {'source': 109, 'target': 108}, {'source': 110, 'target': 84}, {'source': 111, 'target': 125}, {'source': 111, 'target': 162}, {'source': 111, 'target': 159}, {'source': 111, 'target': 71}, {'source': 112, 'target': 80}, {'source': 112, 'target': 144}, {'source': 112, 'target': 75}, {'source': 115, 'target': 0}, {'source': 115, 'target': 118}, {'source': 117, 'target': 147}, {'source': 118, 'target': 66}, {'source': 119, 'target': 41}, {'source': 123, 'target': 163}, {'source': 124, 'target': 50}, {'source': 128, 'target': 46}, {'source': 129, 'target': 48}, {'source': 131, 'target': 95}, {'source': 131, 'target': 113}, {'source': 131, 'target': 157}, {'source': 133, 'target': 19}, {'source': 133, 'target': 77}, {'source': 136, 'target': 115}, {'source': 136, 'target': 63}, {'source': 136, 'target': 87}, {'source': 138, 'target': 73}, {'source': 141, 'target': 6}, {'source': 144, 'target': 110}, {'source': 145, 'target': 30}, {'source': 147, 'target': 158}, {'source': 150, 'target': 57}, {'source': 151, 'target': 171}, {'source': 152, 'target': 85}, {'source': 152, 'target': 117}, {'source': 153, 'target': 33}, {'source': 154, 'target': 22}, {'source': 154, 'target': 145}, {'source': 154, 'target': 98}, {'source': 155, 'target': 25}, {'source': 158, 'target': 21}, {'source': 159, 'target': 9}, {'source': 159, 'target': 167}, {'source': 162, 'target': 68}, {'source': 163, 'target': 3}, {'source': 163, 'target': 47}, {'source': 165, 'target': 123}, {'source': 166, 'target': 10}, {'source': 167, 'target': 83}, {'source': 169, 'target': 64}, {'source': 172, 'target': 61}, {'source': 173, 'target': 79}, {'source': 174, 'target': 2}, {'source': 176, 'target': 56}, {'source': 176, 'target': 128}, {'source': 177, 'target': 155}, {'source': 177, 'target': 175}, {'source': 178, 'target': 42}, {'source': 178, 'target': 91}]}",100
"{'directed': True, 'multigraph': False, 'graph': {}, 'nodes': [{'id': 0}, {'id': 1}, {'id': 2}, {'id': 3}, {'id': 4}, {'id': 5}, {'id': 6}, {'id': 7}, {'id': 8}, {'id': 9}, {'id': 10}, {'id': 11}, {'id': 12}, {'id': 13}, {'id': 14}, {'id': 15}, {'id': 16}, {'id': 17}, {'id': 18}, {'id': 19}, {'id': 20}, {'id': 21}, {'id': 22}, {'id': 23}, {'id': 24}, {'id': 25}, {'id': 26}, {'id': 27}, {'id': 28}, {'id': 29}, {'id': 30}, {'id': 31}, {'id': 32}, {'id': 33}, {'id': 34}, {'id': 35}, {'id': 36}, {'id': 37}, {'id': 38}, {'id': 39}, {'id': 40}, {'id': 41}, {'id': 42}, {'id': 43}, {'id': 44}, {'id': 45}, {'id': 46}, {'id': 47}, {'id': 48}, {'id': 49}, {'id': 50}, {'id': 51}, {'id': 52}, {'id': 53}, {'id': 54}, {'id': 55}, {'id': 56}, {'id': 57}, {'id': 58}, {'id': 59}, {'id': 60}, {'id': 61}, {'id': 62}, {'id': 63}, {'id': 64}, {'id': 65}, {'id': 66}, {'id': 67}, {'id': 68}, {'id': 69}, {'id': 70}, {'id': 71}, {'id': 72}, {'id': 73}, {'id': 74}, {'id': 75}, {'id': 76}, {'id': 77}, {'id': 78}, {'id': 79}, {'id': 80}, {'id': 81}, {'id': 82}, {'id': 83}, {'id': 84}, {'id': 85}, {'id': 86}, {'id': 87}, {'id': 88}, {'id': 89}, {'id': 90}, {'id': 91}, {'id': 92}, {'id': 93}, {'id': 94}, {'id': 95}, {'id': 96}, {'id': 97}, {'id': 98}, {'id': 99}, {'id': 100}, {'id': 101}, {'id': 102}, {'id': 103}, {'id': 104}, {'id': 105}, {'id': 106}, {'id': 107}, {'id': 108}, {'id': 109}, {'id': 110}, {'id': 111}, {'id': 112}, {'id': 113}, {'id': 114}, {'id': 115}, {'id': 116}, {'id': 117}, {'id': 118}, {'id': 119}, {'id': 120}, {'id': 121}, {'id': 122}, {'id': 123}, {'id': 124}, {'id': 125}, {'id': 126}, {'id': 127}, {'id': 128}, {'id': 129}, {'id': 130}, {'id': 131}, {'id': 132}, {'id': 133}, {'id': 134}, {'id': 135}, {'id': 136}, {'id': 137}, {'id': 138}, {'id': 139}, {'id': 140}, {'id': 141}, {'id': 142}, {'id': 143}, {'id': 144}, {'id': 145}, {'id': 146}, {'id': 147}, {'id': 148}, {'id': 149}, {'id': 150}, {'id': 151}, {'id': 152}, {'id': 153}, {'id': 154}, {'id': 155}, {'id': 156}, {'id': 157}, {'id': 158}, {'id': 159}, {'id': 160}, {'id': 161}, {'id': 162}, {'id': 163}, {'id': 164}, {'id': 165}, {'id': 166}, {'id': 167}, {'id': 168}, {'id': 169}, {'id': 170}, {'id': 171}, {'id': 172}, {'id': 173}, {'id': 174}, {'id': 175}, {'id': 176}, {'id': 177}, {'id': 178}, {'id': 179}, {'id': 180}, {'id': 181}, {'id': 182}, {'id': 183}, {'id': 184}, {'id': 185}, {'id': 186}, {'id': 187}, {'id': 188}, {'id': 189}, {'id': 190}, {'id': 191}, {'id': 192}, {'id': 193}, {'id': 194}, {'id': 195}, {'id': 196}, {'id': 197}, {'id': 198}, {'id': 199}, {'id': 200}, {'id': 201}, {'id': 202}, {'id': 203}, {'id': 204}, {'id': 205}, {'id': 206}, {'id': 207}, {'id': 208}, {'id': 209}], 'links': [{'source': 0, 'target': 5}, {'source': 1, 'target': 84}, {'source': 1, 'target': 167}, {'source': 2, 'target': 58}, {'source': 2, 'target': 25}, {'source': 3, 'target': 57}, {'source': 3, 'target': 136}, {'source': 4, 'target': 164}, {'source': 4, 'target': 170}, {'source': 6, 'target': 0}, {'source': 6, 'target': 207}, {'source': 7, 'target': 119}, {'source': 8, 'target': 81}, {'source': 8, 'target': 198}, {'source': 9, 'target': 20}, {'source': 12, 'target': 14}, {'source': 14, 'target': 182}, {'source': 16, 'target': 124}, {'source': 16, 'target': 180}, {'source': 16, 'target': 196}, {'source': 17, 'target': 147}, {'source': 18, 'target': 202}, {'source': 21, 'target': 150}, {'source': 21, 'target': 188}, {'source': 22, 'target': 169}, {'source': 24, 'target': 133}, {'source': 24, 'target': 98}, {'source': 25, 'target': 91}, {'source': 25, 'target': 190}, {'source': 26, 'target': 74}, {'source': 27, 'target': 144}, {'source': 29, 'target': 78}, {'source': 31, 'target': 67}, {'source': 31, 'target': 149}, {'source': 31, 'target': 161}, {'source': 32, 'target': 100}, {'source': 33, 'target': 209}, {'source': 35, 'target': 28}, {'source': 35, 'target': 47}, {'source': 35, 'target': 87}, {'source': 35, 'target': 205}, {'source': 37, 'target': 178}, {'source': 37, 'target': 192}, {'source': 37, 'target': 63}, {'source': 39, 'target': 89}, {'source': 40, 'target': 19}, {'source': 40, 'target': 138}, {'source': 41, 'target': 181}, {'source': 43, 'target': 176}, {'source': 44, 'target': 66}, {'source': 44, 'target': 96}, {'source': 44, 'target': 163}, {'source': 44, 'target': 56}, {'source': 44, 'target': 70}, {'source': 45, 'target': 159}, {'source': 46, 'target': 49}, {'source': 47, 'target': 156}, {'source': 52, 'target': 94}, {'source': 53, 'target': 36}, {'source': 53, 'target': 103}, {'source': 56, 'target': 187}, {'source': 58, 'target': 68}, {'source': 59, 'target': 101}, {'source': 62, 'target': 15}, {'source': 63, 'target': 186}, {'source': 64, 'target': 51}, {'source': 64, 'target': 121}, {'source': 64, 'target': 120}, {'source': 65, 'target': 85}, {'source': 65, 'target': 155}, {'source': 69, 'target': 175}, {'source': 70, 'target': 154}, {'source': 70, 'target': 17}, {'source': 72, 'target': 35}, {'source': 72, 'target': 80}, {'source': 73, 'target': 126}, {'source': 73, 'target': 158}, {'source': 74, 'target': 86}, {'source': 75, 'target': 148}, {'source': 75, 'target': 44}, {'source': 79, 'target': 197}, {'source': 79, 'target': 37}, {'source': 80, 'target': 107}, {'source': 83, 'target': 110}, {'source': 83, 'target': 139}, {'source': 83, 'target': 7}, {'source': 86, 'target': 131}, {'source': 86, 'target': 117}, {'source': 86, 'target': 129}, {'source': 87, 'target': 200}, {'source': 90, 'target': 65}, {'source': 90, 'target': 31}, {'source': 92, 'target': 99}, {'source': 92, 'target': 189}, {'source': 93, 'target': 60}, {'source': 93, 'target': 165}, {'source': 94, 'target': 106}, {'source': 95, 'target': 199}, {'source': 97, 'target': 130}, {'source': 97, 'target': 41}, {'source': 98, 'target': 204}, {'source': 101, 'target': 115}, {'source': 101, 'target': 108}, {'source': 103, 'target': 194}, {'source': 104, 'target': 172}, {'source': 104, 'target': 171}, {'source': 105, 'target': 26}, {'source': 105, 'target': 33}, {'source': 107, 'target': 125}, {'source': 107, 'target': 8}, {'source': 108, 'target': 112}, {'source': 108, 'target': 135}, {'source': 108, 'target': 40}, {'source': 109, 'target': 185}, {'source': 110, 'target': 22}, {'source': 114, 'target': 134}, {'source': 114, 'target': 118}, {'source': 116, 'target': 153}, {'source': 116, 'target': 92}, {'source': 117, 'target': 111}, {'source': 117, 'target': 143}, {'source': 117, 'target': 137}, {'source': 117, 'target': 206}, {'source': 118, 'target': 183}, {'source': 118, 'target': 173}, {'source': 119, 'target': 29}, {'source': 119, 'target': 145}, {'source': 119, 'target': 141}, {'source': 120, 'target': 97}, {'source': 120, 'target': 75}, {'source': 121, 'target': 69}, {'source': 121, 'target': 123}, {'source': 121, 'target': 193}, {'source': 121, 'target': 79}, {'source': 123, 'target': 177}, {'source': 125, 'target': 88}, {'source': 125, 'target': 53}, {'source': 125, 'target': 64}, {'source': 126, 'target': 122}, {'source': 128, 'target': 201}, {'source': 129, 'target': 146}, {'source': 129, 'target': 168}, {'source': 129, 'target': 208}, {'source': 130, 'target': 1}, {'source': 131, 'target': 48}, {'source': 132, 'target': 16}, {'source': 133, 'target': 50}, {'source': 137, 'target': 195}, {'source': 139, 'target': 114}, {'source': 141, 'target': 191}, {'source': 141, 'target': 6}, {'source': 142, 'target': 38}, {'source': 142, 'target': 203}, {'source': 143, 'target': 42}, {'source': 143, 'target': 27}, {'source': 147, 'target': 11}, {'source': 147, 'target': 113}, {'source': 147, 'target': 93}, {'source': 147, 'target': 142}, {'source': 148, 'target': 10}, {'source': 148, 'target': 9}, {'source': 151, 'target': 102}, {'source': 152, 'target': 76}, {'source': 160, 'target': 30}, {'source': 161, 'target': 3}, {'source': 161, 'target': 160}, {'source': 163, 'target': 23}, {'source': 163, 'target': 32}, {'source': 163, 'target': 162}, {'source': 164, 'target': 62}, {'source': 164, 'target': 77}, {'source': 165, 'target': 116}, {'source': 166, 'target': 157}, {'source': 166, 'target': 109}, {'source': 166, 'target': 2}, {'source': 167, 'target': 140}, {'source': 168, 'target': 179}, {'source': 168, 'target': 83}, {'source': 169, 'target': 59}, {'source': 171, 'target': 184}, {'source': 173, 'target': 90}, {'source': 173, 'target': 174}, {'source': 173, 'target': 166}, {'source': 176, 'target': 13}, {'source': 176, 'target': 105}, {'source': 182, 'target': 46}, {'source': 183, 'target': 4}, {'source': 185, 'target': 21}, {'source': 186, 'target': 128}, {'source': 186, 'target': 95}, {'source': 190, 'target': 71}, {'source': 191, 'target': 55}, {'source': 192, 'target': 132}, {'source': 194, 'target': 34}, {'source': 194, 'target': 45}, {'source': 196, 'target': 39}, {'source': 197, 'target': 127}, {'source': 198, 'target': 24}, {'source': 198, 'target': 43}, {'source': 199, 'target': 18}, {'source': 201, 'target': 61}, {'source': 201, 'target': 12}, {'source': 203, 'target': 151}, {'source': 203, 'target': 152}, {'source': 203, 'target': 73}, {'source': 203, 'target': 104}, {'source': 205, 'target': 52}, {'source': 207, 'target': 54}, {'source': 208, 'target': 82}]}",3
"{'directed': True, 'multigraph': False, 'graph': {}, 'nodes': [{'id': 0}, {'id': 1}, {'id': 2}, {'id': 3}, {'id': 4}, {'id': 5}, {'id': 6}, {'id': 7}, {'id': 8}, {'id': 9}, {'id': 10}, {'id': 11}, {'id': 12}, {'id': 13}, {'id': 14}, {'id': 15}, {'id': 16}, {'id': 17}, {'id': 18}, {'id': 19}, {'id': 20}, {'id': 21}, {'id': 22}, {'id': 23}, {'id': 24}, {'id': 25}, {'id': 26}, {'id': 27}, {'id': 28}, {'id': 29}, {'id': 30}, {'id': 31}, {'id': 32}, {'id': 33}, {'id': 34}, {'id': 35}, {'id': 36}, {'id': 37}, {'id': 38}, {'id': 39}, {'id': 40}, {'id': 41}, {'id': 42}, {'id': 43}, {'id': 44}, {'id': 45}, {'id': 46}, {'id': 47}, {'id': 48}, {'id': 49}, {'id': 50}, {'id': 51}, {'id': 52}, {'id': 53}, {'id': 54}, {'id': 55}, {'id': 56}, {'id': 57}, {'id': 58}, {'id': 59}, {'id': 60}, {'id': 61}, {'id': 62}, {'id': 63}, {'id': 64}, {'id': 65}, {'id': 66}, {'id': 67}, {'id': 68}, {'id': 69}, {'id': 70}, {'id': 71}, {'id': 72}, {'id': 73}, {'id': 74}, {'id': 75}, {'id': 76}, {'id': 77}, {'id': 78}, {'id': 79}, {'id': 80}, {'id': 81}, {'id': 82}, {'id': 83}, {'id': 84}, {'id': 85}, {'id': 86}, {'id': 87}, {'id': 88}, {'id': 89}, {'id': 90}, {'id': 91}, {'id': 92}, {'id': 93}, {'id': 94}, {'id': 95}, {'id': 96}, {'id': 97}, {'id': 98}, {'id': 99}, {'id': 100}, {'id': 101}, {'id': 102}, {'id': 103}, {'id': 104}, {'id': 105}, {'id': 106}, {'id': 107}, {'id': 108}, {'id': 109}, {'id': 110}, {'id': 111}, {'id': 112}, {'id': 113}, {'id': 114}, {'id': 115}, {'id': 116}, {'id': 117}, {'id': 118}, {'id': 119}, {'id': 120}, {'id': 121}, {'id': 122}, {'id': 123}, {'id': 124}, {'id': 125}, {'id': 126}, {'id': 127}, {'id': 128}, {'id': 129}, {'id': 130}, {'id': 131}, {'id': 132}, {'id': 133}, {'id': 134}, {'id': 135}, {'id': 136}, {'id': 137}, {'id': 138}, {'id': 139}, {'id': 140}, {'id': 141}, {'id': 142}, {'id': 143}, {'id': 144}, {'id': 145}, {'id': 146}, {'id': 147}, {'id': 148}, {'id': 149}, {'id': 150}, {'id': 151}, {'id': 152}, {'id': 153}, {'id': 154}, {'id': 155}, {'id': 156}, {'id': 157}, {'id': 158}, {'id': 159}, {'id': 160}, {'id': 161}, {'id': 162}, {'id': 163}, {'id': 164}, {'id': 165}, {'id': 166}, {'id': 167}, {'id': 168}, {'id': 169}, {'id': 170}, {'id': 171}, {'id': 172}, {'id': 173}, {'id': 174}, {'id': 175}, {'id': 176}, {'id': 177}, {'id': 178}, {'id': 179}, {'id': 180}, {'id': 181}, {'id': 182}, {'id': 183}, {'id': 184}, {'id': 185}, {'id': 186}, {'id': 187}, {'id': 188}, {'id': 189}, {'id': 190}, {'id': 191}, {'id': 192}, {'id': 193}, {'id': 194}, {'id': 195}, {'id': 196}, {'id': 197}, {'id': 198}, {'id': 199}, {'id': 200}, {'id': 201}, {'id': 202}, {'id': 203}, {'id': 204}, {'id': 205}, {'id': 206}, {'id': 207}, {'id': 208}, {'id': 209}], 'links': [{'source': 0, 'target': 15}, {'source': 0, 'target': 104}, {'source': 2, 'target': 16}, {'source': 4, 'target': 33}, {'source': 6, 'target': 46}, {'source': 6, 'target': 124}, {'source': 7, 'target': 101}, {'source': 8, 'target': 143}, {'source': 10, 'target': 5}, {'source': 10, 'target': 195}, {'source': 11, 'target': 80}, {'source': 12, 'target': 132}, {'source': 13, 'target': 194}, {'source': 15, 'target': 131}, {'source': 17, 'target': 139}, {'source': 17, 'target': 187}, {'source': 19, 'target': 142}, {'source': 19, 'target': 0}, {'source': 22, 'target': 146}, {'source': 25, 'target': 23}, {'source': 25, 'target': 133}, {'source': 28, 'target': 22}, {'source': 28, 'target': 198}, {'source': 29, 'target': 203}, {'source': 30, 'target': 109}, {'source': 30, 'target': 107}, {'source': 31, 'target': 159}, {'source': 31, 'target': 85}, {'source': 32, 'target': 93}, {'source': 32, 'target': 130}, {'source': 33, 'target': 89}, {'source': 34, 'target': 63}, {'source': 34, 'target': 117}, {'source': 34, 'target': 204}, {'source': 36, 'target': 150}, {'source': 37, 'target': 202}, {'source': 38, 'target': 111}, {'source': 38, 'target': 144}, {'source': 39, 'target': 127}, {'source': 39, 'target': 11}, {'source': 40, 'target': 1}, {'source': 40, 'target': 188}, {'source': 41, 'target': 197}, {'source': 42, 'target': 136}, {'source': 42, 'target': 138}, {'source': 43, 'target': 38}, {'source': 43, 'target': 68}, {'source': 44, 'target': 102}, {'source': 44, 'target': 167}, {'source': 45, 'target': 30}, {'source': 46, 'target': 50}, {'source': 48, 'target': 201}, {'source': 48, 'target': 205}, {'source': 50, 'target': 115}, {'source': 51, 'target': 158}, {'source': 54, 'target': 145}, {'source': 57, 'target': 69}, {'source': 58, 'target': 174}, {'source': 59, 'target': 79}, {'source': 60, 'target': 161}, {'source': 61, 'target': 42}, {'source': 62, 'target': 178}, {'source': 63, 'target': 12}, {'source': 68, 'target': 196}, {'source': 71, 'target': 47}, {'source': 71, 'target': 189}, {'source': 71, 'target': 81}, {'source': 73, 'target': 7}, {'source': 74, 'target': 140}, {'source': 75, 'target': 176}, {'source': 76, 'target': 9}, {'source': 77, 'target': 99}, {'source': 78, 'target': 163}, {'source': 78, 'target': 74}, {'source': 79, 'target': 66}, {'source': 80, 'target': 135}, {'source': 81, 'target': 43}, {'source': 82, 'target': 84}, {'source': 83, 'target': 41}, {'source': 85, 'target': 64}, {'source': 85, 'target': 182}, {'source': 85, 'target': 186}, {'source': 86, 'target': 179}, {'source': 87, 'target': 59}, {'source': 90, 'target': 106}, {'source': 91, 'target': 35}, {'source': 91, 'target': 105}, {'source': 92, 'target': 14}, {'source': 92, 'target': 121}, {'source': 92, 'target': 10}, {'source': 94, 'target': 95}, {'source': 96, 'target': 86}, {'source': 97, 'target': 76}, {'source': 97, 'target': 90}, {'source': 97, 'target': 185}, {'source': 99, 'target': 52}, {'source': 100, 'target': 162}, {'source': 100, 'target': 119}, {'source': 101, 'target': 180}, {'source': 101, 'target': 37}, {'source': 102, 'target': 20}, {'source': 104, 'target': 169}, {'source': 104, 'target': 184}, {'source': 105, 'target': 128}, {'source': 107, 'target': 171}, {'source': 107, 'target': 32}, {'source': 107, 'target': 148}, {'source': 108, 'target': 21}, {'source': 108, 'target': 70}, {'source': 110, 'target': 88}, {'source': 111, 'target': 4}, {'source': 112, 'target': 156}, {'source': 112, 'target': 78}, {'source': 112, 'target': 122}, {'source': 113, 'target': 98}, {'source': 113, 'target': 118}, {'source': 113, 'target': 61}, {'source': 113, 'target': 200}, {'source': 114, 'target': 165}, {'source': 115, 'target': 108}, {'source': 116, 'target': 55}, {'source': 116, 'target': 209}, {'source': 117, 'target': 72}, {'source': 117, 'target': 153}, {'source': 117, 'target': 83}, {'source': 119, 'target': 177}, {'source': 119, 'target': 126}, {'source': 120, 'target': 193}, {'source': 121, 'target': 24}, {'source': 122, 'target': 13}, {'source': 124, 'target': 17}, {'source': 126, 'target': 154}, {'source': 127, 'target': 51}, {'source': 129, 'target': 110}, {'source': 129, 'target': 25}, {'source': 130, 'target': 183}, {'source': 131, 'target': 155}, {'source': 132, 'target': 141}, {'source': 132, 'target': 190}, {'source': 135, 'target': 181}, {'source': 138, 'target': 125}, {'source': 138, 'target': 60}, {'source': 138, 'target': 170}, {'source': 140, 'target': 92}, {'source': 145, 'target': 82}, {'source': 146, 'target': 75}, {'source': 148, 'target': 172}, {'source': 148, 'target': 31}, {'source': 149, 'target': 44}, {'source': 151, 'target': 175}, {'source': 154, 'target': 77}, {'source': 154, 'target': 73}, {'source': 156, 'target': 134}, {'source': 157, 'target': 137}, {'source': 157, 'target': 58}, {'source': 158, 'target': 129}, {'source': 160, 'target': 18}, {'source': 163, 'target': 19}, {'source': 164, 'target': 152}, {'source': 164, 'target': 62}, {'source': 165, 'target': 173}, {'source': 166, 'target': 57}, {'source': 166, 'target': 113}, {'source': 166, 'target': 116}, {'source': 168, 'target': 49}, {'source': 168, 'target': 147}, {'source': 168, 'target': 192}, {'source': 168, 'target': 208}, {'source': 170, 'target': 54}, {'source': 173, 'target': 199}, {'source': 174, 'target': 65}, {'source': 174, 'target': 8}, {'source': 176, 'target': 149}, {'source': 176, 'target': 206}, {'source': 177, 'target': 27}, {'source': 177, 'target': 94}, {'source': 178, 'target': 160}, {'source': 179, 'target': 207}, {'source': 181, 'target': 26}, {'source': 181, 'target': 71}, {'source': 182, 'target': 164}, {'source': 184, 'target': 3}, {'source': 184, 'target': 91}, {'source': 185, 'target': 157}, {'source': 185, 'target': 28}, {'source': 191, 'target': 40}, {'source': 193, 'target': 2}, {'source': 193, 'target': 67}, {'source': 193, 'target': 123}, {'source': 193, 'target': 112}, {'source': 194, 'target': 29}, {'source': 196, 'target': 87}, {'source': 196, 'target': 114}, {'source': 196, 'target': 168}, {'source': 197, 'target': 45}, {'source': 197, 'target': 100}, {'source': 198, 'target': 34}, {'source': 200, 'target': 39}, {'source': 202, 'target': 6}, {'source': 204, 'target': 120}, {'source': 204, 'target': 166}, {'source': 205, 'target': 191}, {'source': 205, 'target': 97}, {'source': 207, 'target': 56}, {'source': 207, 'target': 36}, {'source': 208, 'target': 96}, {'source': 209, 'target': 53}, {'source': 209, 'target': 103}, {'source': 209, 'target': 151}]}",3
"{'directed': True, 'multigraph': False, 'graph': {}, 'nodes': [{'id': 0}, {'id': 1}, {'id': 2}, {'id': 3}, {'id': 4}, {'id': 5}, {'id': 6}, {'id': 7}, {'id': 8}, {'id': 9}, {'id': 10}, {'id': 11}, {'id': 12}, {'id': 13}, {'id': 14}, {'id': 15}, {'id': 16}, {'id': 17}, {'id': 18}, {'id': 19}, {'id': 20}, {'id': 21}, {'id': 22}, {'id': 23}, {'id': 24}, {'id': 25}, {'id': 26}, {'id': 27}, {'id': 28}, {'id': 29}, {'id': 30}, {'id': 31}, {'id': 32}, {'id': 33}, {'id': 34}, {'id': 35}, {'id': 36}, {'id': 37}, {'id': 38}, {'id': 39}, {'id': 40}, {'id': 41}, {'id': 42}, {'id': 43}, {'id': 44}, {'id': 45}, {'id': 46}, {'id': 47}, {'id': 48}, {'id': 49}, {'id': 50}, {'id': 51}, {'id': 52}, {'id': 53}, {'id': 54}, {'id': 55}, {'id': 56}, {'id': 57}, {'id': 58}, {'id': 59}, {'id': 60}, {'id': 61}, {'id': 62}, {'id': 63}, {'id': 64}, {'id': 65}, {'id': 66}, {'id': 67}, {'id': 68}, {'id': 69}, {'id': 70}, {'id': 71}, {'id': 72}, {'id': 73}, {'id': 74}, {'id': 75}, {'id': 76}, {'id': 77}, {'id': 78}, {'id': 79}, {'id': 80}, {'id': 81}, {'id': 82}, {'id': 83}, {'id': 84}, {'id': 85}, {'id': 86}, {'id': 87}, {'id': 88}, {'id': 89}, {'id': 90}, {'id': 91}, {'id': 92}, {'id': 93}, {'id': 94}, {'id': 95}, {'id': 96}, {'id': 97}, {'id': 98}, {'id': 99}, {'id': 100}, {'id': 101}, {'id': 102}, {'id': 103}, {'id': 104}, {'id': 105}, {'id': 106}, {'id': 107}, {'id': 108}, {'id': 109}, {'id': 110}, {'id': 111}, {'id': 112}, {'id': 113}, {'id': 114}, {'id': 115}, {'id': 116}, {'id': 117}, {'id': 118}, {'id': 119}, {'id': 120}, {'id': 121}, {'id': 122}, {'id': 123}, {'id': 124}, {'id': 125}, {'id': 126}, {'id': 127}, {'id': 128}, {'id': 129}, {'id': 130}, {'id': 131}, {'id': 132}, {'id': 133}, {'id': 134}, {'id': 135}, {'id': 136}, {'id': 137}, {'id': 138}, {'id': 139}, {'id': 140}, {'id': 141}, {'id': 142}, {'id': 143}, {'id': 144}, {'id': 145}, {'id': 146}, {'id': 147}, {'id': 148}, {'id': 149}, {'id': 150}, {'id': 151}, {'id': 152}, {'id': 153}, {'id': 154}, {'id': 155}, {'id': 156}, {'id': 157}, {'id': 158}, {'id': 159}, {'id': 160}, {'id': 161}, {'id': 162}, {'id': 163}, {'id': 164}, {'id': 165}, {'id': 166}, {'id': 167}, {'id': 168}, {'id': 169}, {'id': 170}, {'id': 171}, {'id': 172}, {'id': 173}, {'id': 174}, {'id': 175}, {'id': 176}, {'id': 177}, {'id': 178}, {'id': 179}, {'id': 180}, {'id': 181}, {'id': 182}, {'id': 183}, {'id': 184}, {'id': 185}, {'id': 186}, {'id': 187}, {'id': 188}, {'id': 189}, {'id': 190}, {'id': 191}, {'id': 192}, {'id': 193}, {'id': 194}, {'id': 195}, {'id': 196}, {'id': 197}, {'id': 198}, {'id': 199}, {'id': 200}, {'id': 201}, {'id': 202}, {'id': 203}, {'id': 204}, {'id': 205}, {'id': 206}, {'id': 207}, {'id': 208}, {'id': 209}], 'links': [{'source': 0, 'target': 44}, {'source': 1, 'target': 198}, {'source': 1, 'target': 193}, {'source': 2, 'target': 84}, {'source': 3, 'target': 159}, {'source': 4, 'target': 88}, {'source': 4, 'target': 145}, {'source': 7, 'target': 70}, {'source': 8, 'target': 121}, {'source': 8, 'target': 85}, {'source': 9, 'target': 49}, {'source': 10, 'target': 15}, {'source': 12, 'target': 126}, {'source': 13, 'target': 32}, {'source': 13, 'target': 182}, {'source': 14, 'target': 6}, {'source': 14, 'target': 194}, {'source': 15, 'target': 34}, {'source': 15, 'target': 51}, {'source': 15, 'target': 147}, {'source': 15, 'target': 199}, {'source': 16, 'target': 105}, {'source': 16, 'target': 201}, {'source': 16, 'target': 123}, {'source': 18, 'target': 29}, {'source': 19, 'target': 31}, {'source': 19, 'target': 185}, {'source': 20, 'target': 157}, {'source': 22, 'target': 171}, {'source': 23, 'target': 170}, {'source': 23, 'target': 180}, {'source': 24, 'target': 100}, {'source': 24, 'target': 69}, {'source': 24, 'target': 99}, {'source': 25, 'target': 38}, {'source': 25, 'target': 101}, {'source': 25, 'target': 12}, {'source': 25, 'target': 55}, {'source': 26, 'target': 93}, {'source': 26, 'target': 167}, {'source': 26, 'target': 138}, {'source': 28, 'target': 143}, {'source': 30, 'target': 2}, {'source': 30, 'target': 112}, {'source': 33, 'target': 179}, {'source': 35, 'target': 87}, {'source': 35, 'target': 184}, {'source': 36, 'target': 205}, {'source': 37, 'target': 1}, {'source': 40, 'target': 8}, {'source': 41, 'target': 16}, {'source': 42, 'target': 27}, {'source': 42, 'target': 30}, {'source': 44, 'target': 67}, {'source': 45, 'target': 18}, {'source': 45, 'target': 174}, {'source': 46, 'target': 142}, {'source': 50, 'target': 62}, {'source': 50, 'target': 144}, {'source': 50, 'target': 189}, {'source': 50, 'target': 200}, {'source': 55, 'target': 20}, {'source': 55, 'target': 190}, {'source': 56, 'target': 151}, {'source': 56, 'target': 197}, {'source': 58, 'target': 53}, {'source': 59, 'target': 133}, {'source': 59, 'target': 78}, {'source': 60, 'target': 202}, {'source': 62, 'target': 111}, {'source': 63, 'target': 56}, {'source': 63, 'target': 91}, {'source': 64, 'target': 35}, {'source': 65, 'target': 136}, {'source': 67, 'target': 135}, {'source': 68, 'target': 46}, {'source': 69, 'target': 158}, {'source': 69, 'target': 196}, {'source': 71, 'target': 148}, {'source': 75, 'target': 21}, {'source': 75, 'target': 186}, {'source': 75, 'target': 10}, {'source': 75, 'target': 50}, {'source': 76, 'target': 43}, {'source': 76, 'target': 23}, {'source': 77, 'target': 11}, {'source': 77, 'target': 191}, {'source': 78, 'target': 28}, {'source': 78, 'target': 41}, {'source': 85, 'target': 131}, {'source': 87, 'target': 97}, {'source': 87, 'target': 160}, {'source': 89, 'target': 128}, {'source': 90, 'target': 141}, {'source': 90, 'target': 152}, {'source': 90, 'target': 76}, {'source': 90, 'target': 24}, {'source': 91, 'target': 75}, {'source': 95, 'target': 130}, {'source': 95, 'target': 4}, {'source': 95, 'target': 175}, {'source': 96, 'target': 59}, {'source': 96, 'target': 129}, {'source': 97, 'target': 117}, {'source': 99, 'target': 107}, {'source': 99, 'target': 42}, {'source': 99, 'target': 165}, {'source': 99, 'target': 204}, {'source': 99, 'target': 206}, {'source': 100, 'target': 115}, {'source': 103, 'target': 9}, {'source': 105, 'target': 47}, {'source': 105, 'target': 79}, {'source': 105, 'target': 176}, {'source': 105, 'target': 116}, {'source': 105, 'target': 63}, {'source': 106, 'target': 89}, {'source': 108, 'target': 36}, {'source': 109, 'target': 183}, {'source': 109, 'target': 60}, {'source': 110, 'target': 25}, {'source': 112, 'target': 80}, {'source': 112, 'target': 104}, {'source': 113, 'target': 173}, {'source': 115, 'target': 72}, {'source': 115, 'target': 81}, {'source': 116, 'target': 177}, {'source': 117, 'target': 118}, {'source': 119, 'target': 113}, {'source': 119, 'target': 187}, {'source': 119, 'target': 90}, {'source': 121, 'target': 153}, {'source': 121, 'target': 146}, {'source': 121, 'target': 33}, {'source': 122, 'target': 98}, {'source': 122, 'target': 96}, {'source': 122, 'target': 209}, {'source': 123, 'target': 178}, {'source': 125, 'target': 110}, {'source': 126, 'target': 54}, {'source': 126, 'target': 86}, {'source': 127, 'target': 40}, {'source': 128, 'target': 140}, {'source': 128, 'target': 13}, {'source': 129, 'target': 155}, {'source': 131, 'target': 103}, {'source': 131, 'target': 19}, {'source': 131, 'target': 195}, {'source': 132, 'target': 82}, {'source': 133, 'target': 58}, {'source': 133, 'target': 108}, {'source': 138, 'target': 208}, {'source': 139, 'target': 73}, {'source': 141, 'target': 74}, {'source': 146, 'target': 149}, {'source': 146, 'target': 168}, {'source': 147, 'target': 150}, {'source': 147, 'target': 164}, {'source': 148, 'target': 37}, {'source': 151, 'target': 17}, {'source': 151, 'target': 77}, {'source': 155, 'target': 109}, {'source': 156, 'target': 125}, {'source': 158, 'target': 57}, {'source': 159, 'target': 114}, {'source': 161, 'target': 122}, {'source': 162, 'target': 134}, {'source': 164, 'target': 68}, {'source': 166, 'target': 5}, {'source': 166, 'target': 181}, {'source': 167, 'target': 120}, {'source': 168, 'target': 172}, {'source': 169, 'target': 45}, {'source': 169, 'target': 166}, {'source': 171, 'target': 94}, {'source': 171, 'target': 156}, {'source': 174, 'target': 124}, {'source': 176, 'target': 154}, {'source': 178, 'target': 102}, {'source': 178, 'target': 65}, {'source': 178, 'target': 64}, {'source': 179, 'target': 139}, {'source': 180, 'target': 14}, {'source': 181, 'target': 106}, {'source': 182, 'target': 52}, {'source': 183, 'target': 162}, {'source': 183, 'target': 192}, {'source': 184, 'target': 207}, {'source': 185, 'target': 95}, {'source': 186, 'target': 137}, {'source': 187, 'target': 83}, {'source': 188, 'target': 3}, {'source': 188, 'target': 127}, {'source': 189, 'target': 48}, {'source': 193, 'target': 61}, {'source': 193, 'target': 7}, {'source': 193, 'target': 92}, {'source': 193, 'target': 161}, {'source': 195, 'target': 0}, {'source': 198, 'target': 203}, {'source': 201, 'target': 119}, {'source': 202, 'target': 169}, {'source': 202, 'target': 22}, {'source': 202, 'target': 26}, {'source': 204, 'target': 39}, {'source': 204, 'target': 163}, {'source': 204, 'target': 188}, {'source': 208, 'target': 132}, {'source': 209, 'target': 66}]}",3
"{'directed': True, 'multigraph': False, 'graph': {}, 'nodes': [{'id': 0}, {'id': 1}, {'id': 2}, {'id': 3}, {'id': 4}, {'id': 5}, {'id': 6}, {'id': 7}, {'id': 8}, {'id': 9}, {'id': 10}, {'id': 11}, {'id': 12}, {'id': 13}, {'id': 14}, {'id': 15}, {'id': 16}, {'id': 17}, {'id': 18}, {'id': 19}, {'id': 20}, {'id': 21}, {'id': 22}, {'id': 23}, {'id': 24}, {'id': 25}, {'id': 26}, {'id': 27}, {'id': 28}, {'id': 29}, {'id': 30}, {'id': 31}, {'id': 32}, {'id': 33}, {'id': 34}, {'id': 35}, {'id': 36}, {'id': 37}, {'id': 38}, {'id': 39}, {'id': 40}, {'id': 41}, {'id': 42}, {'id': 43}, {'id': 44}, {'id': 45}, {'id': 46}, {'id': 47}, {'id': 48}, {'id': 49}, {'id': 50}, {'id': 51}, {'id': 52}, {'id': 53}, {'id': 54}, {'id': 55}, {'id': 56}, {'id': 57}, {'id': 58}, {'id': 59}, {'id': 60}, {'id': 61}, {'id': 62}, {'id': 63}, {'id': 64}, {'id': 65}, {'id': 66}, {'id': 67}, {'id': 68}, {'id': 69}, {'id': 70}, {'id': 71}, {'id': 72}, {'id': 73}, {'id': 74}, {'id': 75}, {'id': 76}, {'id': 77}, {'id': 78}, {'id': 79}, {'id': 80}, {'id': 81}, {'id': 82}, {'id': 83}, {'id': 84}, {'id': 85}, {'id': 86}, {'id': 87}, {'id': 88}, {'id': 89}, {'id': 90}, {'id': 91}, {'id': 92}, {'id': 93}, {'id': 94}, {'id': 95}, {'id': 96}, {'id': 97}, {'id': 98}, {'id': 99}, {'id': 100}, {'id': 101}, {'id': 102}, {'id': 103}, {'id': 104}, {'id': 105}, {'id': 106}, {'id': 107}, {'id': 108}, {'id': 109}, {'id': 110}, {'id': 111}, {'id': 112}, {'id': 113}, {'id': 114}, {'id': 115}, {'id': 116}, {'id': 117}, {'id': 118}, {'id': 119}, {'id': 120}, {'id': 121}, {'id': 122}, {'id': 123}, {'id': 124}, {'id': 125}, {'id': 126}, {'id': 127}, {'id': 128}, {'id': 129}, {'id': 130}, {'id': 131}, {'id': 132}, {'id': 133}, {'id': 134}, {'id': 135}, {'id': 136}, {'id': 137}, {'id': 138}, {'id': 139}, {'id': 140}, {'id': 141}, {'id': 142}, {'id': 143}, {'id': 144}, {'id': 145}, {'id': 146}, {'id': 147}, {'id': 148}, {'id': 149}, {'id': 150}, {'id': 151}, {'id': 152}, {'id': 153}, {'id': 154}, {'id': 155}, {'id': 156}, {'id': 157}, {'id': 158}, {'id': 159}, {'id': 160}, {'id': 161}, {'id': 162}, {'id': 163}, {'id': 164}, {'id': 165}, {'id': 166}, {'id': 167}, {'id': 168}, {'id': 169}, {'id': 170}, {'id': 171}, {'id': 172}, {'id': 173}, {'id': 174}, {'id': 175}, {'id': 176}, {'id': 177}, {'id': 178}, {'id': 179}, {'id': 180}, {'id': 181}, {'id': 182}, {'id': 183}, {'id': 184}, {'id': 185}, {'id': 186}, {'id': 187}, {'id': 188}, {'id': 189}, {'id': 190}, {'id': 191}, {'id': 192}, {'id': 193}, {'id': 194}, {'id': 195}, {'id': 196}, {'id': 197}, {'id': 198}, {'id': 199}, {'id': 200}, {'id': 201}, {'id': 202}, {'id': 203}, {'id': 204}, {'id': 205}, {'id': 206}, {'id': 207}, {'id': 208}, {'id': 209}], 'links': [{'source': 1, 'target': 5}, {'source': 3, 'target': 86}, {'source': 3, 'target': 180}, {'source': 5, 'target': 108}, {'source': 5, 'target': 150}, {'source': 5, 'target': 184}, {'source': 5, 'target': 181}, {'source': 6, 'target': 126}, {'source': 6, 'target': 85}, {'source': 7, 'target': 89}, {'source': 7, 'target': 50}, {'source': 7, 'target': 171}, {'source': 7, 'target': 137}, {'source': 7, 'target': 103}, {'source': 8, 'target': 146}, {'source': 9, 'target': 158}, {'source': 11, 'target': 24}, {'source': 11, 'target': 19}, {'source': 13, 'target': 83}, {'source': 13, 'target': 3}, {'source': 14, 'target': 167}, {'source': 15, 'target': 175}, {'source': 16, 'target': 49}, {'source': 17, 'target': 80}, {'source': 17, 'target': 138}, {'source': 17, 'target': 66}, {'source': 18, 'target': 101}, {'source': 19, 'target': 197}, {'source': 19, 'target': 93}, {'source': 20, 'target': 17}, {'source': 22, 'target': 154}, {'source': 22, 'target': 206}, {'source': 22, 'target': 44}, {'source': 24, 'target': 149}, {'source': 25, 'target': 113}, {'source': 25, 'target': 162}, {'source': 26, 'target': 118}, {'source': 26, 'target': 78}, {'source': 27, 'target': 72}, {'source': 28, 'target': 159}, {'source': 29, 'target': 52}, {'source': 33, 'target': 77}, {'source': 34, 'target': 156}, {'source': 36, 'target': 10}, {'source': 39, 'target': 173}, {'source': 39, 'target': 183}, {'source': 41, 'target': 194}, {'source': 43, 'target': 56}, {'source': 44, 'target': 116}, {'source': 46, 'target': 140}, {'source': 46, 'target': 51}, {'source': 47, 'target': 208}, {'source': 48, 'target': 58}, {'source': 50, 'target': 132}, {'source': 51, 'target': 47}, {'source': 53, 'target': 95}, {'source': 54, 'target': 35}, {'source': 55, 'target': 11}, {'source': 56, 'target': 27}, {'source': 57, 'target': 174}, {'source': 58, 'target': 4}, {'source': 58, 'target': 139}, {'source': 59, 'target': 33}, {'source': 59, 'target': 22}, {'source': 60, 'target': 40}, {'source': 61, 'target': 164}, {'source': 61, 'target': 115}, {'source': 61, 'target': 192}, {'source': 62, 'target': 196}, {'source': 66, 'target': 55}, {'source': 67, 'target': 75}, {'source': 69, 'target': 23}, {'source': 69, 'target': 125}, {'source': 76, 'target': 200}, {'source': 78, 'target': 96}, {'source': 80, 'target': 73}, {'source': 80, 'target': 129}, {'source': 81, 'target': 112}, {'source': 84, 'target': 31}, {'source': 85, 'target': 92}, {'source': 85, 'target': 151}, {'source': 87, 'target': 37}, {'source': 87, 'target': 62}, {'source': 88, 'target': 193}, {'source': 89, 'target': 45}, {'source': 90, 'target': 36}, {'source': 91, 'target': 144}, {'source': 93, 'target': 209}, {'source': 94, 'target': 74}, {'source': 96, 'target': 21}, {'source': 96, 'target': 100}, {'source': 96, 'target': 187}, {'source': 96, 'target': 119}, {'source': 98, 'target': 88}, {'source': 98, 'target': 166}, {'source': 99, 'target': 114}, {'source': 100, 'target': 34}, {'source': 101, 'target': 124}, {'source': 102, 'target': 110}, {'source': 103, 'target': 127}, {'source': 104, 'target': 54}, {'source': 104, 'target': 168}, {'source': 105, 'target': 70}, {'source': 105, 'target': 191}, {'source': 106, 'target': 123}, {'source': 107, 'target': 170}, {'source': 109, 'target': 25}, {'source': 111, 'target': 109}, {'source': 112, 'target': 64}, {'source': 112, 'target': 142}, {'source': 114, 'target': 143}, {'source': 115, 'target': 63}, {'source': 115, 'target': 106}, {'source': 115, 'target': 131}, {'source': 116, 'target': 122}, {'source': 118, 'target': 15}, {'source': 118, 'target': 8}, {'source': 119, 'target': 198}, {'source': 120, 'target': 60}, {'source': 121, 'target': 172}, {'source': 122, 'target': 207}, {'source': 122, 'target': 163}, {'source': 123, 'target': 9}, {'source': 125, 'target': 157}, {'source': 125, 'target': 135}, {'source': 127, 'target': 53}, {'source': 127, 'target': 97}, {'source': 127, 'target': 204}, {'source': 127, 'target': 59}, {'source': 128, 'target': 130}, {'source': 131, 'target': 169}, {'source': 134, 'target': 201}, {'source': 135, 'target': 134}, {'source': 136, 'target': 2}, {'source': 136, 'target': 147}, {'source': 136, 'target': 76}, {'source': 137, 'target': 87}, {'source': 138, 'target': 69}, {'source': 140, 'target': 98}, {'source': 140, 'target': 1}, {'source': 141, 'target': 153}, {'source': 142, 'target': 161}, {'source': 142, 'target': 136}, {'source': 143, 'target': 111}, {'source': 144, 'target': 65}, {'source': 146, 'target': 79}, {'source': 146, 'target': 152}, {'source': 147, 'target': 84}, {'source': 147, 'target': 155}, {'source': 148, 'target': 39}, {'source': 150, 'target': 18}, {'source': 152, 'target': 133}, {'source': 152, 'target': 104}, {'source': 152, 'target': 176}, {'source': 152, 'target': 178}, {'source': 156, 'target': 128}, {'source': 156, 'target': 28}, {'source': 162, 'target': 120}, {'source': 162, 'target': 14}, {'source': 163, 'target': 32}, {'source': 163, 'target': 182}, {'source': 165, 'target': 177}, {'source': 166, 'target': 61}, {'source': 166, 'target': 199}, {'source': 167, 'target': 179}, {'source': 170, 'target': 41}, {'source': 171, 'target': 12}, {'source': 173, 'target': 94}, {'source': 173, 'target': 145}, {'source': 174, 'target': 160}, {'source': 175, 'target': 48}, {'source': 177, 'target': 189}, {'source': 177, 'target': 203}, {'source': 180, 'target': 46}, {'source': 181, 'target': 186}, {'source': 182, 'target': 20}, {'source': 183, 'target': 42}, {'source': 183, 'target': 13}, {'source': 184, 'target': 38}, {'source': 184, 'target': 188}, {'source': 185, 'target': 102}, {'source': 185, 'target': 121}, {'source': 186, 'target': 29}, {'source': 186, 'target': 105}, {'source': 187, 'target': 81}, {'source': 189, 'target': 0}, {'source': 190, 'target': 205}, {'source': 190, 'target': 26}, {'source': 191, 'target': 30}, {'source': 191, 'target': 202}, {'source': 192, 'target': 99}, {'source': 195, 'target': 90}, {'source': 195, 'target': 57}, {'source': 196, 'target': 16}, {'source': 196, 'target': 107}, {'source': 198, 'target': 7}, {'source': 199, 'target': 82}, {'source': 200, 'target': 67}, {'source': 201, 'target': 117}, {'source': 203, 'target': 141}, {'source': 204, 'target': 43}, {'source': 204, 'target': 6}, {'source': 204, 'target': 185}, {'source': 205, 'target': 68}, {'source': 205, 'target': 165}, {'source': 207, 'target': 195}, {'source': 208, 'target': 71}, {'source': 208, 'target': 91}, {'source': 208, 'target': 190}]}",10
"{'directed': True, 'multigraph': False, 'graph': {}, 'nodes': [{'id': 0}, {'id': 1}, {'id': 2}, {'id': 3}, {'id': 4}, {'id': 5}, {'id': 6}, {'id': 7}, {'id': 8}, {'id': 9}, {'id': 10}, {'id': 11}, {'id': 12}, {'id': 13}, {'id': 14}, {'id': 15}, {'id': 16}, {'id': 17}, {'id': 18}, {'id': 19}, {'id': 20}, {'id': 21}, {'id': 22}, {'id': 23}, {'id': 24}, {'id': 25}, {'id': 26}, {'id': 27}, {'id': 28}, {'id': 29}, {'id': 30}, {'id': 31}, {'id': 32}, {'id': 33}, {'id': 34}, {'id': 35}, {'id': 36}, {'id': 37}, {'id': 38}, {'id': 39}, {'id': 40}, {'id': 41}, {'id': 42}, {'id': 43}, {'id': 44}, {'id': 45}, {'id': 46}, {'id': 47}, {'id': 48}, {'id': 49}, {'id': 50}, {'id': 51}, {'id': 52}, {'id': 53}, {'id': 54}, {'id': 55}, {'id': 56}, {'id': 57}, {'id': 58}, {'id': 59}, {'id': 60}, {'id': 61}, {'id': 62}, {'id': 63}, {'id': 64}, {'id': 65}, {'id': 66}, {'id': 67}, {'id': 68}, {'id': 69}, {'id': 70}, {'id': 71}, {'id': 72}, {'id': 73}, {'id': 74}, {'id': 75}, {'id': 76}, {'id': 77}, {'id': 78}, {'id': 79}, {'id': 80}, {'id': 81}, {'id': 82}, {'id': 83}, {'id': 84}, {'id': 85}, {'id': 86}, {'id': 87}, {'id': 88}, {'id': 89}, {'id': 90}, {'id': 91}, {'id': 92}, {'id': 93}, {'id': 94}, {'id': 95}, {'id': 96}, {'id': 97}, {'id': 98}, {'id': 99}, {'id': 100}, {'id': 101}, {'id': 102}, {'id': 103}, {'id': 104}, {'id': 105}, {'id': 106}, {'id': 107}, {'id': 108}, {'id': 109}, {'id': 110}, {'id': 111}, {'id': 112}, {'id': 113}, {'id': 114}, {'id': 115}, {'id': 116}, {'id': 117}, {'id': 118}, {'id': 119}, {'id': 120}, {'id': 121}, {'id': 122}, {'id': 123}, {'id': 124}, {'id': 125}, {'id': 126}, {'id': 127}, {'id': 128}, {'id': 129}, {'id': 130}, {'id': 131}, {'id': 132}, {'id': 133}, {'id': 134}, {'id': 135}, {'id': 136}, {'id': 137}, {'id': 138}, {'id': 139}, {'id': 140}, {'id': 141}, {'id': 142}, {'id': 143}, {'id': 144}, {'id': 145}, {'id': 146}, {'id': 147}, {'id': 148}, {'id': 149}, {'id': 150}, {'id': 151}, {'id': 152}, {'id': 153}, {'id': 154}, {'id': 155}, {'id': 156}, {'id': 157}, {'id': 158}, {'id': 159}, {'id': 160}, {'id': 161}, {'id': 162}, {'id': 163}, {'id': 164}, {'id': 165}, {'id': 166}, {'id': 167}, {'id': 168}, {'id': 169}, {'id': 170}, {'id': 171}, {'id': 172}, {'id': 173}, {'id': 174}, {'id': 175}, {'id': 176}, {'id': 177}, {'id': 178}, {'id': 179}, {'id': 180}, {'id': 181}, {'id': 182}, {'id': 183}, {'id': 184}, {'id': 185}, {'id': 186}, {'id': 187}, {'id': 188}, {'id': 189}, {'id': 190}, {'id': 191}, {'id': 192}, {'id': 193}, {'id': 194}, {'id': 195}, {'id': 196}, {'id': 197}, {'id': 198}, {'id': 199}, {'id': 200}, {'id': 201}, {'id': 202}, {'id': 203}, {'id': 204}, {'id': 205}, {'id': 206}, {'id': 207}, {'id': 208}, {'id': 209}], 'links': [{'source': 1, 'target': 114}, {'source': 4, 'target': 47}, {'source': 5, 'target': 205}, {'source': 6, 'target': 8}, {'source': 9, 'target': 159}, {'source': 10, 'target': 38}, {'source': 12, 'target': 118}, {'source': 13, 'target': 147}, {'source': 13, 'target': 192}, {'source': 14, 'target': 89}, {'source': 15, 'target': 208}, {'source': 16, 'target': 200}, {'source': 18, 'target': 91}, {'source': 21, 'target': 178}, {'source': 21, 'target': 160}, {'source': 23, 'target': 130}, {'source': 24, 'target': 3}, {'source': 24, 'target': 52}, {'source': 27, 'target': 169}, {'source': 27, 'target': 66}, {'source': 28, 'target': 113}, {'source': 29, 'target': 84}, {'source': 29, 'target': 117}, {'source': 29, 'target': 151}, {'source': 31, 'target': 9}, {'source': 34, 'target': 23}, {'source': 34, 'target': 191}, {'source': 35, 'target': 190}, {'source': 35, 'target': 75}, {'source': 36, 'target': 78}, {'source': 37, 'target': 73}, {'source': 38, 'target': 11}, {'source': 39, 'target': 128}, {'source': 39, 'target': 176}, {'source': 40, 'target': 103}, {'source': 40, 'target': 189}, {'source': 43, 'target': 156}, {'source': 44, 'target': 56}, {'source': 44, 'target': 77}, {'source': 44, 'target': 5}, {'source': 44, 'target': 165}, {'source': 46, 'target': 51}, {'source': 46, 'target': 157}, {'source': 47, 'target': 144}, {'source': 52, 'target': 43}, {'source': 54, 'target': 24}, {'source': 54, 'target': 124}, {'source': 58, 'target': 18}, {'source': 58, 'target': 71}, {'source': 59, 'target': 79}, {'source': 60, 'target': 199}, {'source': 60, 'target': 106}, {'source': 62, 'target': 54}, {'source': 63, 'target': 137}, {'source': 64, 'target': 149}, {'source': 64, 'target': 158}, {'source': 64, 'target': 167}, {'source': 64, 'target': 183}, {'source': 64, 'target': 161}, {'source': 65, 'target': 46}, {'source': 66, 'target': 90}, {'source': 66, 'target': 31}, {'source': 70, 'target': 154}, {'source': 70, 'target': 181}, {'source': 71, 'target': 196}, {'source': 73, 'target': 172}, {'source': 74, 'target': 131}, {'source': 74, 'target': 110}, {'source': 74, 'target': 184}, {'source': 74, 'target': 60}, {'source': 75, 'target': 44}, {'source': 76, 'target': 107}, {'source': 77, 'target': 83}, {'source': 78, 'target': 37}, {'source': 79, 'target': 76}, {'source': 80, 'target': 49}, {'source': 80, 'target': 177}, {'source': 81, 'target': 194}, {'source': 82, 'target': 40}, {'source': 83, 'target': 42}, {'source': 83, 'target': 61}, {'source': 85, 'target': 57}, {'source': 85, 'target': 12}, {'source': 86, 'target': 0}, {'source': 86, 'target': 185}, {'source': 88, 'target': 186}, {'source': 89, 'target': 188}, {'source': 90, 'target': 20}, {'source': 91, 'target': 50}, {'source': 91, 'target': 123}, {'source': 92, 'target': 26}, {'source': 93, 'target': 175}, {'source': 94, 'target': 125}, {'source': 95, 'target': 30}, {'source': 95, 'target': 198}, {'source': 95, 'target': 140}, {'source': 95, 'target': 145}, {'source': 95, 'target': 138}, {'source': 96, 'target': 35}, {'source': 99, 'target': 207}, {'source': 100, 'target': 22}, {'source': 101, 'target': 197}, {'source': 104, 'target': 108}, {'source': 106, 'target': 39}, {'source': 107, 'target': 126}, {'source': 108, 'target': 6}, {'source': 108, 'target': 141}, {'source': 109, 'target': 143}, {'source': 110, 'target': 36}, {'source': 113, 'target': 127}, {'source': 114, 'target': 139}, {'source': 116, 'target': 25}, {'source': 116, 'target': 59}, {'source': 119, 'target': 111}, {'source': 119, 'target': 81}, {'source': 119, 'target': 204}, {'source': 120, 'target': 101}, {'source': 121, 'target': 69}, {'source': 122, 'target': 174}, {'source': 124, 'target': 82}, {'source': 125, 'target': 10}, {'source': 126, 'target': 55}, {'source': 128, 'target': 119}, {'source': 129, 'target': 32}, {'source': 129, 'target': 150}, {'source': 130, 'target': 112}, {'source': 131, 'target': 72}, {'source': 132, 'target': 136}, {'source': 132, 'target': 74}, {'source': 133, 'target': 67}, {'source': 134, 'target': 53}, {'source': 134, 'target': 1}, {'source': 135, 'target': 162}, {'source': 136, 'target': 16}, {'source': 137, 'target': 115}, {'source': 137, 'target': 152}, {'source': 138, 'target': 201}, {'source': 139, 'target': 105}, {'source': 140, 'target': 86}, {'source': 140, 'target': 96}, {'source': 142, 'target': 109}, {'source': 143, 'target': 2}, {'source': 144, 'target': 173}, {'source': 145, 'target': 15}, {'source': 147, 'target': 142}, {'source': 151, 'target': 19}, {'source': 151, 'target': 92}, {'source': 151, 'target': 195}, {'source': 152, 'target': 68}, {'source': 152, 'target': 93}, {'source': 153, 'target': 7}, {'source': 153, 'target': 148}, {'source': 154, 'target': 100}, {'source': 155, 'target': 65}, {'source': 155, 'target': 58}, {'source': 156, 'target': 88}, {'source': 157, 'target': 180}, {'source': 158, 'target': 129}, {'source': 159, 'target': 132}, {'source': 160, 'target': 28}, {'source': 160, 'target': 187}, {'source': 160, 'target': 29}, {'source': 161, 'target': 182}, {'source': 161, 'target': 95}, {'source': 162, 'target': 99}, {'source': 163, 'target': 135}, {'source': 164, 'target': 34}, {'source': 165, 'target': 33}, {'source': 165, 'target': 102}, {'source': 165, 'target': 166}, {'source': 165, 'target': 163}, {'source': 166, 'target': 202}, {'source': 168, 'target': 179}, {'source': 168, 'target': 27}, {'source': 168, 'target': 64}, {'source': 170, 'target': 85}, {'source': 171, 'target': 164}, {'source': 174, 'target': 21}, {'source': 175, 'target': 98}, {'source': 176, 'target': 62}, {'source': 176, 'target': 206}, {'source': 178, 'target': 104}, {'source': 181, 'target': 203}, {'source': 182, 'target': 170}, {'source': 184, 'target': 153}, {'source': 185, 'target': 17}, {'source': 185, 'target': 97}, {'source': 186, 'target': 45}, {'source': 188, 'target': 94}, {'source': 189, 'target': 146}, {'source': 189, 'target': 70}, {'source': 191, 'target': 120}, {'source': 191, 'target': 168}, {'source': 192, 'target': 4}, {'source': 193, 'target': 121}, {'source': 193, 'target': 171}, {'source': 195, 'target': 209}, {'source': 196, 'target': 63}, {'source': 198, 'target': 41}, {'source': 198, 'target': 80}, {'source': 200, 'target': 87}, {'source': 200, 'target': 155}, {'source': 201, 'target': 122}, {'source': 203, 'target': 13}, {'source': 204, 'target': 134}, {'source': 205, 'target': 48}, {'source': 205, 'target': 14}, {'source': 206, 'target': 133}, {'source': 207, 'target': 116}]}",10
"{'directed': True, 'multigraph': False, 'graph': {}, 'nodes': [{'id': 0}, {'id': 1}, {'id': 2}, {'id': 3}, {'id': 4}, {'id': 5}, {'id': 6}, {'id': 7}, {'id': 8}, {'id': 9}, {'id': 10}, {'id': 11}, {'id': 12}, {'id': 13}, {'id': 14}, {'id': 15}, {'id': 16}, {'id': 17}, {'id': 18}, {'id': 19}, {'id': 20}, {'id': 21}, {'id': 22}, {'id': 23}, {'id': 24}, {'id': 25}, {'id': 26}, {'id': 27}, {'id': 28}, {'id': 29}, {'id': 30}, {'id': 31}, {'id': 32}, {'id': 33}, {'id': 34}, {'id': 35}, {'id': 36}, {'id': 37}, {'id': 38}, {'id': 39}, {'id': 40}, {'id': 41}, {'id': 42}, {'id': 43}, {'id': 44}, {'id': 45}, {'id': 46}, {'id': 47}, {'id': 48}, {'id': 49}, {'id': 50}, {'id': 51}, {'id': 52}, {'id': 53}, {'id': 54}, {'id': 55}, {'id': 56}, {'id': 57}, {'id': 58}, {'id': 59}, {'id': 60}, {'id': 61}, {'id': 62}, {'id': 63}, {'id': 64}, {'id': 65}, {'id': 66}, {'id': 67}, {'id': 68}, {'id': 69}, {'id': 70}, {'id': 71}, {'id': 72}, {'id': 73}, {'id': 74}, {'id': 75}, {'id': 76}, {'id': 77}, {'id': 78}, {'id': 79}, {'id': 80}, {'id': 81}, {'id': 82}, {'id': 83}, {'id': 84}, {'id': 85}, {'id': 86}, {'id': 87}, {'id': 88}, {'id': 89}, {'id': 90}, {'id': 91}, {'id': 92}, {'id': 93}, {'id': 94}, {'id': 95}, {'id': 96}, {'id': 97}, {'id': 98}, {'id': 99}, {'id': 100}, {'id': 101}, {'id': 102}, {'id': 103}, {'id': 104}, {'id': 105}, {'id': 106}, {'id': 107}, {'id': 108}, {'id': 109}, {'id': 110}, {'id': 111}, {'id': 112}, {'id': 113}, {'id': 114}, {'id': 115}, {'id': 116}, {'id': 117}, {'id': 118}, {'id': 119}, {'id': 120}, {'id': 121}, {'id': 122}, {'id': 123}, {'id': 124}, {'id': 125}, {'id': 126}, {'id': 127}, {'id': 128}, {'id': 129}, {'id': 130}, {'id': 131}, {'id': 132}, {'id': 133}, {'id': 134}, {'id': 135}, {'id': 136}, {'id': 137}, {'id': 138}, {'id': 139}, {'id': 140}, {'id': 141}, {'id': 142}, {'id': 143}, {'id': 144}, {'id': 145}, {'id': 146}, {'id': 147}, {'id': 148}, {'id': 149}, {'id': 150}, {'id': 151}, {'id': 152}, {'id': 153}, {'id': 154}, {'id': 155}, {'id': 156}, {'id': 157}, {'id': 158}, {'id': 159}, {'id': 160}, {'id': 161}, {'id': 162}, {'id': 163}, {'id': 164}, {'id': 165}, {'id': 166}, {'id': 167}, {'id': 168}, {'id': 169}, {'id': 170}, {'id': 171}, {'id': 172}, {'id': 173}, {'id': 174}, {'id': 175}, {'id': 176}, {'id': 177}, {'id': 178}, {'id': 179}, {'id': 180}, {'id': 181}, {'id': 182}, {'id': 183}, {'id': 184}, {'id': 185}, {'id': 186}, {'id': 187}, {'id': 188}, {'id': 189}, {'id': 190}, {'id': 191}, {'id': 192}, {'id': 193}, {'id': 194}, {'id': 195}, {'id': 196}, {'id': 197}, {'id': 198}, {'id': 199}, {'id': 200}, {'id': 201}, {'id': 202}, {'id': 203}, {'id': 204}, {'id': 205}, {'id': 206}, {'id': 207}, {'id': 208}, {'id': 209}], 'links': [{'source': 0, 'target': 68}, {'source': 3, 'target': 151}, {'source': 3, 'target': 54}, {'source': 5, 'target': 174}, {'source': 6, 'target': 38}, {'source': 7, 'target': 32}, {'source': 10, 'target': 63}, {'source': 14, 'target': 186}, {'source': 16, 'target': 133}, {'source': 17, 'target': 82}, {'source': 17, 'target': 90}, {'source': 20, 'target': 0}, {'source': 20, 'target': 69}, {'source': 20, 'target': 77}, {'source': 21, 'target': 104}, {'source': 22, 'target': 178}, {'source': 23, 'target': 144}, {'source': 23, 'target': 67}, {'source': 24, 'target': 39}, {'source': 25, 'target': 110}, {'source': 25, 'target': 136}, {'source': 26, 'target': 199}, {'source': 27, 'target': 47}, {'source': 28, 'target': 183}, {'source': 29, 'target': 7}, {'source': 29, 'target': 64}, {'source': 29, 'target': 129}, {'source': 29, 'target': 139}, {'source': 29, 'target': 61}, {'source': 31, 'target': 18}, {'source': 31, 'target': 73}, {'source': 32, 'target': 24}, {'source': 34, 'target': 176}, {'source': 35, 'target': 13}, {'source': 35, 'target': 15}, {'source': 35, 'target': 115}, {'source': 36, 'target': 202}, {'source': 37, 'target': 71}, {'source': 37, 'target': 3}, {'source': 38, 'target': 179}, {'source': 38, 'target': 198}, {'source': 40, 'target': 125}, {'source': 47, 'target': 109}, {'source': 48, 'target': 170}, {'source': 48, 'target': 141}, {'source': 49, 'target': 93}, {'source': 49, 'target': 74}, {'source': 49, 'target': 48}, {'source': 49, 'target': 80}, {'source': 50, 'target': 97}, {'source': 51, 'target': 189}, {'source': 52, 'target': 87}, {'source': 54, 'target': 29}, {'source': 55, 'target': 96}, {'source': 55, 'target': 95}, {'source': 56, 'target': 124}, {'source': 56, 'target': 130}, {'source': 56, 'target': 135}, {'source': 56, 'target': 25}, {'source': 56, 'target': 194}, {'source': 58, 'target': 177}, {'source': 59, 'target': 26}, {'source': 60, 'target': 102}, {'source': 61, 'target': 154}, {'source': 62, 'target': 60}, {'source': 62, 'target': 5}, {'source': 66, 'target': 28}, {'source': 67, 'target': 114}, {'source': 67, 'target': 88}, {'source': 69, 'target': 182}, {'source': 71, 'target': 131}, {'source': 72, 'target': 23}, {'source': 74, 'target': 106}, {'source': 74, 'target': 118}, {'source': 75, 'target': 159}, {'source': 76, 'target': 70}, {'source': 77, 'target': 207}, {'source': 77, 'target': 14}, {'source': 78, 'target': 45}, {'source': 79, 'target': 36}, {'source': 80, 'target': 169}, {'source': 80, 'target': 62}, {'source': 81, 'target': 21}, {'source': 82, 'target': 1}, {'source': 82, 'target': 43}, {'source': 83, 'target': 112}, {'source': 83, 'target': 56}, {'source': 83, 'target': 100}, {'source': 85, 'target': 146}, {'source': 86, 'target': 2}, {'source': 86, 'target': 193}, {'source': 87, 'target': 187}, {'source': 88, 'target': 175}, {'source': 88, 'target': 34}, {'source': 89, 'target': 46}, {'source': 90, 'target': 191}, {'source': 90, 'target': 20}, {'source': 92, 'target': 10}, {'source': 93, 'target': 57}, {'source': 94, 'target': 171}, {'source': 94, 'target': 201}, {'source': 95, 'target': 35}, {'source': 96, 'target': 9}, {'source': 97, 'target': 204}, {'source': 98, 'target': 66}, {'source': 99, 'target': 49}, {'source': 100, 'target': 113}, {'source': 100, 'target': 160}, {'source': 100, 'target': 190}, {'source': 101, 'target': 184}, {'source': 102, 'target': 53}, {'source': 103, 'target': 65}, {'source': 105, 'target': 27}, {'source': 105, 'target': 165}, {'source': 106, 'target': 185}, {'source': 107, 'target': 158}, {'source': 108, 'target': 121}, {'source': 108, 'target': 137}, {'source': 108, 'target': 37}, {'source': 112, 'target': 12}, {'source': 112, 'target': 105}, {'source': 113, 'target': 8}, {'source': 115, 'target': 134}, {'source': 116, 'target': 180}, {'source': 118, 'target': 83}, {'source': 123, 'target': 19}, {'source': 123, 'target': 111}, {'source': 128, 'target': 30}, {'source': 128, 'target': 84}, {'source': 128, 'target': 103}, {'source': 128, 'target': 52}, {'source': 128, 'target': 16}, {'source': 128, 'target': 99}, {'source': 129, 'target': 155}, {'source': 130, 'target': 123}, {'source': 131, 'target': 42}, {'source': 131, 'target': 72}, {'source': 133, 'target': 203}, {'source': 136, 'target': 91}, {'source': 137, 'target': 142}, {'source': 137, 'target': 172}, {'source': 139, 'target': 197}, {'source': 140, 'target': 76}, {'source': 141, 'target': 50}, {'source': 141, 'target': 153}, {'source': 143, 'target': 41}, {'source': 143, 'target': 156}, {'source': 144, 'target': 120}, {'source': 145, 'target': 22}, {'source': 147, 'target': 132}, {'source': 147, 'target': 86}, {'source': 148, 'target': 55}, {'source': 149, 'target': 11}, {'source': 149, 'target': 200}, {'source': 149, 'target': 94}, {'source': 150, 'target': 33}, {'source': 150, 'target': 195}, {'source': 151, 'target': 17}, {'source': 152, 'target': 208}, {'source': 153, 'target': 122}, {'source': 153, 'target': 206}, {'source': 154, 'target': 92}, {'source': 154, 'target': 161}, {'source': 155, 'target': 44}, {'source': 155, 'target': 166}, {'source': 156, 'target': 188}, {'source': 157, 'target': 119}, {'source': 157, 'target': 173}, {'source': 159, 'target': 85}, {'source': 159, 'target': 143}, {'source': 161, 'target': 40}, {'source': 161, 'target': 145}, {'source': 162, 'target': 126}, {'source': 162, 'target': 6}, {'source': 164, 'target': 140}, {'source': 166, 'target': 89}, {'source': 166, 'target': 98}, {'source': 169, 'target': 79}, {'source': 170, 'target': 167}, {'source': 174, 'target': 148}, {'source': 174, 'target': 51}, {'source': 176, 'target': 31}, {'source': 176, 'target': 107}, {'source': 176, 'target': 75}, {'source': 177, 'target': 128}, {'source': 178, 'target': 58}, {'source': 184, 'target': 127}, {'source': 185, 'target': 157}, {'source': 185, 'target': 101}, {'source': 186, 'target': 163}, {'source': 186, 'target': 168}, {'source': 186, 'target': 59}, {'source': 186, 'target': 152}, {'source': 187, 'target': 150}, {'source': 189, 'target': 209}, {'source': 190, 'target': 4}, {'source': 190, 'target': 78}, {'source': 190, 'target': 192}, {'source': 190, 'target': 205}, {'source': 192, 'target': 196}, {'source': 195, 'target': 81}, {'source': 197, 'target': 116}, {'source': 198, 'target': 147}, {'source': 201, 'target': 181}, {'source': 202, 'target': 138}, {'source': 203, 'target': 149}, {'source': 204, 'target': 117}, {'source': 205, 'target': 162}, {'source': 209, 'target': 164}]}",10
"{'directed': True, 'multigraph': False, 'graph': {}, 'nodes': [{'id': 0}, {'id': 1}, {'id': 2}, {'id': 3}, {'id': 4}, {'id': 5}, {'id': 6}, {'id': 7}, {'id': 8}, {'id': 9}, {'id': 10}, {'id': 11}, {'id': 12}, {'id': 13}, {'id': 14}, {'id': 15}, {'id': 16}, {'id': 17}, {'id': 18}, {'id': 19}, {'id': 20}, {'id': 21}, {'id': 22}, {'id': 23}, {'id': 24}, {'id': 25}, {'id': 26}, {'id': 27}, {'id': 28}, {'id': 29}, {'id': 30}, {'id': 31}, {'id': 32}, {'id': 33}, {'id': 34}, {'id': 35}, {'id': 36}, {'id': 37}, {'id': 38}, {'id': 39}, {'id': 40}, {'id': 41}, {'id': 42}, {'id': 43}, {'id': 44}, {'id': 45}, {'id': 46}, {'id': 47}, {'id': 48}, {'id': 49}, {'id': 50}, {'id': 51}, {'id': 52}, {'id': 53}, {'id': 54}, {'id': 55}, {'id': 56}, {'id': 57}, {'id': 58}, {'id': 59}, {'id': 60}, {'id': 61}, {'id': 62}, {'id': 63}, {'id': 64}, {'id': 65}, {'id': 66}, {'id': 67}, {'id': 68}, {'id': 69}, {'id': 70}, {'id': 71}, {'id': 72}, {'id': 73}, {'id': 74}, {'id': 75}, {'id': 76}, {'id': 77}, {'id': 78}, {'id': 79}, {'id': 80}, {'id': 81}, {'id': 82}, {'id': 83}, {'id': 84}, {'id': 85}, {'id': 86}, {'id': 87}, {'id': 88}, {'id': 89}, {'id': 90}, {'id': 91}, {'id': 92}, {'id': 93}, {'id': 94}, {'id': 95}, {'id': 96}, {'id': 97}, {'id': 98}, {'id': 99}, {'id': 100}, {'id': 101}, {'id': 102}, {'id': 103}, {'id': 104}, {'id': 105}, {'id': 106}, {'id': 107}, {'id': 108}, {'id': 109}, {'id': 110}, {'id': 111}, {'id': 112}, {'id': 113}, {'id': 114}, {'id': 115}, {'id': 116}, {'id': 117}, {'id': 118}, {'id': 119}, {'id': 120}, {'id': 121}, {'id': 122}, {'id': 123}, {'id': 124}, {'id': 125}, {'id': 126}, {'id': 127}, {'id': 128}, {'id': 129}, {'id': 130}, {'id': 131}, {'id': 132}, {'id': 133}, {'id': 134}, {'id': 135}, {'id': 136}, {'id': 137}, {'id': 138}, {'id': 139}, {'id': 140}, {'id': 141}, {'id': 142}, {'id': 143}, {'id': 144}, {'id': 145}, {'id': 146}, {'id': 147}, {'id': 148}, {'id': 149}, {'id': 150}, {'id': 151}, {'id': 152}, {'id': 153}, {'id': 154}, {'id': 155}, {'id': 156}, {'id': 157}, {'id': 158}, {'id': 159}, {'id': 160}, {'id': 161}, {'id': 162}, {'id': 163}, {'id': 164}, {'id': 165}, {'id': 166}, {'id': 167}, {'id': 168}, {'id': 169}, {'id': 170}, {'id': 171}, {'id': 172}, {'id': 173}, {'id': 174}, {'id': 175}, {'id': 176}, {'id': 177}, {'id': 178}, {'id': 179}, {'id': 180}, {'id': 181}, {'id': 182}, {'id': 183}, {'id': 184}, {'id': 185}, {'id': 186}, {'id': 187}, {'id': 188}, {'id': 189}, {'id': 190}, {'id': 191}, {'id': 192}, {'id': 193}, {'id': 194}, {'id': 195}, {'id': 196}, {'id': 197}, {'id': 198}, {'id': 199}, {'id': 200}, {'id': 201}, {'id': 202}, {'id': 203}, {'id': 204}, {'id': 205}, {'id': 206}, {'id': 207}, {'id': 208}, {'id': 209}], 'links': [{'source': 2, 'target': 73}, {'source': 6, 'target': 74}, {'source': 7, 'target': 147}, {'source': 7, 'target': 193}, {'source': 9, 'target': 103}, {'source': 9, 'target': 19}, {'source': 9, 'target': 201}, {'source': 9, 'target': 209}, {'source': 10, 'target': 55}, {'source': 13, 'target': 86}, {'source': 13, 'target': 207}, {'source': 14, 'target': 34}, {'source': 16, 'target': 137}, {'source': 17, 'target': 160}, {'source': 19, 'target': 85}, {'source': 20, 'target': 132}, {'source': 20, 'target': 109}, {'source': 22, 'target': 114}, {'source': 22, 'target': 101}, {'source': 26, 'target': 27}, {'source': 28, 'target': 35}, {'source': 28, 'target': 2}, {'source': 29, 'target': 77}, {'source': 30, 'target': 58}, {'source': 32, 'target': 119}, {'source': 32, 'target': 59}, {'source': 34, 'target': 92}, {'source': 36, 'target': 111}, {'source': 37, 'target': 124}, {'source': 37, 'target': 108}, {'source': 38, 'target': 21}, {'source': 38, 'target': 36}, {'source': 38, 'target': 37}, {'source': 39, 'target': 112}, {'source': 41, 'target': 104}, {'source': 42, 'target': 157}, {'source': 43, 'target': 156}, {'source': 43, 'target': 158}, {'source': 45, 'target': 170}, {'source': 45, 'target': 205}, {'source': 47, 'target': 96}, {'source': 48, 'target': 141}, {'source': 49, 'target': 110}, {'source': 50, 'target': 90}, {'source': 51, 'target': 151}, {'source': 52, 'target': 32}, {'source': 53, 'target': 113}, {'source': 53, 'target': 115}, {'source': 53, 'target': 136}, {'source': 53, 'target': 7}, {'source': 59, 'target': 143}, {'source': 61, 'target': 166}, {'source': 61, 'target': 38}, {'source': 63, 'target': 159}, {'source': 64, 'target': 18}, {'source': 64, 'target': 186}, {'source': 67, 'target': 154}, {'source': 67, 'target': 142}, {'source': 69, 'target': 9}, {'source': 71, 'target': 128}, {'source': 74, 'target': 189}, {'source': 74, 'target': 194}, {'source': 75, 'target': 197}, {'source': 76, 'target': 4}, {'source': 77, 'target': 91}, {'source': 77, 'target': 168}, {'source': 79, 'target': 52}, {'source': 80, 'target': 192}, {'source': 80, 'target': 6}, {'source': 81, 'target': 152}, {'source': 82, 'target': 94}, {'source': 82, 'target': 199}, {'source': 84, 'target': 178}, {'source': 85, 'target': 44}, {'source': 85, 'target': 80}, {'source': 87, 'target': 76}, {'source': 87, 'target': 82}, {'source': 88, 'target': 196}, {'source': 89, 'target': 72}, {'source': 89, 'target': 162}, {'source': 89, 'target': 177}, {'source': 90, 'target': 130}, {'source': 90, 'target': 183}, {'source': 92, 'target': 56}, {'source': 92, 'target': 102}, {'source': 94, 'target': 62}, {'source': 94, 'target': 43}, {'source': 95, 'target': 15}, {'source': 96, 'target': 12}, {'source': 96, 'target': 190}, {'source': 97, 'target': 146}, {'source': 98, 'target': 8}, {'source': 99, 'target': 50}, {'source': 99, 'target': 145}, {'source': 100, 'target': 118}, {'source': 100, 'target': 69}, {'source': 101, 'target': 191}, {'source': 102, 'target': 169}, {'source': 102, 'target': 49}, {'source': 103, 'target': 48}, {'source': 104, 'target': 129}, {'source': 104, 'target': 127}, {'source': 106, 'target': 122}, {'source': 106, 'target': 29}, {'source': 106, 'target': 139}, {'source': 107, 'target': 135}, {'source': 108, 'target': 106}, {'source': 109, 'target': 131}, {'source': 109, 'target': 53}, {'source': 109, 'target': 88}, {'source': 110, 'target': 123}, {'source': 110, 'target': 47}, {'source': 112, 'target': 20}, {'source': 114, 'target': 78}, {'source': 115, 'target': 28}, {'source': 116, 'target': 26}, {'source': 116, 'target': 70}, {'source': 116, 'target': 117}, {'source': 117, 'target': 126}, {'source': 117, 'target': 172}, {'source': 117, 'target': 206}, {'source': 119, 'target': 63}, {'source': 119, 'target': 75}, {'source': 121, 'target': 14}, {'source': 123, 'target': 25}, {'source': 123, 'target': 68}, {'source': 124, 'target': 3}, {'source': 124, 'target': 144}, {'source': 124, 'target': 41}, {'source': 127, 'target': 148}, {'source': 128, 'target': 45}, {'source': 133, 'target': 116}, {'source': 134, 'target': 65}, {'source': 134, 'target': 188}, {'source': 136, 'target': 171}, {'source': 138, 'target': 107}, {'source': 138, 'target': 13}, {'source': 139, 'target': 153}, {'source': 139, 'target': 202}, {'source': 140, 'target': 99}, {'source': 142, 'target': 150}, {'source': 143, 'target': 51}, {'source': 145, 'target': 200}, {'source': 147, 'target': 57}, {'source': 149, 'target': 11}, {'source': 149, 'target': 176}, {'source': 150, 'target': 179}, {'source': 151, 'target': 155}, {'source': 152, 'target': 1}, {'source': 152, 'target': 161}, {'source': 154, 'target': 120}, {'source': 154, 'target': 167}, {'source': 155, 'target': 184}, {'source': 155, 'target': 22}, {'source': 156, 'target': 23}, {'source': 161, 'target': 46}, {'source': 161, 'target': 30}, {'source': 161, 'target': 66}, {'source': 161, 'target': 173}, {'source': 162, 'target': 60}, {'source': 163, 'target': 98}, {'source': 163, 'target': 16}, {'source': 163, 'target': 182}, {'source': 164, 'target': 89}, {'source': 165, 'target': 5}, {'source': 166, 'target': 31}, {'source': 171, 'target': 33}, {'source': 172, 'target': 93}, {'source': 172, 'target': 185}, {'source': 175, 'target': 95}, {'source': 175, 'target': 87}, {'source': 176, 'target': 24}, {'source': 176, 'target': 125}, {'source': 178, 'target': 0}, {'source': 178, 'target': 174}, {'source': 178, 'target': 195}, {'source': 180, 'target': 165}, {'source': 182, 'target': 121}, {'source': 182, 'target': 61}, {'source': 183, 'target': 83}, {'source': 183, 'target': 175}, {'source': 186, 'target': 134}, {'source': 187, 'target': 164}, {'source': 187, 'target': 71}, {'source': 188, 'target': 84}, {'source': 189, 'target': 181}, {'source': 189, 'target': 64}, {'source': 191, 'target': 100}, {'source': 192, 'target': 17}, {'source': 193, 'target': 203}, {'source': 194, 'target': 187}, {'source': 195, 'target': 67}, {'source': 196, 'target': 10}, {'source': 196, 'target': 163}, {'source': 196, 'target': 138}, {'source': 199, 'target': 54}, {'source': 200, 'target': 97}, {'source': 200, 'target': 81}, {'source': 200, 'target': 133}, {'source': 201, 'target': 208}, {'source': 204, 'target': 42}, {'source': 205, 'target': 40}, {'source': 205, 'target': 149}, {'source': 206, 'target': 204}, {'source': 206, 'target': 79}, {'source': 207, 'target': 105}, {'source': 208, 'target': 180}, {'source': 208, 'target': 39}, {'source': 209, 'target': 198}]}",50
"{'directed': True, 'multigraph': False, 'graph': {}, 'nodes': [{'id': 0}, {'id': 1}, {'id': 2}, {'id': 3}, {'id': 4}, {'id': 5}, {'id': 6}, {'id': 7}, {'id': 8}, {'id': 9}, {'id': 10}, {'id': 11}, {'id': 12}, {'id': 13}, {'id': 14}, {'id': 15}, {'id': 16}, {'id': 17}, {'id': 18}, {'id': 19}, {'id': 20}, {'id': 21}, {'id': 22}, {'id': 23}, {'id': 24}, {'id': 25}, {'id': 26}, {'id': 27}, {'id': 28}, {'id': 29}, {'id': 30}, {'id': 31}, {'id': 32}, {'id': 33}, {'id': 34}, {'id': 35}, {'id': 36}, {'id': 37}, {'id': 38}, {'id': 39}, {'id': 40}, {'id': 41}, {'id': 42}, {'id': 43}, {'id': 44}, {'id': 45}, {'id': 46}, {'id': 47}, {'id': 48}, {'id': 49}, {'id': 50}, {'id': 51}, {'id': 52}, {'id': 53}, {'id': 54}, {'id': 55}, {'id': 56}, {'id': 57}, {'id': 58}, {'id': 59}, {'id': 60}, {'id': 61}, {'id': 62}, {'id': 63}, {'id': 64}, {'id': 65}, {'id': 66}, {'id': 67}, {'id': 68}, {'id': 69}, {'id': 70}, {'id': 71}, {'id': 72}, {'id': 73}, {'id': 74}, {'id': 75}, {'id': 76}, {'id': 77}, {'id': 78}, {'id': 79}, {'id': 80}, {'id': 81}, {'id': 82}, {'id': 83}, {'id': 84}, {'id': 85}, {'id': 86}, {'id': 87}, {'id': 88}, {'id': 89}, {'id': 90}, {'id': 91}, {'id': 92}, {'id': 93}, {'id': 94}, {'id': 95}, {'id': 96}, {'id': 97}, {'id': 98}, {'id': 99}, {'id': 100}, {'id': 101}, {'id': 102}, {'id': 103}, {'id': 104}, {'id': 105}, {'id': 106}, {'id': 107}, {'id': 108}, {'id': 109}, {'id': 110}, {'id': 111}, {'id': 112}, {'id': 113}, {'id': 114}, {'id': 115}, {'id': 116}, {'id': 117}, {'id': 118}, {'id': 119}, {'id': 120}, {'id': 121}, {'id': 122}, {'id': 123}, {'id': 124}, {'id': 125}, {'id': 126}, {'id': 127}, {'id': 128}, {'id': 129}, {'id': 130}, {'id': 131}, {'id': 132}, {'id': 133}, {'id': 134}, {'id': 135}, {'id': 136}, {'id': 137}, {'id': 138}, {'id': 139}, {'id': 140}, {'id': 141}, {'id': 142}, {'id': 143}, {'id': 144}, {'id': 145}, {'id': 146}, {'id': 147}, {'id': 148}, {'id': 149}, {'id': 150}, {'id': 151}, {'id': 152}, {'id': 153}, {'id': 154}, {'id': 155}, {'id': 156}, {'id': 157}, {'id': 158}, {'id': 159}, {'id': 160}, {'id': 161}, {'id': 162}, {'id': 163}, {'id': 164}, {'id': 165}, {'id': 166}, {'id': 167}, {'id': 168}, {'id': 169}, {'id': 170}, {'id': 171}, {'id': 172}, {'id': 173}, {'id': 174}, {'id': 175}, {'id': 176}, {'id': 177}, {'id': 178}, {'id': 179}, {'id': 180}, {'id': 181}, {'id': 182}, {'id': 183}, {'id': 184}, {'id': 185}, {'id': 186}, {'id': 187}, {'id': 188}, {'id': 189}, {'id': 190}, {'id': 191}, {'id': 192}, {'id': 193}, {'id': 194}, {'id': 195}, {'id': 196}, {'id': 197}, {'id': 198}, {'id': 199}, {'id': 200}, {'id': 201}, {'id': 202}, {'id': 203}, {'id': 204}, {'id': 205}, {'id': 206}, {'id': 207}, {'id': 208}, {'id': 209}], 'links': [{'source': 0, 'target': 17}, {'source': 0, 'target': 65}, {'source': 0, 'target': 43}, {'source': 1, 'target': 127}, {'source': 4, 'target': 61}, {'source': 7, 'target': 169}, {'source': 7, 'target': 138}, {'source': 9, 'target': 166}, {'source': 13, 'target': 105}, {'source': 13, 'target': 184}, {'source': 13, 'target': 59}, {'source': 14, 'target': 73}, {'source': 16, 'target': 28}, {'source': 16, 'target': 181}, {'source': 18, 'target': 14}, {'source': 18, 'target': 104}, {'source': 19, 'target': 170}, {'source': 20, 'target': 106}, {'source': 21, 'target': 20}, {'source': 22, 'target': 33}, {'source': 22, 'target': 97}, {'source': 22, 'target': 39}, {'source': 22, 'target': 137}, {'source': 23, 'target': 165}, {'source': 25, 'target': 51}, {'source': 25, 'target': 118}, {'source': 25, 'target': 121}, {'source': 25, 'target': 76}, {'source': 26, 'target': 164}, {'source': 27, 'target': 110}, {'source': 28, 'target': 74}, {'source': 30, 'target': 52}, {'source': 30, 'target': 139}, {'source': 30, 'target': 178}, {'source': 30, 'target': 117}, {'source': 36, 'target': 18}, {'source': 38, 'target': 34}, {'source': 38, 'target': 90}, {'source': 38, 'target': 157}, {'source': 38, 'target': 155}, {'source': 39, 'target': 152}, {'source': 39, 'target': 63}, {'source': 40, 'target': 38}, {'source': 42, 'target': 182}, {'source': 43, 'target': 6}, {'source': 43, 'target': 42}, {'source': 46, 'target': 207}, {'source': 47, 'target': 75}, {'source': 47, 'target': 88}, {'source': 47, 'target': 204}, {'source': 49, 'target': 35}, {'source': 50, 'target': 36}, {'source': 55, 'target': 168}, {'source': 56, 'target': 120}, {'source': 56, 'target': 206}, {'source': 57, 'target': 27}, {'source': 58, 'target': 192}, {'source': 59, 'target': 119}, {'source': 60, 'target': 198}, {'source': 61, 'target': 162}, {'source': 61, 'target': 25}, {'source': 63, 'target': 145}, {'source': 63, 'target': 199}, {'source': 64, 'target': 37}, {'source': 64, 'target': 69}, {'source': 66, 'target': 171}, {'source': 66, 'target': 158}, {'source': 68, 'target': 116}, {'source': 69, 'target': 102}, {'source': 70, 'target': 21}, {'source': 70, 'target': 130}, {'source': 71, 'target': 7}, {'source': 74, 'target': 1}, {'source': 76, 'target': 46}, {'source': 77, 'target': 123}, {'source': 78, 'target': 128}, {'source': 78, 'target': 141}, {'source': 78, 'target': 163}, {'source': 79, 'target': 122}, {'source': 80, 'target': 146}, {'source': 82, 'target': 112}, {'source': 83, 'target': 107}, {'source': 83, 'target': 160}, {'source': 84, 'target': 103}, {'source': 84, 'target': 0}, {'source': 84, 'target': 96}, {'source': 86, 'target': 55}, {'source': 87, 'target': 56}, {'source': 88, 'target': 85}, {'source': 88, 'target': 95}, {'source': 89, 'target': 19}, {'source': 91, 'target': 180}, {'source': 91, 'target': 83}, {'source': 92, 'target': 147}, {'source': 92, 'target': 86}, {'source': 92, 'target': 196}, {'source': 92, 'target': 186}, {'source': 93, 'target': 195}, {'source': 96, 'target': 209}, {'source': 100, 'target': 99}, {'source': 102, 'target': 108}, {'source': 102, 'target': 77}, {'source': 102, 'target': 156}, {'source': 102, 'target': 202}, {'source': 103, 'target': 79}, {'source': 103, 'target': 126}, {'source': 104, 'target': 175}, {'source': 108, 'target': 115}, {'source': 109, 'target': 205}, {'source': 111, 'target': 100}, {'source': 112, 'target': 177}, {'source': 114, 'target': 113}, {'source': 114, 'target': 133}, {'source': 116, 'target': 64}, {'source': 116, 'target': 92}, {'source': 117, 'target': 193}, {'source': 117, 'target': 153}, {'source': 118, 'target': 11}, {'source': 119, 'target': 91}, {'source': 123, 'target': 41}, {'source': 124, 'target': 203}, {'source': 126, 'target': 173}, {'source': 128, 'target': 15}, {'source': 129, 'target': 188}, {'source': 130, 'target': 2}, {'source': 130, 'target': 111}, {'source': 131, 'target': 16}, {'source': 131, 'target': 190}, {'source': 132, 'target': 150}, {'source': 132, 'target': 47}, {'source': 134, 'target': 70}, {'source': 134, 'target': 161}, {'source': 136, 'target': 67}, {'source': 136, 'target': 58}, {'source': 137, 'target': 72}, {'source': 137, 'target': 143}, {'source': 137, 'target': 26}, {'source': 137, 'target': 71}, {'source': 137, 'target': 78}, {'source': 138, 'target': 125}, {'source': 138, 'target': 30}, {'source': 139, 'target': 101}, {'source': 141, 'target': 98}, {'source': 144, 'target': 197}, {'source': 146, 'target': 93}, {'source': 148, 'target': 32}, {'source': 149, 'target': 132}, {'source': 149, 'target': 84}, {'source': 151, 'target': 9}, {'source': 151, 'target': 66}, {'source': 151, 'target': 131}, {'source': 152, 'target': 94}, {'source': 152, 'target': 187}, {'source': 153, 'target': 68}, {'source': 154, 'target': 45}, {'source': 155, 'target': 82}, {'source': 155, 'target': 89}, {'source': 158, 'target': 31}, {'source': 158, 'target': 4}, {'source': 160, 'target': 136}, {'source': 162, 'target': 142}, {'source': 162, 'target': 189}, {'source': 163, 'target': 201}, {'source': 164, 'target': 60}, {'source': 167, 'target': 5}, {'source': 167, 'target': 8}, {'source': 167, 'target': 185}, {'source': 168, 'target': 114}, {'source': 168, 'target': 13}, {'source': 168, 'target': 80}, {'source': 170, 'target': 50}, {'source': 172, 'target': 140}, {'source': 173, 'target': 53}, {'source': 173, 'target': 179}, {'source': 174, 'target': 24}, {'source': 174, 'target': 109}, {'source': 175, 'target': 3}, {'source': 175, 'target': 10}, {'source': 175, 'target': 172}, {'source': 175, 'target': 124}, {'source': 176, 'target': 44}, {'source': 177, 'target': 23}, {'source': 178, 'target': 29}, {'source': 178, 'target': 49}, {'source': 178, 'target': 81}, {'source': 183, 'target': 62}, {'source': 185, 'target': 129}, {'source': 185, 'target': 151}, {'source': 186, 'target': 87}, {'source': 189, 'target': 54}, {'source': 189, 'target': 135}, {'source': 189, 'target': 40}, {'source': 190, 'target': 22}, {'source': 192, 'target': 176}, {'source': 192, 'target': 191}, {'source': 194, 'target': 149}, {'source': 196, 'target': 12}, {'source': 198, 'target': 144}, {'source': 198, 'target': 200}, {'source': 200, 'target': 183}, {'source': 201, 'target': 48}, {'source': 201, 'target': 174}, {'source': 201, 'target': 194}, {'source': 203, 'target': 134}, {'source': 205, 'target': 57}, {'source': 208, 'target': 159}, {'source': 208, 'target': 167}, {'source': 209, 'target': 148}, {'source': 209, 'target': 154}]}",50
"{'directed': True, 'multigraph': False, 'graph': {}, 'nodes': [{'id': 0}, {'id': 1}, {'id': 2}, {'id': 3}, {'id': 4}, {'id': 5}, {'id': 6}, {'id': 7}, {'id': 8}, {'id': 9}, {'id': 10}, {'id': 11}, {'id': 12}, {'id': 13}, {'id': 14}, {'id': 15}, {'id': 16}, {'id': 17}, {'id': 18}, {'id': 19}, {'id': 20}, {'id': 21}, {'id': 22}, {'id': 23}, {'id': 24}, {'id': 25}, {'id': 26}, {'id': 27}, {'id': 28}, {'id': 29}, {'id': 30}, {'id': 31}, {'id': 32}, {'id': 33}, {'id': 34}, {'id': 35}, {'id': 36}, {'id': 37}, {'id': 38}, {'id': 39}, {'id': 40}, {'id': 41}, {'id': 42}, {'id': 43}, {'id': 44}, {'id': 45}, {'id': 46}, {'id': 47}, {'id': 48}, {'id': 49}, {'id': 50}, {'id': 51}, {'id': 52}, {'id': 53}, {'id': 54}, {'id': 55}, {'id': 56}, {'id': 57}, {'id': 58}, {'id': 59}, {'id': 60}, {'id': 61}, {'id': 62}, {'id': 63}, {'id': 64}, {'id': 65}, {'id': 66}, {'id': 67}, {'id': 68}, {'id': 69}, {'id': 70}, {'id': 71}, {'id': 72}, {'id': 73}, {'id': 74}, {'id': 75}, {'id': 76}, {'id': 77}, {'id': 78}, {'id': 79}, {'id': 80}, {'id': 81}, {'id': 82}, {'id': 83}, {'id': 84}, {'id': 85}, {'id': 86}, {'id': 87}, {'id': 88}, {'id': 89}, {'id': 90}, {'id': 91}, {'id': 92}, {'id': 93}, {'id': 94}, {'id': 95}, {'id': 96}, {'id': 97}, {'id': 98}, {'id': 99}, {'id': 100}, {'id': 101}, {'id': 102}, {'id': 103}, {'id': 104}, {'id': 105}, {'id': 106}, {'id': 107}, {'id': 108}, {'id': 109}, {'id': 110}, {'id': 111}, {'id': 112}, {'id': 113}, {'id': 114}, {'id': 115}, {'id': 116}, {'id': 117}, {'id': 118}, {'id': 119}, {'id': 120}, {'id': 121}, {'id': 122}, {'id': 123}, {'id': 124}, {'id': 125}, {'id': 126}, {'id': 127}, {'id': 128}, {'id': 129}, {'id': 130}, {'id': 131}, {'id': 132}, {'id': 133}, {'id': 134}, {'id': 135}, {'id': 136}, {'id': 137}, {'id': 138}, {'id': 139}, {'id': 140}, {'id': 141}, {'id': 142}, {'id': 143}, {'id': 144}, {'id': 145}, {'id': 146}, {'id': 147}, {'id': 148}, {'id': 149}, {'id': 150}, {'id': 151}, {'id': 152}, {'id': 153}, {'id': 154}, {'id': 155}, {'id': 156}, {'id': 157}, {'id': 158}, {'id': 159}, {'id': 160}, {'id': 161}, {'id': 162}, {'id': 163}, {'id': 164}, {'id': 165}, {'id': 166}, {'id': 167}, {'id': 168}, {'id': 169}, {'id': 170}, {'id': 171}, {'id': 172}, {'id': 173}, {'id': 174}, {'id': 175}, {'id': 176}, {'id': 177}, {'id': 178}, {'id': 179}, {'id': 180}, {'id': 181}, {'id': 182}, {'id': 183}, {'id': 184}, {'id': 185}, {'id': 186}, {'id': 187}, {'id': 188}, {'id': 189}, {'id': 190}, {'id': 191}, {'id': 192}, {'id': 193}, {'id': 194}, {'id': 195}, {'id': 196}, {'id': 197}, {'id': 198}, {'id': 199}, {'id': 200}, {'id': 201}, {'id': 202}, {'id': 203}, {'id': 204}, {'id': 205}, {'id': 206}, {'id': 207}, {'id': 208}, {'id': 209}], 'links': [{'source': 0, 'target': 138}, {'source': 0, 'target': 174}, {'source': 1, 'target': 16}, {'source': 1, 'target': 92}, {'source': 3, 'target': 151}, {'source': 3, 'target': 169}, {'source': 4, 'target': 90}, {'source': 4, 'target': 130}, {'source': 5, 'target': 88}, {'source': 5, 'target': 132}, {'source': 10, 'target': 4}, {'source': 10, 'target': 131}, {'source': 13, 'target': 125}, {'source': 13, 'target': 104}, {'source': 13, 'target': 126}, {'source': 15, 'target': 47}, {'source': 16, 'target': 66}, {'source': 17, 'target': 44}, {'source': 18, 'target': 166}, {'source': 19, 'target': 76}, {'source': 20, 'target': 203}, {'source': 23, 'target': 128}, {'source': 25, 'target': 142}, {'source': 26, 'target': 200}, {'source': 27, 'target': 191}, {'source': 28, 'target': 153}, {'source': 28, 'target': 50}, {'source': 33, 'target': 6}, {'source': 33, 'target': 43}, {'source': 36, 'target': 173}, {'source': 38, 'target': 17}, {'source': 38, 'target': 45}, {'source': 39, 'target': 185}, {'source': 40, 'target': 14}, {'source': 41, 'target': 63}, {'source': 43, 'target': 133}, {'source': 43, 'target': 199}, {'source': 47, 'target': 181}, {'source': 48, 'target': 193}, {'source': 49, 'target': 77}, {'source': 50, 'target': 167}, {'source': 53, 'target': 140}, {'source': 54, 'target': 109}, {'source': 55, 'target': 149}, {'source': 56, 'target': 11}, {'source': 56, 'target': 141}, {'source': 57, 'target': 5}, {'source': 57, 'target': 136}, {'source': 57, 'target': 101}, {'source': 58, 'target': 97}, {'source': 59, 'target': 152}, {'source': 59, 'target': 117}, {'source': 60, 'target': 82}, {'source': 61, 'target': 37}, {'source': 61, 'target': 107}, {'source': 61, 'target': 115}, {'source': 62, 'target': 48}, {'source': 62, 'target': 0}, {'source': 64, 'target': 42}, {'source': 64, 'target': 111}, {'source': 65, 'target': 127}, {'source': 67, 'target': 150}, {'source': 69, 'target': 75}, {'source': 70, 'target': 182}, {'source': 70, 'target': 23}, {'source': 70, 'target': 161}, {'source': 72, 'target': 147}, {'source': 74, 'target': 175}, {'source': 75, 'target': 94}, {'source': 77, 'target': 64}, {'source': 80, 'target': 148}, {'source': 81, 'target': 170}, {'source': 82, 'target': 19}, {'source': 82, 'target': 33}, {'source': 83, 'target': 32}, {'source': 84, 'target': 160}, {'source': 85, 'target': 31}, {'source': 85, 'target': 171}, {'source': 85, 'target': 208}, {'source': 87, 'target': 12}, {'source': 87, 'target': 91}, {'source': 87, 'target': 20}, {'source': 92, 'target': 55}, {'source': 93, 'target': 10}, {'source': 96, 'target': 60}, {'source': 98, 'target': 180}, {'source': 98, 'target': 121}, {'source': 100, 'target': 165}, {'source': 100, 'target': 93}, {'source': 101, 'target': 100}, {'source': 103, 'target': 110}, {'source': 103, 'target': 144}, {'source': 104, 'target': 65}, {'source': 108, 'target': 198}, {'source': 111, 'target': 206}, {'source': 111, 'target': 62}, {'source': 112, 'target': 56}, {'source': 113, 'target': 95}, {'source': 113, 'target': 156}, {'source': 113, 'target': 205}, {'source': 114, 'target': 98}, {'source': 114, 'target': 188}, {'source': 114, 'target': 164}, {'source': 114, 'target': 209}, {'source': 115, 'target': 119}, {'source': 115, 'target': 172}, {'source': 116, 'target': 73}, {'source': 116, 'target': 120}, {'source': 116, 'target': 103}, {'source': 116, 'target': 190}, {'source': 117, 'target': 28}, {'source': 117, 'target': 177}, {'source': 118, 'target': 78}, {'source': 119, 'target': 134}, {'source': 120, 'target': 22}, {'source': 121, 'target': 183}, {'source': 122, 'target': 35}, {'source': 123, 'target': 113}, {'source': 124, 'target': 38}, {'source': 126, 'target': 112}, {'source': 126, 'target': 3}, {'source': 127, 'target': 41}, {'source': 127, 'target': 74}, {'source': 128, 'target': 124}, {'source': 128, 'target': 158}, {'source': 131, 'target': 105}, {'source': 131, 'target': 18}, {'source': 134, 'target': 79}, {'source': 135, 'target': 27}, {'source': 137, 'target': 25}, {'source': 138, 'target': 122}, {'source': 139, 'target': 184}, {'source': 142, 'target': 179}, {'source': 143, 'target': 80}, {'source': 145, 'target': 197}, {'source': 150, 'target': 81}, {'source': 150, 'target': 139}, {'source': 151, 'target': 21}, {'source': 152, 'target': 30}, {'source': 152, 'target': 89}, {'source': 153, 'target': 159}, {'source': 154, 'target': 46}, {'source': 154, 'target': 72}, {'source': 154, 'target': 186}, {'source': 154, 'target': 204}, {'source': 157, 'target': 84}, {'source': 157, 'target': 108}, {'source': 158, 'target': 187}, {'source': 159, 'target': 53}, {'source': 159, 'target': 162}, {'source': 161, 'target': 34}, {'source': 161, 'target': 13}, {'source': 163, 'target': 129}, {'source': 163, 'target': 135}, {'source': 164, 'target': 39}, {'source': 164, 'target': 123}, {'source': 168, 'target': 52}, {'source': 168, 'target': 96}, {'source': 169, 'target': 176}, {'source': 170, 'target': 143}, {'source': 171, 'target': 58}, {'source': 171, 'target': 1}, {'source': 171, 'target': 154}, {'source': 172, 'target': 83}, {'source': 172, 'target': 106}, {'source': 172, 'target': 194}, {'source': 174, 'target': 54}, {'source': 174, 'target': 116}, {'source': 174, 'target': 114}, {'source': 175, 'target': 118}, {'source': 175, 'target': 155}, {'source': 175, 'target': 163}, {'source': 176, 'target': 168}, {'source': 177, 'target': 67}, {'source': 177, 'target': 85}, {'source': 178, 'target': 102}, {'source': 179, 'target': 7}, {'source': 179, 'target': 196}, {'source': 179, 'target': 61}, {'source': 180, 'target': 9}, {'source': 182, 'target': 178}, {'source': 184, 'target': 51}, {'source': 185, 'target': 202}, {'source': 186, 'target': 201}, {'source': 189, 'target': 157}, {'source': 191, 'target': 2}, {'source': 191, 'target': 68}, {'source': 194, 'target': 40}, {'source': 194, 'target': 70}, {'source': 194, 'target': 87}, {'source': 196, 'target': 192}, {'source': 197, 'target': 99}, {'source': 198, 'target': 69}, {'source': 199, 'target': 8}, {'source': 199, 'target': 29}, {'source': 199, 'target': 195}, {'source': 200, 'target': 207}, {'source': 200, 'target': 49}, {'source': 201, 'target': 146}, {'source': 203, 'target': 145}, {'source': 204, 'target': 71}, {'source': 204, 'target': 15}, {'source': 205, 'target': 189}, {'source': 205, 'target': 59}, {'source': 206, 'target': 137}, {'source': 208, 'target': 36}, {'source': 209, 'target': 24}, {'source': 209, 'target': 86}, {'source': 209, 'target': 57}]}",50
"{'directed': True, 'multigraph': False, 'graph': {}, 'nodes': [{'id': 0}, {'id': 1}, {'id': 2}, {'id': 3}, {'id': 4}, {'id': 5}, {'id': 6}, {'id': 7}, {'id': 8}, {'id': 9}, {'id': 10}, {'id': 11}, {'id': 12}, {'id': 13}, {'id': 14}, {'id': 15}, {'id': 16}, {'id': 17}, {'id': 18}, {'id': 19}, {'id': 20}, {'id': 21}, {'id': 22}, {'id': 23}, {'id': 24}, {'id': 25}, {'id': 26}, {'id': 27}, {'id': 28}, {'id': 29}, {'id': 30}, {'id': 31}, {'id': 32}, {'id': 33}, {'id': 34}, {'id': 35}, {'id': 36}, {'id': 37}, {'id': 38}, {'id': 39}, {'id': 40}, {'id': 41}, {'id': 42}, {'id': 43}, {'id': 44}, {'id': 45}, {'id': 46}, {'id': 47}, {'id': 48}, {'id': 49}, {'id': 50}, {'id': 51}, {'id': 52}, {'id': 53}, {'id': 54}, {'id': 55}, {'id': 56}, {'id': 57}, {'id': 58}, {'id': 59}, {'id': 60}, {'id': 61}, {'id': 62}, {'id': 63}, {'id': 64}, {'id': 65}, {'id': 66}, {'id': 67}, {'id': 68}, {'id': 69}, {'id': 70}, {'id': 71}, {'id': 72}, {'id': 73}, {'id': 74}, {'id': 75}, {'id': 76}, {'id': 77}, {'id': 78}, {'id': 79}, {'id': 80}, {'id': 81}, {'id': 82}, {'id': 83}, {'id': 84}, {'id': 85}, {'id': 86}, {'id': 87}, {'id': 88}, {'id': 89}, {'id': 90}, {'id': 91}, {'id': 92}, {'id': 93}, {'id': 94}, {'id': 95}, {'id': 96}, {'id': 97}, {'id': 98}, {'id': 99}, {'id': 100}, {'id': 101}, {'id': 102}, {'id': 103}, {'id': 104}, {'id': 105}, {'id': 106}, {'id': 107}, {'id': 108}, {'id': 109}, {'id': 110}, {'id': 111}, {'id': 112}, {'id': 113}, {'id': 114}, {'id': 115}, {'id': 116}, {'id': 117}, {'id': 118}, {'id': 119}, {'id': 120}, {'id': 121}, {'id': 122}, {'id': 123}, {'id': 124}, {'id': 125}, {'id': 126}, {'id': 127}, {'id': 128}, {'id': 129}, {'id': 130}, {'id': 131}, {'id': 132}, {'id': 133}, {'id': 134}, {'id': 135}, {'id': 136}, {'id': 137}, {'id': 138}, {'id': 139}, {'id': 140}, {'id': 141}, {'id': 142}, {'id': 143}, {'id': 144}, {'id': 145}, {'id': 146}, {'id': 147}, {'id': 148}, {'id': 149}, {'id': 150}, {'id': 151}, {'id': 152}, {'id': 153}, {'id': 154}, {'id': 155}, {'id': 156}, {'id': 157}, {'id': 158}, {'id': 159}, {'id': 160}, {'id': 161}, {'id': 162}, {'id': 163}, {'id': 164}, {'id': 165}, {'id': 166}, {'id': 167}, {'id': 168}, {'id': 169}, {'id': 170}, {'id': 171}, {'id': 172}, {'id': 173}, {'id': 174}, {'id': 175}, {'id': 176}, {'id': 177}, {'id': 178}, {'id': 179}, {'id': 180}, {'id': 181}, {'id': 182}, {'id': 183}, {'id': 184}, {'id': 185}, {'id': 186}, {'id': 187}, {'id': 188}, {'id': 189}, {'id': 190}, {'id': 191}, {'id': 192}, {'id': 193}, {'id': 194}, {'id': 195}, {'id': 196}, {'id': 197}, {'id': 198}, {'id': 199}, {'id': 200}, {'id': 201}, {'id': 202}, {'id': 203}, {'id': 204}, {'id': 205}, {'id': 206}, {'id': 207}, {'id': 208}, {'id': 209}], 'links': [{'source': 0, 'target': 141}, {'source': 5, 'target': 4}, {'source': 5, 'target': 174}, {'source': 6, 'target': 201}, {'source': 7, 'target': 11}, {'source': 8, 'target': 42}, {'source': 9, 'target': 172}, {'source': 9, 'target': 121}, {'source': 10, 'target': 185}, {'source': 10, 'target': 5}, {'source': 10, 'target': 61}, {'source': 10, 'target': 197}, {'source': 17, 'target': 82}, {'source': 17, 'target': 111}, {'source': 18, 'target': 36}, {'source': 19, 'target': 114}, {'source': 19, 'target': 193}, {'source': 19, 'target': 22}, {'source': 22, 'target': 67}, {'source': 22, 'target': 180}, {'source': 24, 'target': 144}, {'source': 25, 'target': 14}, {'source': 26, 'target': 153}, {'source': 28, 'target': 161}, {'source': 28, 'target': 17}, {'source': 29, 'target': 146}, {'source': 30, 'target': 51}, {'source': 30, 'target': 110}, {'source': 30, 'target': 177}, {'source': 33, 'target': 13}, {'source': 33, 'target': 102}, {'source': 33, 'target': 205}, {'source': 34, 'target': 80}, {'source': 35, 'target': 125}, {'source': 38, 'target': 99}, {'source': 39, 'target': 105}, {'source': 40, 'target': 54}, {'source': 40, 'target': 196}, {'source': 42, 'target': 57}, {'source': 44, 'target': 12}, {'source': 44, 'target': 154}, {'source': 46, 'target': 148}, {'source': 46, 'target': 84}, {'source': 47, 'target': 159}, {'source': 48, 'target': 59}, {'source': 48, 'target': 137}, {'source': 48, 'target': 192}, {'source': 50, 'target': 26}, {'source': 51, 'target': 52}, {'source': 53, 'target': 15}, {'source': 53, 'target': 93}, {'source': 54, 'target': 18}, {'source': 55, 'target': 28}, {'source': 55, 'target': 145}, {'source': 56, 'target': 152}, {'source': 56, 'target': 139}, {'source': 57, 'target': 138}, {'source': 58, 'target': 175}, {'source': 61, 'target': 74}, {'source': 61, 'target': 108}, {'source': 61, 'target': 140}, {'source': 61, 'target': 206}, {'source': 62, 'target': 103}, {'source': 64, 'target': 66}, {'source': 65, 'target': 34}, {'source': 66, 'target': 7}, {'source': 66, 'target': 43}, {'source': 66, 'target': 38}, {'source': 66, 'target': 117}, {'source': 66, 'target': 107}, {'source': 67, 'target': 173}, {'source': 67, 'target': 186}, {'source': 68, 'target': 97}, {'source': 68, 'target': 98}, {'source': 73, 'target': 35}, {'source': 75, 'target': 199}, {'source': 77, 'target': 69}, {'source': 79, 'target': 126}, {'source': 81, 'target': 151}, {'source': 83, 'target': 77}, {'source': 83, 'target': 46}, {'source': 84, 'target': 24}, {'source': 85, 'target': 120}, {'source': 85, 'target': 133}, {'source': 86, 'target': 33}, {'source': 88, 'target': 150}, {'source': 88, 'target': 189}, {'source': 90, 'target': 94}, {'source': 90, 'target': 163}, {'source': 91, 'target': 75}, {'source': 93, 'target': 32}, {'source': 93, 'target': 143}, {'source': 93, 'target': 9}, {'source': 95, 'target': 87}, {'source': 95, 'target': 113}, {'source': 97, 'target': 3}, {'source': 102, 'target': 76}, {'source': 102, 'target': 136}, {'source': 103, 'target': 129}, {'source': 103, 'target': 127}, {'source': 104, 'target': 181}, {'source': 105, 'target': 170}, {'source': 105, 'target': 8}, {'source': 107, 'target': 134}, {'source': 107, 'target': 47}, {'source': 108, 'target': 124}, {'source': 110, 'target': 95}, {'source': 110, 'target': 188}, {'source': 111, 'target': 132}, {'source': 112, 'target': 65}, {'source': 112, 'target': 142}, {'source': 112, 'target': 44}, {'source': 112, 'target': 83}, {'source': 114, 'target': 23}, {'source': 114, 'target': 81}, {'source': 114, 'target': 55}, {'source': 116, 'target': 104}, {'source': 117, 'target': 56}, {'source': 117, 'target': 187}, {'source': 118, 'target': 169}, {'source': 121, 'target': 158}, {'source': 121, 'target': 30}, {'source': 122, 'target': 155}, {'source': 122, 'target': 116}, {'source': 122, 'target': 208}, {'source': 124, 'target': 70}, {'source': 127, 'target': 135}, {'source': 127, 'target': 168}, {'source': 130, 'target': 119}, {'source': 130, 'target': 85}, {'source': 131, 'target': 191}, {'source': 132, 'target': 194}, {'source': 136, 'target': 90}, {'source': 137, 'target': 123}, {'source': 138, 'target': 203}, {'source': 139, 'target': 62}, {'source': 140, 'target': 190}, {'source': 141, 'target': 131}, {'source': 142, 'target': 60}, {'source': 144, 'target': 207}, {'source': 145, 'target': 112}, {'source': 147, 'target': 37}, {'source': 147, 'target': 40}, {'source': 148, 'target': 53}, {'source': 150, 'target': 16}, {'source': 152, 'target': 25}, {'source': 152, 'target': 101}, {'source': 153, 'target': 29}, {'source': 159, 'target': 100}, {'source': 159, 'target': 179}, {'source': 160, 'target': 58}, {'source': 161, 'target': 89}, {'source': 162, 'target': 118}, {'source': 163, 'target': 128}, {'source': 163, 'target': 162}, {'source': 165, 'target': 21}, {'source': 166, 'target': 41}, {'source': 166, 'target': 195}, {'source': 167, 'target': 20}, {'source': 167, 'target': 96}, {'source': 171, 'target': 88}, {'source': 172, 'target': 45}, {'source': 172, 'target': 183}, {'source': 173, 'target': 79}, {'source': 173, 'target': 178}, {'source': 174, 'target': 49}, {'source': 174, 'target': 171}, {'source': 174, 'target': 39}, {'source': 176, 'target': 10}, {'source': 177, 'target': 31}, {'source': 177, 'target': 200}, {'source': 179, 'target': 160}, {'source': 179, 'target': 48}, {'source': 179, 'target': 176}, {'source': 180, 'target': 91}, {'source': 180, 'target': 209}, {'source': 181, 'target': 165}, {'source': 182, 'target': 63}, {'source': 183, 'target': 182}, {'source': 185, 'target': 68}, {'source': 185, 'target': 106}, {'source': 187, 'target': 86}, {'source': 189, 'target': 71}, {'source': 189, 'target': 50}, {'source': 189, 'target': 156}, {'source': 190, 'target': 115}, {'source': 191, 'target': 19}, {'source': 193, 'target': 149}, {'source': 193, 'target': 64}, {'source': 195, 'target': 122}, {'source': 196, 'target': 184}, {'source': 196, 'target': 6}, {'source': 197, 'target': 27}, {'source': 197, 'target': 166}, {'source': 199, 'target': 109}, {'source': 199, 'target': 73}, {'source': 202, 'target': 72}, {'source': 202, 'target': 147}, {'source': 202, 'target': 0}, {'source': 203, 'target': 204}, {'source': 204, 'target': 2}, {'source': 204, 'target': 92}, {'source': 204, 'target': 167}, {'source': 206, 'target': 198}, {'source': 207, 'target': 130}, {'source': 208, 'target': 78}, {'source': 209, 'target': 1}, {'source': 209, 'target': 157}, {'source': 209, 'target': 164}]}",100
"{'directed': True, 'multigraph': False, 'graph': {}, 'nodes': [{'id': 0}, {'id': 1}, {'id': 2}, {'id': 3}, {'id': 4}, {'id': 5}, {'id': 6}, {'id': 7}, {'id': 8}, {'id': 9}, {'id': 10}, {'id': 11}, {'id': 12}, {'id': 13}, {'id': 14}, {'id': 15}, {'id': 16}, {'id': 17}, {'id': 18}, {'id': 19}, {'id': 20}, {'id': 21}, {'id': 22}, {'id': 23}, {'id': 24}, {'id': 25}, {'id': 26}, {'id': 27}, {'id': 28}, {'id': 29}, {'id': 30}, {'id': 31}, {'id': 32}, {'id': 33}, {'id': 34}, {'id': 35}, {'id': 36}, {'id': 37}, {'id': 38}, {'id': 39}, {'id': 40}, {'id': 41}, {'id': 42}, {'id': 43}, {'id': 44}, {'id': 45}, {'id': 46}, {'id': 47}, {'id': 48}, {'id': 49}, {'id': 50}, {'id': 51}, {'id': 52}, {'id': 53}, {'id': 54}, {'id': 55}, {'id': 56}, {'id': 57}, {'id': 58}, {'id': 59}, {'id': 60}, {'id': 61}, {'id': 62}, {'id': 63}, {'id': 64}, {'id': 65}, {'id': 66}, {'id': 67}, {'id': 68}, {'id': 69}, {'id': 70}, {'id': 71}, {'id': 72}, {'id': 73}, {'id': 74}, {'id': 75}, {'id': 76}, {'id': 77}, {'id': 78}, {'id': 79}, {'id': 80}, {'id': 81}, {'id': 82}, {'id': 83}, {'id': 84}, {'id': 85}, {'id': 86}, {'id': 87}, {'id': 88}, {'id': 89}, {'id': 90}, {'id': 91}, {'id': 92}, {'id': 93}, {'id': 94}, {'id': 95}, {'id': 96}, {'id': 97}, {'id': 98}, {'id': 99}, {'id': 100}, {'id': 101}, {'id': 102}, {'id': 103}, {'id': 104}, {'id': 105}, {'id': 106}, {'id': 107}, {'id': 108}, {'id': 109}, {'id': 110}, {'id': 111}, {'id': 112}, {'id': 113}, {'id': 114}, {'id': 115}, {'id': 116}, {'id': 117}, {'id': 118}, {'id': 119}, {'id': 120}, {'id': 121}, {'id': 122}, {'id': 123}, {'id': 124}, {'id': 125}, {'id': 126}, {'id': 127}, {'id': 128}, {'id': 129}, {'id': 130}, {'id': 131}, {'id': 132}, {'id': 133}, {'id': 134}, {'id': 135}, {'id': 136}, {'id': 137}, {'id': 138}, {'id': 139}, {'id': 140}, {'id': 141}, {'id': 142}, {'id': 143}, {'id': 144}, {'id': 145}, {'id': 146}, {'id': 147}, {'id': 148}, {'id': 149}, {'id': 150}, {'id': 151}, {'id': 152}, {'id': 153}, {'id': 154}, {'id': 155}, {'id': 156}, {'id': 157}, {'id': 158}, {'id': 159}, {'id': 160}, {'id': 161}, {'id': 162}, {'id': 163}, {'id': 164}, {'id': 165}, {'id': 166}, {'id': 167}, {'id': 168}, {'id': 169}, {'id': 170}, {'id': 171}, {'id': 172}, {'id': 173}, {'id': 174}, {'id': 175}, {'id': 176}, {'id': 177}, {'id': 178}, {'id': 179}, {'id': 180}, {'id': 181}, {'id': 182}, {'id': 183}, {'id': 184}, {'id': 185}, {'id': 186}, {'id': 187}, {'id': 188}, {'id': 189}, {'id': 190}, {'id': 191}, {'id': 192}, {'id': 193}, {'id': 194}, {'id': 195}, {'id': 196}, {'id': 197}, {'id': 198}, {'id': 199}, {'id': 200}, {'id': 201}, {'id': 202}, {'id': 203}, {'id': 204}, {'id': 205}, {'id': 206}, {'id': 207}, {'id': 208}, {'id': 209}], 'links': [{'source': 0, 'target': 203}, {'source': 0, 'target': 204}, {'source': 0, 'target': 166}, {'source': 2, 'target': 124}, {'source': 3, 'target': 160}, {'source': 3, 'target': 170}, {'source': 5, 'target': 198}, {'source': 5, 'target': 116}, {'source': 6, 'target': 34}, {'source': 7, 'target': 117}, {'source': 7, 'target': 18}, {'source': 8, 'target': 162}, {'source': 8, 'target': 168}, {'source': 8, 'target': 0}, {'source': 9, 'target': 133}, {'source': 10, 'target': 151}, {'source': 12, 'target': 90}, {'source': 13, 'target': 59}, {'source': 13, 'target': 154}, {'source': 15, 'target': 102}, {'source': 15, 'target': 58}, {'source': 15, 'target': 97}, {'source': 15, 'target': 110}, {'source': 15, 'target': 206}, {'source': 16, 'target': 46}, {'source': 16, 'target': 98}, {'source': 17, 'target': 75}, {'source': 17, 'target': 146}, {'source': 18, 'target': 39}, {'source': 19, 'target': 7}, {'source': 19, 'target': 42}, {'source': 20, 'target': 172}, {'source': 21, 'target': 108}, {'source': 23, 'target': 105}, {'source': 24, 'target': 99}, {'source': 24, 'target': 155}, {'source': 25, 'target': 187}, {'source': 27, 'target': 161}, {'source': 29, 'target': 134}, {'source': 31, 'target': 136}, {'source': 31, 'target': 13}, {'source': 31, 'target': 44}, {'source': 31, 'target': 49}, {'source': 34, 'target': 26}, {'source': 34, 'target': 171}, {'source': 35, 'target': 179}, {'source': 36, 'target': 4}, {'source': 36, 'target': 65}, {'source': 36, 'target': 92}, {'source': 36, 'target': 169}, {'source': 37, 'target': 122}, {'source': 39, 'target': 157}, {'source': 41, 'target': 60}, {'source': 42, 'target': 196}, {'source': 43, 'target': 182}, {'source': 44, 'target': 1}, {'source': 44, 'target': 127}, {'source': 45, 'target': 140}, {'source': 47, 'target': 20}, {'source': 48, 'target': 23}, {'source': 49, 'target': 38}, {'source': 49, 'target': 189}, {'source': 49, 'target': 165}, {'source': 50, 'target': 69}, {'source': 50, 'target': 197}, {'source': 51, 'target': 55}, {'source': 51, 'target': 183}, {'source': 53, 'target': 27}, {'source': 55, 'target': 66}, {'source': 58, 'target': 94}, {'source': 58, 'target': 112}, {'source': 59, 'target': 84}, {'source': 61, 'target': 52}, {'source': 61, 'target': 176}, {'source': 64, 'target': 70}, {'source': 64, 'target': 48}, {'source': 67, 'target': 56}, {'source': 67, 'target': 2}, {'source': 67, 'target': 111}, {'source': 68, 'target': 62}, {'source': 69, 'target': 120}, {'source': 71, 'target': 159}, {'source': 72, 'target': 79}, {'source': 75, 'target': 64}, {'source': 75, 'target': 109}, {'source': 76, 'target': 118}, {'source': 76, 'target': 201}, {'source': 78, 'target': 123}, {'source': 79, 'target': 143}, {'source': 79, 'target': 5}, {'source': 81, 'target': 100}, {'source': 81, 'target': 93}, {'source': 82, 'target': 10}, {'source': 82, 'target': 195}, {'source': 83, 'target': 76}, {'source': 85, 'target': 175}, {'source': 85, 'target': 36}, {'source': 86, 'target': 126}, {'source': 92, 'target': 81}, {'source': 93, 'target': 130}, {'source': 94, 'target': 11}, {'source': 97, 'target': 73}, {'source': 97, 'target': 89}, {'source': 97, 'target': 135}, {'source': 97, 'target': 177}, {'source': 97, 'target': 180}, {'source': 98, 'target': 121}, {'source': 100, 'target': 88}, {'source': 100, 'target': 115}, {'source': 101, 'target': 12}, {'source': 101, 'target': 45}, {'source': 103, 'target': 21}, {'source': 104, 'target': 178}, {'source': 110, 'target': 50}, {'source': 111, 'target': 101}, {'source': 111, 'target': 208}, {'source': 113, 'target': 6}, {'source': 113, 'target': 35}, {'source': 113, 'target': 167}, {'source': 114, 'target': 96}, {'source': 114, 'target': 47}, {'source': 115, 'target': 16}, {'source': 116, 'target': 9}, {'source': 116, 'target': 83}, {'source': 119, 'target': 207}, {'source': 120, 'target': 190}, {'source': 121, 'target': 54}, {'source': 121, 'target': 131}, {'source': 122, 'target': 3}, {'source': 123, 'target': 33}, {'source': 127, 'target': 40}, {'source': 127, 'target': 51}, {'source': 127, 'target': 184}, {'source': 129, 'target': 163}, {'source': 129, 'target': 144}, {'source': 129, 'target': 113}, {'source': 129, 'target': 145}, {'source': 130, 'target': 17}, {'source': 130, 'target': 82}, {'source': 130, 'target': 29}, {'source': 132, 'target': 22}, {'source': 134, 'target': 205}, {'source': 137, 'target': 41}, {'source': 138, 'target': 77}, {'source': 141, 'target': 132}, {'source': 141, 'target': 61}, {'source': 141, 'target': 150}, {'source': 144, 'target': 25}, {'source': 144, 'target': 200}, {'source': 145, 'target': 185}, {'source': 145, 'target': 199}, {'source': 145, 'target': 53}, {'source': 146, 'target': 80}, {'source': 146, 'target': 37}, {'source': 148, 'target': 138}, {'source': 149, 'target': 74}, {'source': 149, 'target': 87}, {'source': 149, 'target': 147}, {'source': 149, 'target': 19}, {'source': 150, 'target': 103}, {'source': 150, 'target': 149}, {'source': 152, 'target': 174}, {'source': 153, 'target': 30}, {'source': 155, 'target': 32}, {'source': 155, 'target': 194}, {'source': 156, 'target': 43}, {'source': 156, 'target': 158}, {'source': 158, 'target': 28}, {'source': 158, 'target': 72}, {'source': 158, 'target': 114}, {'source': 158, 'target': 191}, {'source': 161, 'target': 156}, {'source': 164, 'target': 141}, {'source': 164, 'target': 119}, {'source': 165, 'target': 24}, {'source': 166, 'target': 148}, {'source': 166, 'target': 209}, {'source': 167, 'target': 106}, {'source': 167, 'target': 202}, {'source': 169, 'target': 181}, {'source': 171, 'target': 78}, {'source': 172, 'target': 57}, {'source': 172, 'target': 85}, {'source': 175, 'target': 164}, {'source': 179, 'target': 139}, {'source': 181, 'target': 71}, {'source': 181, 'target': 67}, {'source': 182, 'target': 14}, {'source': 182, 'target': 128}, {'source': 186, 'target': 31}, {'source': 187, 'target': 107}, {'source': 189, 'target': 137}, {'source': 191, 'target': 63}, {'source': 191, 'target': 186}, {'source': 191, 'target': 15}, {'source': 193, 'target': 142}, {'source': 193, 'target': 188}, {'source': 195, 'target': 68}, {'source': 195, 'target': 86}, {'source': 196, 'target': 91}, {'source': 198, 'target': 104}, {'source': 199, 'target': 193}, {'source': 203, 'target': 95}, {'source': 203, 'target': 125}, {'source': 204, 'target': 153}, {'source': 204, 'target': 192}, {'source': 206, 'target': 8}, {'source': 208, 'target': 173}, {'source': 209, 'target': 152}]}",100
"{'directed': True, 'multigraph': False, 'graph': {}, 'nodes': [{'id': 0}, {'id': 1}, {'id': 2}, {'id': 3}, {'id': 4}, {'id': 5}, {'id': 6}, {'id': 7}, {'id': 8}, {'id': 9}, {'id': 10}, {'id': 11}, {'id': 12}, {'id': 13}, {'id': 14}, {'id': 15}, {'id': 16}, {'id': 17}, {'id': 18}, {'id': 19}, {'id': 20}, {'id': 21}, {'id': 22}, {'id': 23}, {'id': 24}, {'id': 25}, {'id': 26}, {'id': 27}, {'id': 28}, {'id': 29}, {'id': 30}, {'id': 31}, {'id': 32}, {'id': 33}, {'id': 34}, {'id': 35}, {'id': 36}, {'id': 37}, {'id': 38}, {'id': 39}, {'id': 40}, {'id': 41}, {'id': 42}, {'id': 43}, {'id': 44}, {'id': 45}, {'id': 46}, {'id': 47}, {'id': 48}, {'id': 49}, {'id': 50}, {'id': 51}, {'id': 52}, {'id': 53}, {'id': 54}, {'id': 55}, {'id': 56}, {'id': 57}, {'id': 58}, {'id': 59}, {'id': 60}, {'id': 61}, {'id': 62}, {'id': 63}, {'id': 64}, {'id': 65}, {'id': 66}, {'id': 67}, {'id': 68}, {'id': 69}, {'id': 70}, {'id': 71}, {'id': 72}, {'id': 73}, {'id': 74}, {'id': 75}, {'id': 76}, {'id': 77}, {'id': 78}, {'id': 79}, {'id': 80}, {'id': 81}, {'id': 82}, {'id': 83}, {'id': 84}, {'id': 85}, {'id': 86}, {'id': 87}, {'id': 88}, {'id': 89}, {'id': 90}, {'id': 91}, {'id': 92}, {'id': 93}, {'id': 94}, {'id': 95}, {'id': 96}, {'id': 97}, {'id': 98}, {'id': 99}, {'id': 100}, {'id': 101}, {'id': 102}, {'id': 103}, {'id': 104}, {'id': 105}, {'id': 106}, {'id': 107}, {'id': 108}, {'id': 109}, {'id': 110}, {'id': 111}, {'id': 112}, {'id': 113}, {'id': 114}, {'id': 115}, {'id': 116}, {'id': 117}, {'id': 118}, {'id': 119}, {'id': 120}, {'id': 121}, {'id': 122}, {'id': 123}, {'id': 124}, {'id': 125}, {'id': 126}, {'id': 127}, {'id': 128}, {'id': 129}, {'id': 130}, {'id': 131}, {'id': 132}, {'id': 133}, {'id': 134}, {'id': 135}, {'id': 136}, {'id': 137}, {'id': 138}, {'id': 139}, {'id': 140}, {'id': 141}, {'id': 142}, {'id': 143}, {'id': 144}, {'id': 145}, {'id': 146}, {'id': 147}, {'id': 148}, {'id': 149}, {'id': 150}, {'id': 151}, {'id': 152}, {'id': 153}, {'id': 154}, {'id': 155}, {'id': 156}, {'id': 157}, {'id': 158}, {'id': 159}, {'id': 160}, {'id': 161}, {'id': 162}, {'id': 163}, {'id': 164}, {'id': 165}, {'id': 166}, {'id': 167}, {'id': 168}, {'id': 169}, {'id': 170}, {'id': 171}, {'id': 172}, {'id': 173}, {'id': 174}, {'id': 175}, {'id': 176}, {'id': 177}, {'id': 178}, {'id': 179}, {'id': 180}, {'id': 181}, {'id': 182}, {'id': 183}, {'id': 184}, {'id': 185}, {'id': 186}, {'id': 187}, {'id': 188}, {'id': 189}, {'id': 190}, {'id': 191}, {'id': 192}, {'id': 193}, {'id': 194}, {'id': 195}, {'id': 196}, {'id': 197}, {'id': 198}, {'id': 199}, {'id': 200}, {'id': 201}, {'id': 202}, {'id': 203}, {'id': 204}, {'id': 205}, {'id': 206}, {'id': 207}, {'id': 208}, {'id': 209}], 'links': [{'source': 2, 'target': 164}, {'source': 2, 'target': 184}, {'source': 3, 'target': 186}, {'source': 3, 'target': 179}, {'source': 4, 'target': 95}, {'source': 4, 'target': 37}, {'source': 4, 'target': 8}, {'source': 5, 'target': 156}, {'source': 6, 'target': 34}, {'source': 6, 'target': 145}, {'source': 7, 'target': 205}, {'source': 8, 'target': 137}, {'source': 9, 'target': 26}, {'source': 10, 'target': 199}, {'source': 11, 'target': 60}, {'source': 11, 'target': 171}, {'source': 12, 'target': 155}, {'source': 13, 'target': 20}, {'source': 14, 'target': 55}, {'source': 14, 'target': 113}, {'source': 14, 'target': 166}, {'source': 16, 'target': 90}, {'source': 18, 'target': 84}, {'source': 18, 'target': 124}, {'source': 18, 'target': 157}, {'source': 19, 'target': 191}, {'source': 19, 'target': 10}, {'source': 20, 'target': 180}, {'source': 20, 'target': 129}, {'source': 20, 'target': 201}, {'source': 21, 'target': 187}, {'source': 22, 'target': 15}, {'source': 22, 'target': 176}, {'source': 23, 'target': 72}, {'source': 27, 'target': 86}, {'source': 28, 'target': 73}, {'source': 31, 'target': 202}, {'source': 33, 'target': 163}, {'source': 35, 'target': 67}, {'source': 35, 'target': 178}, {'source': 36, 'target': 1}, {'source': 37, 'target': 39}, {'source': 37, 'target': 19}, {'source': 39, 'target': 132}, {'source': 41, 'target': 112}, {'source': 42, 'target': 150}, {'source': 43, 'target': 175}, {'source': 44, 'target': 87}, {'source': 44, 'target': 126}, {'source': 46, 'target': 140}, {'source': 46, 'target': 96}, {'source': 47, 'target': 109}, {'source': 48, 'target': 181}, {'source': 50, 'target': 161}, {'source': 51, 'target': 152}, {'source': 56, 'target': 29}, {'source': 56, 'target': 138}, {'source': 57, 'target': 127}, {'source': 57, 'target': 13}, {'source': 57, 'target': 2}, {'source': 58, 'target': 136}, {'source': 60, 'target': 74}, {'source': 61, 'target': 189}, {'source': 62, 'target': 119}, {'source': 63, 'target': 169}, {'source': 64, 'target': 40}, {'source': 64, 'target': 98}, {'source': 64, 'target': 125}, {'source': 64, 'target': 78}, {'source': 64, 'target': 162}, {'source': 65, 'target': 208}, {'source': 67, 'target': 83}, {'source': 69, 'target': 115}, {'source': 71, 'target': 185}, {'source': 72, 'target': 117}, {'source': 73, 'target': 111}, {'source': 73, 'target': 120}, {'source': 74, 'target': 134}, {'source': 75, 'target': 12}, {'source': 75, 'target': 194}, {'source': 78, 'target': 160}, {'source': 80, 'target': 61}, {'source': 82, 'target': 21}, {'source': 85, 'target': 63}, {'source': 86, 'target': 66}, {'source': 90, 'target': 71}, {'source': 92, 'target': 121}, {'source': 93, 'target': 183}, {'source': 96, 'target': 103}, {'source': 96, 'target': 142}, {'source': 99, 'target': 5}, {'source': 101, 'target': 100}, {'source': 101, 'target': 139}, {'source': 104, 'target': 182}, {'source': 105, 'target': 11}, {'source': 105, 'target': 122}, {'source': 109, 'target': 18}, {'source': 110, 'target': 91}, {'source': 110, 'target': 188}, {'source': 111, 'target': 57}, {'source': 114, 'target': 25}, {'source': 114, 'target': 102}, {'source': 114, 'target': 209}, {'source': 115, 'target': 88}, {'source': 120, 'target': 144}, {'source': 120, 'target': 192}, {'source': 120, 'target': 206}, {'source': 122, 'target': 69}, {'source': 122, 'target': 198}, {'source': 122, 'target': 110}, {'source': 124, 'target': 143}, {'source': 126, 'target': 116}, {'source': 126, 'target': 196}, {'source': 127, 'target': 53}, {'source': 128, 'target': 27}, {'source': 129, 'target': 141}, {'source': 129, 'target': 44}, {'source': 130, 'target': 81}, {'source': 131, 'target': 146}, {'source': 131, 'target': 43}, {'source': 132, 'target': 97}, {'source': 133, 'target': 177}, {'source': 136, 'target': 56}, {'source': 136, 'target': 22}, {'source': 137, 'target': 50}, {'source': 138, 'target': 52}, {'source': 139, 'target': 33}, {'source': 140, 'target': 93}, {'source': 142, 'target': 31}, {'source': 142, 'target': 6}, {'source': 144, 'target': 89}, {'source': 145, 'target': 107}, {'source': 145, 'target': 128}, {'source': 145, 'target': 167}, {'source': 145, 'target': 153}, {'source': 145, 'target': 75}, {'source': 147, 'target': 51}, {'source': 147, 'target': 101}, {'source': 148, 'target': 135}, {'source': 148, 'target': 46}, {'source': 148, 'target': 4}, {'source': 149, 'target': 42}, {'source': 153, 'target': 159}, {'source': 153, 'target': 204}, {'source': 154, 'target': 59}, {'source': 154, 'target': 70}, {'source': 157, 'target': 65}, {'source': 158, 'target': 168}, {'source': 160, 'target': 197}, {'source': 161, 'target': 17}, {'source': 161, 'target': 131}, {'source': 162, 'target': 36}, {'source': 162, 'target': 14}, {'source': 163, 'target': 23}, {'source': 163, 'target': 165}, {'source': 164, 'target': 30}, {'source': 165, 'target': 24}, {'source': 165, 'target': 114}, {'source': 166, 'target': 76}, {'source': 166, 'target': 154}, {'source': 166, 'target': 7}, {'source': 167, 'target': 9}, {'source': 168, 'target': 108}, {'source': 168, 'target': 207}, {'source': 168, 'target': 195}, {'source': 168, 'target': 147}, {'source': 171, 'target': 92}, {'source': 174, 'target': 54}, {'source': 174, 'target': 82}, {'source': 175, 'target': 45}, {'source': 175, 'target': 174}, {'source': 177, 'target': 104}, {'source': 178, 'target': 32}, {'source': 178, 'target': 133}, {'source': 179, 'target': 58}, {'source': 179, 'target': 80}, {'source': 179, 'target': 148}, {'source': 180, 'target': 0}, {'source': 180, 'target': 151}, {'source': 181, 'target': 123}, {'source': 181, 'target': 130}, {'source': 183, 'target': 48}, {'source': 184, 'target': 85}, {'source': 184, 'target': 203}, {'source': 187, 'target': 77}, {'source': 187, 'target': 193}, {'source': 188, 'target': 200}, {'source': 188, 'target': 64}, {'source': 189, 'target': 68}, {'source': 189, 'target': 172}, {'source': 189, 'target': 16}, {'source': 189, 'target': 105}, {'source': 190, 'target': 94}, {'source': 190, 'target': 118}, {'source': 191, 'target': 170}, {'source': 193, 'target': 106}, {'source': 193, 'target': 47}, {'source': 194, 'target': 28}, {'source': 195, 'target': 3}, {'source': 197, 'target': 41}, {'source': 198, 'target': 79}, {'source': 199, 'target': 173}, {'source': 199, 'target': 35}, {'source': 200, 'target': 149}, {'source': 205, 'target': 49}, {'source': 205, 'target': 62}, {'source': 205, 'target': 190}, {'source': 209, 'target': 38}, {'source': 209, 'target': 99}]}",100
"{'directed': True, 'multigraph': False, 'graph': {}, 'nodes': [{'id': 0}, {'id': 1}, {'id': 2}, {'id': 3}, {'id': 4}, {'id': 5}, {'id': 6}, {'id': 7}, {'id': 8}, {'id': 9}, {'id': 10}, {'id': 11}, {'id': 12}, {'id': 13}, {'id': 14}, {'id': 15}, {'id': 16}, {'id': 17}, {'id': 18}, {'id': 19}, {'id': 20}, {'id': 21}, {'id': 22}, {'id': 23}, {'id': 24}, {'id': 25}, {'id': 26}, {'id': 27}, {'id': 28}, {'id': 29}, {'id': 30}, {'id': 31}, {'id': 32}, {'id': 33}, {'id': 34}, {'id': 35}, {'id': 36}, {'id': 37}, {'id': 38}, {'id': 39}, {'id': 40}, {'id': 41}, {'id': 42}, {'id': 43}, {'id': 44}, {'id': 45}, {'id': 46}, {'id': 47}, {'id': 48}, {'id': 49}, {'id': 50}, {'id': 51}, {'id': 52}, {'id': 53}, {'id': 54}, {'id': 55}, {'id': 56}, {'id': 57}, {'id': 58}, {'id': 59}, {'id': 60}, {'id': 61}, {'id': 62}, {'id': 63}, {'id': 64}, {'id': 65}, {'id': 66}, {'id': 67}, {'id': 68}, {'id': 69}, {'id': 70}, {'id': 71}, {'id': 72}, {'id': 73}, {'id': 74}, {'id': 75}, {'id': 76}, {'id': 77}, {'id': 78}, {'id': 79}, {'id': 80}, {'id': 81}, {'id': 82}, {'id': 83}, {'id': 84}, {'id': 85}, {'id': 86}, {'id': 87}, {'id': 88}, {'id': 89}, {'id': 90}, {'id': 91}, {'id': 92}, {'id': 93}, {'id': 94}, {'id': 95}, {'id': 96}, {'id': 97}, {'id': 98}, {'id': 99}, {'id': 100}, {'id': 101}, {'id': 102}, {'id': 103}, {'id': 104}, {'id': 105}, {'id': 106}, {'id': 107}, {'id': 108}, {'id': 109}, {'id': 110}, {'id': 111}, {'id': 112}, {'id': 113}, {'id': 114}, {'id': 115}, {'id': 116}, {'id': 117}, {'id': 118}, {'id': 119}, {'id': 120}, {'id': 121}, {'id': 122}, {'id': 123}, {'id': 124}, {'id': 125}, {'id': 126}, {'id': 127}, {'id': 128}, {'id': 129}, {'id': 130}, {'id': 131}, {'id': 132}, {'id': 133}, {'id': 134}, {'id': 135}, {'id': 136}, {'id': 137}, {'id': 138}, {'id': 139}, {'id': 140}, {'id': 141}, {'id': 142}, {'id': 143}, {'id': 144}, {'id': 145}, {'id': 146}, {'id': 147}, {'id': 148}, {'id': 149}, {'id': 150}, {'id': 151}, {'id': 152}, {'id': 153}, {'id': 154}, {'id': 155}, {'id': 156}, {'id': 157}, {'id': 158}, {'id': 159}, {'id': 160}, {'id': 161}, {'id': 162}, {'id': 163}, {'id': 164}, {'id': 165}, {'id': 166}, {'id': 167}, {'id': 168}, {'id': 169}, {'id': 170}, {'id': 171}, {'id': 172}, {'id': 173}, {'id': 174}, {'id': 175}, {'id': 176}, {'id': 177}, {'id': 178}, {'id': 179}, {'id': 180}, {'id': 181}, {'id': 182}, {'id': 183}, {'id': 184}, {'id': 185}, {'id': 186}, {'id': 187}, {'id': 188}, {'id': 189}, {'id': 190}, {'id': 191}, {'id': 192}, {'id': 193}, {'id': 194}, {'id': 195}, {'id': 196}, {'id': 197}, {'id': 198}, {'id': 199}, {'id': 200}, {'id': 201}, {'id': 202}, {'id': 203}, {'id': 204}, {'id': 205}, {'id': 206}, {'id': 207}, {'id': 208}, {'id': 209}, {'id': 210}, {'id': 211}, {'id': 212}, {'id': 213}, {'id': 214}, {'id': 215}, {'id': 216}, {'id': 217}, {'id': 218}, {'id': 219}, {'id': 220}, {'id': 221}, {'id': 222}, {'id': 223}, {'id': 224}, {'id': 225}, {'id': 226}, {'id': 227}, {'id': 228}, {'id': 229}, {'id': 230}, {'id': 231}, {'id': 232}, {'id': 233}, {'id': 234}, {'id': 235}, {'id': 236}, {'id': 237}, {'id': 238}, {'id': 239}], 'links': [{'source': 0, 'target': 65}, {'source': 1, 'target': 5}, {'source': 2, 'target': 112}, {'source': 2, 'target': 115}, {'source': 2, 'target': 139}, {'source': 3, 'target': 150}, {'source': 3, 'target': 13}, {'source': 5, 'target': 140}, {'source': 6, 'target': 178}, {'source': 6, 'target': 176}, {'source': 6, 'target': 116}, {'source': 7, 'target': 223}, {'source': 7, 'target': 102}, {'source': 9, 'target': 41}, {'source': 9, 'target': 105}, {'source': 9, 'target': 232}, {'source': 10, 'target': 113}, {'source': 10, 'target': 38}, {'source': 12, 'target': 174}, {'source': 13, 'target': 128}, {'source': 13, 'target': 196}, {'source': 13, 'target': 204}, {'source': 14, 'target': 39}, {'source': 16, 'target': 47}, {'source': 19, 'target': 7}, {'source': 21, 'target': 169}, {'source': 22, 'target': 191}, {'source': 23, 'target': 155}, {'source': 23, 'target': 34}, {'source': 27, 'target': 159}, {'source': 28, 'target': 207}, {'source': 28, 'target': 168}, {'source': 28, 'target': 90}, {'source': 29, 'target': 214}, {'source': 30, 'target': 43}, {'source': 30, 'target': 147}, {'source': 32, 'target': 171}, {'source': 33, 'target': 70}, {'source': 34, 'target': 49}, {'source': 34, 'target': 216}, {'source': 34, 'target': 201}, {'source': 35, 'target': 16}, {'source': 35, 'target': 40}, {'source': 38, 'target': 18}, {'source': 38, 'target': 51}, {'source': 38, 'target': 122}, {'source': 39, 'target': 152}, {'source': 39, 'target': 189}, {'source': 39, 'target': 29}, {'source': 40, 'target': 103}, {'source': 42, 'target': 92}, {'source': 43, 'target': 55}, {'source': 45, 'target': 84}, {'source': 45, 'target': 186}, {'source': 45, 'target': 234}, {'source': 47, 'target': 24}, {'source': 47, 'target': 64}, {'source': 49, 'target': 151}, {'source': 50, 'target': 179}, {'source': 51, 'target': 177}, {'source': 51, 'target': 123}, {'source': 53, 'target': 199}, {'source': 54, 'target': 25}, {'source': 57, 'target': 185}, {'source': 60, 'target': 56}, {'source': 60, 'target': 63}, {'source': 61, 'target': 99}, {'source': 64, 'target': 217}, {'source': 64, 'target': 233}, {'source': 65, 'target': 94}, {'source': 66, 'target': 72}, {'source': 69, 'target': 109}, {'source': 69, 'target': 30}, {'source': 74, 'target': 118}, {'source': 75, 'target': 161}, {'source': 76, 'target': 17}, {'source': 76, 'target': 164}, {'source': 77, 'target': 129}, {'source': 78, 'target': 86}, {'source': 79, 'target': 238}, {'source': 80, 'target': 71}, {'source': 80, 'target': 183}, {'source': 81, 'target': 61}, {'source': 83, 'target': 20}, {'source': 83, 'target': 202}, {'source': 87, 'target': 77}, {'source': 87, 'target': 1}, {'source': 87, 'target': 225}, {'source': 87, 'target': 229}, {'source': 89, 'target': 69}, {'source': 89, 'target': 221}, {'source': 90, 'target': 117}, {'source': 93, 'target': 193}, {'source': 93, 'target': 206}, {'source': 94, 'target': 119}, {'source': 94, 'target': 219}, {'source': 97, 'target': 104}, {'source': 97, 'target': 239}, {'source': 98, 'target': 133}, {'source': 98, 'target': 14}, {'source': 98, 'target': 222}, {'source': 98, 'target': 197}, {'source': 99, 'target': 60}, {'source': 99, 'target': 33}, {'source': 100, 'target': 54}, {'source': 100, 'target': 172}, {'source': 101, 'target': 73}, {'source': 102, 'target': 78}, {'source': 102, 'target': 230}, {'source': 102, 'target': 143}, {'source': 103, 'target': 15}, {'source': 103, 'target': 131}, {'source': 103, 'target': 166}, {'source': 105, 'target': 212}, {'source': 107, 'target': 144}, {'source': 110, 'target': 154}, {'source': 111, 'target': 91}, {'source': 112, 'target': 59}, {'source': 112, 'target': 149}, {'source': 112, 'target': 98}, {'source': 113, 'target': 62}, {'source': 114, 'target': 108}, {'source': 115, 'target': 226}, {'source': 115, 'target': 126}, {'source': 116, 'target': 50}, {'source': 117, 'target': 68}, {'source': 117, 'target': 97}, {'source': 118, 'target': 66}, {'source': 120, 'target': 211}, {'source': 120, 'target': 173}, {'source': 122, 'target': 142}, {'source': 123, 'target': 87}, {'source': 124, 'target': 192}, {'source': 126, 'target': 235}, {'source': 127, 'target': 156}, {'source': 128, 'target': 81}, {'source': 129, 'target': 121}, {'source': 132, 'target': 213}, {'source': 134, 'target': 181}, {'source': 137, 'target': 9}, {'source': 138, 'target': 26}, {'source': 138, 'target': 136}, {'source': 138, 'target': 227}, {'source': 139, 'target': 220}, {'source': 139, 'target': 184}, {'source': 141, 'target': 85}, {'source': 142, 'target': 170}, {'source': 142, 'target': 153}, {'source': 143, 'target': 67}, {'source': 143, 'target': 35}, {'source': 144, 'target': 4}, {'source': 147, 'target': 124}, {'source': 148, 'target': 208}, {'source': 151, 'target': 198}, {'source': 153, 'target': 93}, {'source': 153, 'target': 27}, {'source': 153, 'target': 6}, {'source': 154, 'target': 100}, {'source': 154, 'target': 19}, {'source': 156, 'target': 45}, {'source': 157, 'target': 132}, {'source': 159, 'target': 89}, {'source': 160, 'target': 21}, {'source': 161, 'target': 101}, {'source': 161, 'target': 195}, {'source': 161, 'target': 224}, {'source': 162, 'target': 209}, {'source': 163, 'target': 48}, {'source': 164, 'target': 3}, {'source': 165, 'target': 163}, {'source': 166, 'target': 11}, {'source': 166, 'target': 2}, {'source': 167, 'target': 134}, {'source': 168, 'target': 83}, {'source': 169, 'target': 210}, {'source': 169, 'target': 138}, {'source': 170, 'target': 125}, {'source': 170, 'target': 107}, {'source': 171, 'target': 57}, {'source': 172, 'target': 42}, {'source': 172, 'target': 180}, {'source': 173, 'target': 237}, {'source': 174, 'target': 106}, {'source': 174, 'target': 111}, {'source': 174, 'target': 203}, {'source': 176, 'target': 23}, {'source': 179, 'target': 137}, {'source': 179, 'target': 228}, {'source': 179, 'target': 28}, {'source': 180, 'target': 182}, {'source': 180, 'target': 80}, {'source': 181, 'target': 37}, {'source': 181, 'target': 88}, {'source': 183, 'target': 0}, {'source': 184, 'target': 10}, {'source': 186, 'target': 130}, {'source': 186, 'target': 160}, {'source': 187, 'target': 175}, {'source': 188, 'target': 146}, {'source': 188, 'target': 165}, {'source': 188, 'target': 187}, {'source': 190, 'target': 158}, {'source': 191, 'target': 46}, {'source': 191, 'target': 194}, {'source': 191, 'target': 120}, {'source': 193, 'target': 188}, {'source': 193, 'target': 76}, {'source': 195, 'target': 114}, {'source': 195, 'target': 141}, {'source': 197, 'target': 58}, {'source': 197, 'target': 148}, {'source': 197, 'target': 53}, {'source': 199, 'target': 127}, {'source': 201, 'target': 79}, {'source': 202, 'target': 8}, {'source': 202, 'target': 205}, {'source': 204, 'target': 36}, {'source': 205, 'target': 231}, {'source': 205, 'target': 22}, {'source': 207, 'target': 135}, {'source': 207, 'target': 157}, {'source': 208, 'target': 12}, {'source': 209, 'target': 95}, {'source': 212, 'target': 200}, {'source': 215, 'target': 96}, {'source': 217, 'target': 167}, {'source': 217, 'target': 190}, {'source': 218, 'target': 31}, {'source': 219, 'target': 218}, {'source': 220, 'target': 44}, {'source': 221, 'target': 32}, {'source': 224, 'target': 236}, {'source': 225, 'target': 215}, {'source': 226, 'target': 162}, {'source': 228, 'target': 74}, {'source': 228, 'target': 75}, {'source': 230, 'target': 52}, {'source': 233, 'target': 82}, {'source': 237, 'target': 145}]}",3
"{'directed': True, 'multigraph': False, 'graph': {}, 'nodes': [{'id': 0}, {'id': 1}, {'id': 2}, {'id': 3}, {'id': 4}, {'id': 5}, {'id': 6}, {'id': 7}, {'id': 8}, {'id': 9}, {'id': 10}, {'id': 11}, {'id': 12}, {'id': 13}, {'id': 14}, {'id': 15}, {'id': 16}, {'id': 17}, {'id': 18}, {'id': 19}, {'id': 20}, {'id': 21}, {'id': 22}, {'id': 23}, {'id': 24}, {'id': 25}, {'id': 26}, {'id': 27}, {'id': 28}, {'id': 29}, {'id': 30}, {'id': 31}, {'id': 32}, {'id': 33}, {'id': 34}, {'id': 35}, {'id': 36}, {'id': 37}, {'id': 38}, {'id': 39}, {'id': 40}, {'id': 41}, {'id': 42}, {'id': 43}, {'id': 44}, {'id': 45}, {'id': 46}, {'id': 47}, {'id': 48}, {'id': 49}, {'id': 50}, {'id': 51}, {'id': 52}, {'id': 53}, {'id': 54}, {'id': 55}, {'id': 56}, {'id': 57}, {'id': 58}, {'id': 59}, {'id': 60}, {'id': 61}, {'id': 62}, {'id': 63}, {'id': 64}, {'id': 65}, {'id': 66}, {'id': 67}, {'id': 68}, {'id': 69}, {'id': 70}, {'id': 71}, {'id': 72}, {'id': 73}, {'id': 74}, {'id': 75}, {'id': 76}, {'id': 77}, {'id': 78}, {'id': 79}, {'id': 80}, {'id': 81}, {'id': 82}, {'id': 83}, {'id': 84}, {'id': 85}, {'id': 86}, {'id': 87}, {'id': 88}, {'id': 89}, {'id': 90}, {'id': 91}, {'id': 92}, {'id': 93}, {'id': 94}, {'id': 95}, {'id': 96}, {'id': 97}, {'id': 98}, {'id': 99}, {'id': 100}, {'id': 101}, {'id': 102}, {'id': 103}, {'id': 104}, {'id': 105}, {'id': 106}, {'id': 107}, {'id': 108}, {'id': 109}, {'id': 110}, {'id': 111}, {'id': 112}, {'id': 113}, {'id': 114}, {'id': 115}, {'id': 116}, {'id': 117}, {'id': 118}, {'id': 119}, {'id': 120}, {'id': 121}, {'id': 122}, {'id': 123}, {'id': 124}, {'id': 125}, {'id': 126}, {'id': 127}, {'id': 128}, {'id': 129}, {'id': 130}, {'id': 131}, {'id': 132}, {'id': 133}, {'id': 134}, {'id': 135}, {'id': 136}, {'id': 137}, {'id': 138}, {'id': 139}, {'id': 140}, {'id': 141}, {'id': 142}, {'id': 143}, {'id': 144}, {'id': 145}, {'id': 146}, {'id': 147}, {'id': 148}, {'id': 149}, {'id': 150}, {'id': 151}, {'id': 152}, {'id': 153}, {'id': 154}, {'id': 155}, {'id': 156}, {'id': 157}, {'id': 158}, {'id': 159}, {'id': 160}, {'id': 161}, {'id': 162}, {'id': 163}, {'id': 164}, {'id': 165}, {'id': 166}, {'id': 167}, {'id': 168}, {'id': 169}, {'id': 170}, {'id': 171}, {'id': 172}, {'id': 173}, {'id': 174}, {'id': 175}, {'id': 176}, {'id': 177}, {'id': 178}, {'id': 179}, {'id': 180}, {'id': 181}, {'id': 182}, {'id': 183}, {'id': 184}, {'id': 185}, {'id': 186}, {'id': 187}, {'id': 188}, {'id': 189}, {'id': 190}, {'id': 191}, {'id': 192}, {'id': 193}, {'id': 194}, {'id': 195}, {'id': 196}, {'id': 197}, {'id': 198}, {'id': 199}, {'id': 200}, {'id': 201}, {'id': 202}, {'id': 203}, {'id': 204}, {'id': 205}, {'id': 206}, {'id': 207}, {'id': 208}, {'id': 209}, {'id': 210}, {'id': 211}, {'id': 212}, {'id': 213}, {'id': 214}, {'id': 215}, {'id': 216}, {'id': 217}, {'id': 218}, {'id': 219}, {'id': 220}, {'id': 221}, {'id': 222}, {'id': 223}, {'id': 224}, {'id': 225}, {'id': 226}, {'id': 227}, {'id': 228}, {'id': 229}, {'id': 230}, {'id': 231}, {'id': 232}, {'id': 233}, {'id': 234}, {'id': 235}, {'id': 236}, {'id': 237}, {'id': 238}, {'id': 239}], 'links': [{'source': 0, 'target': 129}, {'source': 1, 'target': 86}, {'source': 3, 'target': 34}, {'source': 3, 'target': 53}, {'source': 4, 'target': 21}, {'source': 4, 'target': 54}, {'source': 6, 'target': 135}, {'source': 7, 'target': 131}, {'source': 7, 'target': 166}, {'source': 7, 'target': 193}, {'source': 8, 'target': 37}, {'source': 11, 'target': 207}, {'source': 13, 'target': 62}, {'source': 13, 'target': 150}, {'source': 13, 'target': 203}, {'source': 14, 'target': 73}, {'source': 15, 'target': 223}, {'source': 15, 'target': 136}, {'source': 16, 'target': 52}, {'source': 18, 'target': 75}, {'source': 19, 'target': 39}, {'source': 19, 'target': 156}, {'source': 20, 'target': 201}, {'source': 23, 'target': 124}, {'source': 25, 'target': 126}, {'source': 27, 'target': 10}, {'source': 28, 'target': 51}, {'source': 29, 'target': 181}, {'source': 32, 'target': 178}, {'source': 32, 'target': 161}, {'source': 37, 'target': 71}, {'source': 37, 'target': 105}, {'source': 40, 'target': 5}, {'source': 40, 'target': 163}, {'source': 40, 'target': 20}, {'source': 41, 'target': 27}, {'source': 42, 'target': 106}, {'source': 43, 'target': 209}, {'source': 44, 'target': 189}, {'source': 46, 'target': 22}, {'source': 46, 'target': 18}, {'source': 46, 'target': 96}, {'source': 47, 'target': 109}, {'source': 47, 'target': 232}, {'source': 49, 'target': 41}, {'source': 49, 'target': 208}, {'source': 52, 'target': 217}, {'source': 57, 'target': 230}, {'source': 58, 'target': 174}, {'source': 58, 'target': 190}, {'source': 58, 'target': 226}, {'source': 59, 'target': 107}, {'source': 60, 'target': 139}, {'source': 61, 'target': 137}, {'source': 62, 'target': 67}, {'source': 62, 'target': 128}, {'source': 63, 'target': 1}, {'source': 63, 'target': 210}, {'source': 64, 'target': 15}, {'source': 65, 'target': 33}, {'source': 65, 'target': 68}, {'source': 65, 'target': 78}, {'source': 65, 'target': 122}, {'source': 68, 'target': 66}, {'source': 69, 'target': 123}, {'source': 69, 'target': 145}, {'source': 69, 'target': 99}, {'source': 69, 'target': 218}, {'source': 72, 'target': 186}, {'source': 72, 'target': 205}, {'source': 73, 'target': 49}, {'source': 74, 'target': 17}, {'source': 74, 'target': 25}, {'source': 75, 'target': 117}, {'source': 75, 'target': 72}, {'source': 76, 'target': 206}, {'source': 76, 'target': 60}, {'source': 79, 'target': 184}, {'source': 82, 'target': 204}, {'source': 83, 'target': 29}, {'source': 83, 'target': 141}, {'source': 84, 'target': 212}, {'source': 85, 'target': 16}, {'source': 87, 'target': 198}, {'source': 87, 'target': 89}, {'source': 87, 'target': 46}, {'source': 87, 'target': 88}, {'source': 88, 'target': 180}, {'source': 89, 'target': 154}, {'source': 91, 'target': 26}, {'source': 93, 'target': 149}, {'source': 95, 'target': 69}, {'source': 96, 'target': 81}, {'source': 96, 'target': 225}, {'source': 97, 'target': 61}, {'source': 98, 'target': 168}, {'source': 99, 'target': 82}, {'source': 99, 'target': 192}, {'source': 100, 'target': 116}, {'source': 100, 'target': 236}, {'source': 101, 'target': 113}, {'source': 102, 'target': 165}, {'source': 104, 'target': 130}, {'source': 109, 'target': 55}, {'source': 110, 'target': 140}, {'source': 110, 'target': 197}, {'source': 111, 'target': 91}, {'source': 111, 'target': 127}, {'source': 111, 'target': 57}, {'source': 113, 'target': 118}, {'source': 113, 'target': 97}, {'source': 117, 'target': 77}, {'source': 120, 'target': 12}, {'source': 121, 'target': 36}, {'source': 121, 'target': 144}, {'source': 121, 'target': 182}, {'source': 122, 'target': 179}, {'source': 123, 'target': 112}, {'source': 124, 'target': 94}, {'source': 126, 'target': 80}, {'source': 126, 'target': 101}, {'source': 126, 'target': 224}, {'source': 127, 'target': 32}, {'source': 129, 'target': 8}, {'source': 129, 'target': 176}, {'source': 131, 'target': 146}, {'source': 132, 'target': 220}, {'source': 132, 'target': 160}, {'source': 134, 'target': 115}, {'source': 134, 'target': 221}, {'source': 135, 'target': 84}, {'source': 136, 'target': 76}, {'source': 136, 'target': 191}, {'source': 137, 'target': 35}, {'source': 138, 'target': 3}, {'source': 138, 'target': 153}, {'source': 139, 'target': 28}, {'source': 139, 'target': 170}, {'source': 140, 'target': 173}, {'source': 140, 'target': 98}, {'source': 141, 'target': 90}, {'source': 141, 'target': 231}, {'source': 142, 'target': 63}, {'source': 142, 'target': 151}, {'source': 145, 'target': 59}, {'source': 145, 'target': 167}, {'source': 145, 'target': 65}, {'source': 147, 'target': 215}, {'source': 148, 'target': 83}, {'source': 149, 'target': 147}, {'source': 150, 'target': 138}, {'source': 151, 'target': 175}, {'source': 151, 'target': 169}, {'source': 151, 'target': 238}, {'source': 152, 'target': 194}, {'source': 152, 'target': 202}, {'source': 154, 'target': 11}, {'source': 156, 'target': 159}, {'source': 156, 'target': 14}, {'source': 156, 'target': 132}, {'source': 160, 'target': 48}, {'source': 160, 'target': 143}, {'source': 160, 'target': 85}, {'source': 160, 'target': 87}, {'source': 161, 'target': 2}, {'source': 161, 'target': 70}, {'source': 161, 'target': 64}, {'source': 164, 'target': 214}, {'source': 165, 'target': 133}, {'source': 166, 'target': 229}, {'source': 168, 'target': 95}, {'source': 169, 'target': 227}, {'source': 170, 'target': 172}, {'source': 170, 'target': 58}, {'source': 172, 'target': 23}, {'source': 176, 'target': 110}, {'source': 179, 'target': 104}, {'source': 179, 'target': 195}, {'source': 180, 'target': 103}, {'source': 180, 'target': 120}, {'source': 180, 'target': 13}, {'source': 180, 'target': 111}, {'source': 180, 'target': 152}, {'source': 181, 'target': 185}, {'source': 182, 'target': 56}, {'source': 183, 'target': 45}, {'source': 185, 'target': 162}, {'source': 185, 'target': 200}, {'source': 188, 'target': 43}, {'source': 189, 'target': 119}, {'source': 190, 'target': 102}, {'source': 190, 'target': 44}, {'source': 191, 'target': 31}, {'source': 191, 'target': 222}, {'source': 192, 'target': 213}, {'source': 193, 'target': 134}, {'source': 196, 'target': 9}, {'source': 196, 'target': 40}, {'source': 197, 'target': 164}, {'source': 197, 'target': 74}, {'source': 197, 'target': 196}, {'source': 198, 'target': 187}, {'source': 199, 'target': 108}, {'source': 199, 'target': 237}, {'source': 199, 'target': 0}, {'source': 200, 'target': 158}, {'source': 200, 'target': 188}, {'source': 201, 'target': 235}, {'source': 201, 'target': 19}, {'source': 202, 'target': 234}, {'source': 203, 'target': 157}, {'source': 206, 'target': 183}, {'source': 207, 'target': 24}, {'source': 207, 'target': 42}, {'source': 208, 'target': 211}, {'source': 209, 'target': 121}, {'source': 209, 'target': 228}, {'source': 212, 'target': 79}, {'source': 214, 'target': 171}, {'source': 215, 'target': 4}, {'source': 217, 'target': 6}, {'source': 219, 'target': 38}, {'source': 219, 'target': 93}, {'source': 219, 'target': 148}, {'source': 220, 'target': 142}, {'source': 221, 'target': 219}, {'source': 222, 'target': 7}, {'source': 223, 'target': 114}, {'source': 224, 'target': 177}, {'source': 228, 'target': 50}, {'source': 230, 'target': 233}, {'source': 230, 'target': 100}, {'source': 233, 'target': 125}, {'source': 234, 'target': 216}, {'source': 234, 'target': 239}, {'source': 235, 'target': 92}, {'source': 236, 'target': 30}, {'source': 237, 'target': 155}, {'source': 239, 'target': 47}]}",3
"{'directed': True, 'multigraph': False, 'graph': {}, 'nodes': [{'id': 0}, {'id': 1}, {'id': 2}, {'id': 3}, {'id': 4}, {'id': 5}, {'id': 6}, {'id': 7}, {'id': 8}, {'id': 9}, {'id': 10}, {'id': 11}, {'id': 12}, {'id': 13}, {'id': 14}, {'id': 15}, {'id': 16}, {'id': 17}, {'id': 18}, {'id': 19}, {'id': 20}, {'id': 21}, {'id': 22}, {'id': 23}, {'id': 24}, {'id': 25}, {'id': 26}, {'id': 27}, {'id': 28}, {'id': 29}, {'id': 30}, {'id': 31}, {'id': 32}, {'id': 33}, {'id': 34}, {'id': 35}, {'id': 36}, {'id': 37}, {'id': 38}, {'id': 39}, {'id': 40}, {'id': 41}, {'id': 42}, {'id': 43}, {'id': 44}, {'id': 45}, {'id': 46}, {'id': 47}, {'id': 48}, {'id': 49}, {'id': 50}, {'id': 51}, {'id': 52}, {'id': 53}, {'id': 54}, {'id': 55}, {'id': 56}, {'id': 57}, {'id': 58}, {'id': 59}, {'id': 60}, {'id': 61}, {'id': 62}, {'id': 63}, {'id': 64}, {'id': 65}, {'id': 66}, {'id': 67}, {'id': 68}, {'id': 69}, {'id': 70}, {'id': 71}, {'id': 72}, {'id': 73}, {'id': 74}, {'id': 75}, {'id': 76}, {'id': 77}, {'id': 78}, {'id': 79}, {'id': 80}, {'id': 81}, {'id': 82}, {'id': 83}, {'id': 84}, {'id': 85}, {'id': 86}, {'id': 87}, {'id': 88}, {'id': 89}, {'id': 90}, {'id': 91}, {'id': 92}, {'id': 93}, {'id': 94}, {'id': 95}, {'id': 96}, {'id': 97}, {'id': 98}, {'id': 99}, {'id': 100}, {'id': 101}, {'id': 102}, {'id': 103}, {'id': 104}, {'id': 105}, {'id': 106}, {'id': 107}, {'id': 108}, {'id': 109}, {'id': 110}, {'id': 111}, {'id': 112}, {'id': 113}, {'id': 114}, {'id': 115}, {'id': 116}, {'id': 117}, {'id': 118}, {'id': 119}, {'id': 120}, {'id': 121}, {'id': 122}, {'id': 123}, {'id': 124}, {'id': 125}, {'id': 126}, {'id': 127}, {'id': 128}, {'id': 129}, {'id': 130}, {'id': 131}, {'id': 132}, {'id': 133}, {'id': 134}, {'id': 135}, {'id': 136}, {'id': 137}, {'id': 138}, {'id': 139}, {'id': 140}, {'id': 141}, {'id': 142}, {'id': 143}, {'id': 144}, {'id': 145}, {'id': 146}, {'id': 147}, {'id': 148}, {'id': 149}, {'id': 150}, {'id': 151}, {'id': 152}, {'id': 153}, {'id': 154}, {'id': 155}, {'id': 156}, {'id': 157}, {'id': 158}, {'id': 159}, {'id': 160}, {'id': 161}, {'id': 162}, {'id': 163}, {'id': 164}, {'id': 165}, {'id': 166}, {'id': 167}, {'id': 168}, {'id': 169}, {'id': 170}, {'id': 171}, {'id': 172}, {'id': 173}, {'id': 174}, {'id': 175}, {'id': 176}, {'id': 177}, {'id': 178}, {'id': 179}, {'id': 180}, {'id': 181}, {'id': 182}, {'id': 183}, {'id': 184}, {'id': 185}, {'id': 186}, {'id': 187}, {'id': 188}, {'id': 189}, {'id': 190}, {'id': 191}, {'id': 192}, {'id': 193}, {'id': 194}, {'id': 195}, {'id': 196}, {'id': 197}, {'id': 198}, {'id': 199}, {'id': 200}, {'id': 201}, {'id': 202}, {'id': 203}, {'id': 204}, {'id': 205}, {'id': 206}, {'id': 207}, {'id': 208}, {'id': 209}, {'id': 210}, {'id': 211}, {'id': 212}, {'id': 213}, {'id': 214}, {'id': 215}, {'id': 216}, {'id': 217}, {'id': 218}, {'id': 219}, {'id': 220}, {'id': 221}, {'id': 222}, {'id': 223}, {'id': 224}, {'id': 225}, {'id': 226}, {'id': 227}, {'id': 228}, {'id': 229}, {'id': 230}, {'id': 231}, {'id': 232}, {'id': 233}, {'id': 234}, {'id': 235}, {'id': 236}, {'id': 237}, {'id': 238}, {'id': 239}], 'links': [{'source': 0, 'target': 80}, {'source': 1, 'target': 24}, {'source': 1, 'target': 61}, {'source': 3, 'target': 62}, {'source': 4, 'target': 138}, {'source': 5, 'target': 100}, {'source': 5, 'target': 144}, {'source': 6, 'target': 145}, {'source': 6, 'target': 212}, {'source': 6, 'target': 187}, {'source': 8, 'target': 106}, {'source': 9, 'target': 6}, {'source': 18, 'target': 4}, {'source': 19, 'target': 137}, {'source': 20, 'target': 203}, {'source': 20, 'target': 84}, {'source': 21, 'target': 134}, {'source': 23, 'target': 211}, {'source': 27, 'target': 136}, {'source': 27, 'target': 151}, {'source': 29, 'target': 238}, {'source': 30, 'target': 33}, {'source': 31, 'target': 142}, {'source': 31, 'target': 185}, {'source': 33, 'target': 95}, {'source': 33, 'target': 67}, {'source': 33, 'target': 105}, {'source': 34, 'target': 93}, {'source': 35, 'target': 81}, {'source': 36, 'target': 32}, {'source': 36, 'target': 174}, {'source': 36, 'target': 226}, {'source': 36, 'target': 104}, {'source': 40, 'target': 128}, {'source': 41, 'target': 229}, {'source': 42, 'target': 85}, {'source': 42, 'target': 56}, {'source': 45, 'target': 83}, {'source': 45, 'target': 190}, {'source': 46, 'target': 28}, {'source': 46, 'target': 223}, {'source': 48, 'target': 200}, {'source': 49, 'target': 179}, {'source': 52, 'target': 216}, {'source': 54, 'target': 171}, {'source': 54, 'target': 82}, {'source': 56, 'target': 129}, {'source': 56, 'target': 21}, {'source': 56, 'target': 75}, {'source': 57, 'target': 0}, {'source': 57, 'target': 111}, {'source': 57, 'target': 87}, {'source': 57, 'target': 54}, {'source': 57, 'target': 63}, {'source': 58, 'target': 44}, {'source': 59, 'target': 110}, {'source': 63, 'target': 164}, {'source': 64, 'target': 141}, {'source': 65, 'target': 10}, {'source': 65, 'target': 72}, {'source': 67, 'target': 108}, {'source': 69, 'target': 55}, {'source': 69, 'target': 29}, {'source': 70, 'target': 99}, {'source': 71, 'target': 14}, {'source': 71, 'target': 43}, {'source': 71, 'target': 78}, {'source': 71, 'target': 188}, {'source': 71, 'target': 192}, {'source': 72, 'target': 58}, {'source': 73, 'target': 210}, {'source': 75, 'target': 36}, {'source': 76, 'target': 90}, {'source': 77, 'target': 38}, {'source': 78, 'target': 60}, {'source': 79, 'target': 37}, {'source': 80, 'target': 76}, {'source': 81, 'target': 109}, {'source': 82, 'target': 22}, {'source': 82, 'target': 64}, {'source': 82, 'target': 163}, {'source': 84, 'target': 228}, {'source': 85, 'target': 140}, {'source': 86, 'target': 158}, {'source': 87, 'target': 89}, {'source': 87, 'target': 86}, {'source': 88, 'target': 16}, {'source': 92, 'target': 96}, {'source': 92, 'target': 199}, {'source': 94, 'target': 5}, {'source': 97, 'target': 66}, {'source': 97, 'target': 103}, {'source': 97, 'target': 208}, {'source': 98, 'target': 143}, {'source': 99, 'target': 88}, {'source': 99, 'target': 177}, {'source': 100, 'target': 50}, {'source': 100, 'target': 207}, {'source': 101, 'target': 178}, {'source': 103, 'target': 101}, {'source': 104, 'target': 227}, {'source': 105, 'target': 91}, {'source': 105, 'target': 219}, {'source': 105, 'target': 147}, {'source': 106, 'target': 221}, {'source': 107, 'target': 31}, {'source': 107, 'target': 234}, {'source': 108, 'target': 51}, {'source': 109, 'target': 139}, {'source': 114, 'target': 209}, {'source': 117, 'target': 59}, {'source': 118, 'target': 201}, {'source': 119, 'target': 170}, {'source': 121, 'target': 46}, {'source': 122, 'target': 116}, {'source': 122, 'target': 204}, {'source': 124, 'target': 159}, {'source': 124, 'target': 49}, {'source': 124, 'target': 175}, {'source': 125, 'target': 25}, {'source': 125, 'target': 79}, {'source': 125, 'target': 182}, {'source': 125, 'target': 126}, {'source': 126, 'target': 146}, {'source': 126, 'target': 167}, {'source': 128, 'target': 130}, {'source': 130, 'target': 154}, {'source': 130, 'target': 231}, {'source': 133, 'target': 237}, {'source': 134, 'target': 26}, {'source': 134, 'target': 120}, {'source': 137, 'target': 222}, {'source': 138, 'target': 236}, {'source': 141, 'target': 74}, {'source': 141, 'target': 186}, {'source': 143, 'target': 195}, {'source': 144, 'target': 131}, {'source': 144, 'target': 214}, {'source': 145, 'target': 168}, {'source': 147, 'target': 42}, {'source': 150, 'target': 17}, {'source': 150, 'target': 97}, {'source': 152, 'target': 69}, {'source': 153, 'target': 11}, {'source': 153, 'target': 52}, {'source': 157, 'target': 34}, {'source': 157, 'target': 113}, {'source': 157, 'target': 161}, {'source': 157, 'target': 180}, {'source': 161, 'target': 230}, {'source': 162, 'target': 213}, {'source': 163, 'target': 92}, {'source': 163, 'target': 73}, {'source': 164, 'target': 68}, {'source': 164, 'target': 157}, {'source': 165, 'target': 47}, {'source': 165, 'target': 225}, {'source': 167, 'target': 19}, {'source': 169, 'target': 94}, {'source': 170, 'target': 18}, {'source': 174, 'target': 172}, {'source': 175, 'target': 114}, {'source': 175, 'target': 133}, {'source': 178, 'target': 117}, {'source': 178, 'target': 162}, {'source': 178, 'target': 153}, {'source': 179, 'target': 45}, {'source': 180, 'target': 239}, {'source': 183, 'target': 224}, {'source': 184, 'target': 122}, {'source': 185, 'target': 13}, {'source': 185, 'target': 150}, {'source': 186, 'target': 7}, {'source': 186, 'target': 149}, {'source': 187, 'target': 48}, {'source': 187, 'target': 152}, {'source': 188, 'target': 197}, {'source': 189, 'target': 39}, {'source': 191, 'target': 205}, {'source': 191, 'target': 184}, {'source': 192, 'target': 217}, {'source': 192, 'target': 20}, {'source': 194, 'target': 1}, {'source': 195, 'target': 169}, {'source': 196, 'target': 218}, {'source': 197, 'target': 232}, {'source': 198, 'target': 112}, {'source': 198, 'target': 125}, {'source': 198, 'target': 121}, {'source': 198, 'target': 23}, {'source': 200, 'target': 173}, {'source': 201, 'target': 160}, {'source': 201, 'target': 40}, {'source': 201, 'target': 235}, {'source': 201, 'target': 198}, {'source': 202, 'target': 148}, {'source': 203, 'target': 166}, {'source': 203, 'target': 215}, {'source': 204, 'target': 233}, {'source': 204, 'target': 30}, {'source': 206, 'target': 2}, {'source': 206, 'target': 193}, {'source': 208, 'target': 77}, {'source': 208, 'target': 8}, {'source': 209, 'target': 135}, {'source': 210, 'target': 132}, {'source': 210, 'target': 189}, {'source': 210, 'target': 165}, {'source': 211, 'target': 183}, {'source': 211, 'target': 124}, {'source': 212, 'target': 41}, {'source': 213, 'target': 53}, {'source': 214, 'target': 65}, {'source': 214, 'target': 115}, {'source': 215, 'target': 119}, {'source': 216, 'target': 12}, {'source': 217, 'target': 27}, {'source': 218, 'target': 220}, {'source': 219, 'target': 3}, {'source': 219, 'target': 127}, {'source': 219, 'target': 176}, {'source': 220, 'target': 15}, {'source': 222, 'target': 102}, {'source': 222, 'target': 35}, {'source': 223, 'target': 155}, {'source': 224, 'target': 107}, {'source': 225, 'target': 194}, {'source': 225, 'target': 196}, {'source': 226, 'target': 156}, {'source': 227, 'target': 98}, {'source': 227, 'target': 71}, {'source': 228, 'target': 57}, {'source': 232, 'target': 123}, {'source': 232, 'target': 118}, {'source': 234, 'target': 181}, {'source': 235, 'target': 70}, {'source': 236, 'target': 206}, {'source': 237, 'target': 9}, {'source': 239, 'target': 202}]}",3
"{'directed': True, 'multigraph': False, 'graph': {}, 'nodes': [{'id': 0}, {'id': 1}, {'id': 2}, {'id': 3}, {'id': 4}, {'id': 5}, {'id': 6}, {'id': 7}, {'id': 8}, {'id': 9}, {'id': 10}, {'id': 11}, {'id': 12}, {'id': 13}, {'id': 14}, {'id': 15}, {'id': 16}, {'id': 17}, {'id': 18}, {'id': 19}, {'id': 20}, {'id': 21}, {'id': 22}, {'id': 23}, {'id': 24}, {'id': 25}, {'id': 26}, {'id': 27}, {'id': 28}, {'id': 29}, {'id': 30}, {'id': 31}, {'id': 32}, {'id': 33}, {'id': 34}, {'id': 35}, {'id': 36}, {'id': 37}, {'id': 38}, {'id': 39}, {'id': 40}, {'id': 41}, {'id': 42}, {'id': 43}, {'id': 44}, {'id': 45}, {'id': 46}, {'id': 47}, {'id': 48}, {'id': 49}, {'id': 50}, {'id': 51}, {'id': 52}, {'id': 53}, {'id': 54}, {'id': 55}, {'id': 56}, {'id': 57}, {'id': 58}, {'id': 59}, {'id': 60}, {'id': 61}, {'id': 62}, {'id': 63}, {'id': 64}, {'id': 65}, {'id': 66}, {'id': 67}, {'id': 68}, {'id': 69}, {'id': 70}, {'id': 71}, {'id': 72}, {'id': 73}, {'id': 74}, {'id': 75}, {'id': 76}, {'id': 77}, {'id': 78}, {'id': 79}, {'id': 80}, {'id': 81}, {'id': 82}, {'id': 83}, {'id': 84}, {'id': 85}, {'id': 86}, {'id': 87}, {'id': 88}, {'id': 89}, {'id': 90}, {'id': 91}, {'id': 92}, {'id': 93}, {'id': 94}, {'id': 95}, {'id': 96}, {'id': 97}, {'id': 98}, {'id': 99}, {'id': 100}, {'id': 101}, {'id': 102}, {'id': 103}, {'id': 104}, {'id': 105}, {'id': 106}, {'id': 107}, {'id': 108}, {'id': 109}, {'id': 110}, {'id': 111}, {'id': 112}, {'id': 113}, {'id': 114}, {'id': 115}, {'id': 116}, {'id': 117}, {'id': 118}, {'id': 119}, {'id': 120}, {'id': 121}, {'id': 122}, {'id': 123}, {'id': 124}, {'id': 125}, {'id': 126}, {'id': 127}, {'id': 128}, {'id': 129}, {'id': 130}, {'id': 131}, {'id': 132}, {'id': 133}, {'id': 134}, {'id': 135}, {'id': 136}, {'id': 137}, {'id': 138}, {'id': 139}, {'id': 140}, {'id': 141}, {'id': 142}, {'id': 143}, {'id': 144}, {'id': 145}, {'id': 146}, {'id': 147}, {'id': 148}, {'id': 149}, {'id': 150}, {'id': 151}, {'id': 152}, {'id': 153}, {'id': 154}, {'id': 155}, {'id': 156}, {'id': 157}, {'id': 158}, {'id': 159}, {'id': 160}, {'id': 161}, {'id': 162}, {'id': 163}, {'id': 164}, {'id': 165}, {'id': 166}, {'id': 167}, {'id': 168}, {'id': 169}, {'id': 170}, {'id': 171}, {'id': 172}, {'id': 173}, {'id': 174}, {'id': 175}, {'id': 176}, {'id': 177}, {'id': 178}, {'id': 179}, {'id': 180}, {'id': 181}, {'id': 182}, {'id': 183}, {'id': 184}, {'id': 185}, {'id': 186}, {'id': 187}, {'id': 188}, {'id': 189}, {'id': 190}, {'id': 191}, {'id': 192}, {'id': 193}, {'id': 194}, {'id': 195}, {'id': 196}, {'id': 197}, {'id': 198}, {'id': 199}, {'id': 200}, {'id': 201}, {'id': 202}, {'id': 203}, {'id': 204}, {'id': 205}, {'id': 206}, {'id': 207}, {'id': 208}, {'id': 209}, {'id': 210}, {'id': 211}, {'id': 212}, {'id': 213}, {'id': 214}, {'id': 215}, {'id': 216}, {'id': 217}, {'id': 218}, {'id': 219}, {'id': 220}, {'id': 221}, {'id': 222}, {'id': 223}, {'id': 224}, {'id': 225}, {'id': 226}, {'id': 227}, {'id': 228}, {'id': 229}, {'id': 230}, {'id': 231}, {'id': 232}, {'id': 233}, {'id': 234}, {'id': 235}, {'id': 236}, {'id': 237}, {'id': 238}, {'id': 239}], 'links': [{'source': 0, 'target': 45}, {'source': 1, 'target': 127}, {'source': 3, 'target': 116}, {'source': 4, 'target': 90}, {'source': 6, 'target': 98}, {'source': 7, 'target': 70}, {'source': 9, 'target': 168}, {'source': 11, 'target': 146}, {'source': 11, 'target': 24}, {'source': 12, 'target': 120}, {'source': 12, 'target': 223}, {'source': 13, 'target': 143}, {'source': 13, 'target': 69}, {'source': 13, 'target': 186}, {'source': 15, 'target': 215}, {'source': 15, 'target': 30}, {'source': 16, 'target': 148}, {'source': 17, 'target': 150}, {'source': 18, 'target': 122}, {'source': 19, 'target': 219}, {'source': 21, 'target': 27}, {'source': 21, 'target': 11}, {'source': 21, 'target': 134}, {'source': 23, 'target': 237}, {'source': 24, 'target': 123}, {'source': 24, 'target': 170}, {'source': 25, 'target': 81}, {'source': 26, 'target': 136}, {'source': 29, 'target': 52}, {'source': 29, 'target': 12}, {'source': 30, 'target': 49}, {'source': 30, 'target': 232}, {'source': 31, 'target': 58}, {'source': 32, 'target': 105}, {'source': 32, 'target': 234}, {'source': 34, 'target': 111}, {'source': 34, 'target': 226}, {'source': 34, 'target': 224}, {'source': 35, 'target': 233}, {'source': 36, 'target': 182}, {'source': 37, 'target': 63}, {'source': 37, 'target': 197}, {'source': 39, 'target': 40}, {'source': 39, 'target': 125}, {'source': 39, 'target': 171}, {'source': 42, 'target': 147}, {'source': 42, 'target': 16}, {'source': 42, 'target': 225}, {'source': 43, 'target': 71}, {'source': 44, 'target': 104}, {'source': 46, 'target': 34}, {'source': 48, 'target': 209}, {'source': 49, 'target': 51}, {'source': 50, 'target': 59}, {'source': 50, 'target': 1}, {'source': 50, 'target': 188}, {'source': 51, 'target': 177}, {'source': 52, 'target': 115}, {'source': 52, 'target': 175}, {'source': 53, 'target': 222}, {'source': 55, 'target': 180}, {'source': 55, 'target': 23}, {'source': 57, 'target': 204}, {'source': 58, 'target': 216}, {'source': 59, 'target': 10}, {'source': 60, 'target': 112}, {'source': 62, 'target': 131}, {'source': 64, 'target': 31}, {'source': 69, 'target': 128}, {'source': 69, 'target': 109}, {'source': 70, 'target': 155}, {'source': 72, 'target': 96}, {'source': 73, 'target': 99}, {'source': 73, 'target': 97}, {'source': 74, 'target': 198}, {'source': 75, 'target': 106}, {'source': 75, 'target': 137}, {'source': 77, 'target': 174}, {'source': 77, 'target': 50}, {'source': 79, 'target': 152}, {'source': 84, 'target': 189}, {'source': 84, 'target': 208}, {'source': 85, 'target': 117}, {'source': 87, 'target': 235}, {'source': 88, 'target': 162}, {'source': 89, 'target': 221}, {'source': 92, 'target': 2}, {'source': 92, 'target': 102}, {'source': 92, 'target': 110}, {'source': 93, 'target': 205}, {'source': 95, 'target': 181}, {'source': 96, 'target': 213}, {'source': 96, 'target': 42}, {'source': 97, 'target': 207}, {'source': 98, 'target': 166}, {'source': 104, 'target': 9}, {'source': 104, 'target': 202}, {'source': 105, 'target': 13}, {'source': 105, 'target': 206}, {'source': 106, 'target': 67}, {'source': 107, 'target': 75}, {'source': 107, 'target': 195}, {'source': 109, 'target': 161}, {'source': 109, 'target': 167}, {'source': 110, 'target': 227}, {'source': 112, 'target': 156}, {'source': 113, 'target': 203}, {'source': 114, 'target': 144}, {'source': 116, 'target': 192}, {'source': 117, 'target': 82}, {'source': 117, 'target': 160}, {'source': 117, 'target': 159}, {'source': 117, 'target': 46}, {'source': 118, 'target': 4}, {'source': 118, 'target': 214}, {'source': 118, 'target': 53}, {'source': 119, 'target': 185}, {'source': 119, 'target': 124}, {'source': 119, 'target': 32}, {'source': 119, 'target': 140}, {'source': 121, 'target': 236}, {'source': 123, 'target': 142}, {'source': 124, 'target': 28}, {'source': 124, 'target': 141}, {'source': 126, 'target': 183}, {'source': 129, 'target': 33}, {'source': 129, 'target': 62}, {'source': 129, 'target': 130}, {'source': 129, 'target': 44}, {'source': 130, 'target': 135}, {'source': 130, 'target': 154}, {'source': 130, 'target': 139}, {'source': 131, 'target': 0}, {'source': 131, 'target': 176}, {'source': 132, 'target': 107}, {'source': 134, 'target': 229}, {'source': 136, 'target': 103}, {'source': 136, 'target': 6}, {'source': 136, 'target': 184}, {'source': 136, 'target': 19}, {'source': 136, 'target': 145}, {'source': 136, 'target': 3}, {'source': 138, 'target': 64}, {'source': 138, 'target': 228}, {'source': 138, 'target': 85}, {'source': 139, 'target': 194}, {'source': 140, 'target': 238}, {'source': 140, 'target': 151}, {'source': 141, 'target': 77}, {'source': 142, 'target': 169}, {'source': 145, 'target': 35}, {'source': 147, 'target': 78}, {'source': 149, 'target': 72}, {'source': 150, 'target': 87}, {'source': 151, 'target': 132}, {'source': 152, 'target': 100}, {'source': 152, 'target': 17}, {'source': 154, 'target': 14}, {'source': 155, 'target': 43}, {'source': 155, 'target': 29}, {'source': 155, 'target': 230}, {'source': 156, 'target': 57}, {'source': 157, 'target': 21}, {'source': 159, 'target': 190}, {'source': 160, 'target': 164}, {'source': 162, 'target': 84}, {'source': 163, 'target': 65}, {'source': 170, 'target': 212}, {'source': 172, 'target': 153}, {'source': 177, 'target': 118}, {'source': 178, 'target': 66}, {'source': 178, 'target': 79}, {'source': 179, 'target': 196}, {'source': 181, 'target': 86}, {'source': 181, 'target': 211}, {'source': 182, 'target': 95}, {'source': 182, 'target': 149}, {'source': 183, 'target': 163}, {'source': 183, 'target': 129}, {'source': 184, 'target': 56}, {'source': 184, 'target': 108}, {'source': 186, 'target': 41}, {'source': 188, 'target': 76}, {'source': 188, 'target': 37}, {'source': 190, 'target': 5}, {'source': 191, 'target': 101}, {'source': 192, 'target': 94}, {'source': 192, 'target': 119}, {'source': 193, 'target': 220}, {'source': 194, 'target': 83}, {'source': 194, 'target': 187}, {'source': 194, 'target': 73}, {'source': 195, 'target': 25}, {'source': 195, 'target': 92}, {'source': 199, 'target': 89}, {'source': 199, 'target': 178}, {'source': 199, 'target': 26}, {'source': 202, 'target': 18}, {'source': 202, 'target': 15}, {'source': 203, 'target': 61}, {'source': 204, 'target': 133}, {'source': 205, 'target': 239}, {'source': 207, 'target': 91}, {'source': 209, 'target': 179}, {'source': 210, 'target': 201}, {'source': 210, 'target': 217}, {'source': 210, 'target': 7}, {'source': 210, 'target': 121}, {'source': 210, 'target': 199}, {'source': 211, 'target': 158}, {'source': 211, 'target': 191}, {'source': 212, 'target': 8}, {'source': 212, 'target': 113}, {'source': 213, 'target': 22}, {'source': 213, 'target': 47}, {'source': 214, 'target': 68}, {'source': 214, 'target': 200}, {'source': 215, 'target': 60}, {'source': 218, 'target': 39}, {'source': 219, 'target': 138}, {'source': 221, 'target': 20}, {'source': 223, 'target': 173}, {'source': 224, 'target': 193}, {'source': 224, 'target': 157}, {'source': 225, 'target': 55}, {'source': 226, 'target': 38}, {'source': 226, 'target': 165}, {'source': 226, 'target': 48}, {'source': 227, 'target': 93}, {'source': 229, 'target': 88}, {'source': 229, 'target': 231}, {'source': 230, 'target': 172}, {'source': 230, 'target': 126}, {'source': 233, 'target': 74}, {'source': 233, 'target': 36}, {'source': 234, 'target': 54}, {'source': 234, 'target': 80}, {'source': 237, 'target': 114}, {'source': 237, 'target': 218}]}",10
"{'directed': True, 'multigraph': False, 'graph': {}, 'nodes': [{'id': 0}, {'id': 1}, {'id': 2}, {'id': 3}, {'id': 4}, {'id': 5}, {'id': 6}, {'id': 7}, {'id': 8}, {'id': 9}, {'id': 10}, {'id': 11}, {'id': 12}, {'id': 13}, {'id': 14}, {'id': 15}, {'id': 16}, {'id': 17}, {'id': 18}, {'id': 19}, {'id': 20}, {'id': 21}, {'id': 22}, {'id': 23}, {'id': 24}, {'id': 25}, {'id': 26}, {'id': 27}, {'id': 28}, {'id': 29}, {'id': 30}, {'id': 31}, {'id': 32}, {'id': 33}, {'id': 34}, {'id': 35}, {'id': 36}, {'id': 37}, {'id': 38}, {'id': 39}, {'id': 40}, {'id': 41}, {'id': 42}, {'id': 43}, {'id': 44}, {'id': 45}, {'id': 46}, {'id': 47}, {'id': 48}, {'id': 49}, {'id': 50}, {'id': 51}, {'id': 52}, {'id': 53}, {'id': 54}, {'id': 55}, {'id': 56}, {'id': 57}, {'id': 58}, {'id': 59}, {'id': 60}, {'id': 61}, {'id': 62}, {'id': 63}, {'id': 64}, {'id': 65}, {'id': 66}, {'id': 67}, {'id': 68}, {'id': 69}, {'id': 70}, {'id': 71}, {'id': 72}, {'id': 73}, {'id': 74}, {'id': 75}, {'id': 76}, {'id': 77}, {'id': 78}, {'id': 79}, {'id': 80}, {'id': 81}, {'id': 82}, {'id': 83}, {'id': 84}, {'id': 85}, {'id': 86}, {'id': 87}, {'id': 88}, {'id': 89}, {'id': 90}, {'id': 91}, {'id': 92}, {'id': 93}, {'id': 94}, {'id': 95}, {'id': 96}, {'id': 97}, {'id': 98}, {'id': 99}, {'id': 100}, {'id': 101}, {'id': 102}, {'id': 103}, {'id': 104}, {'id': 105}, {'id': 106}, {'id': 107}, {'id': 108}, {'id': 109}, {'id': 110}, {'id': 111}, {'id': 112}, {'id': 113}, {'id': 114}, {'id': 115}, {'id': 116}, {'id': 117}, {'id': 118}, {'id': 119}, {'id': 120}, {'id': 121}, {'id': 122}, {'id': 123}, {'id': 124}, {'id': 125}, {'id': 126}, {'id': 127}, {'id': 128}, {'id': 129}, {'id': 130}, {'id': 131}, {'id': 132}, {'id': 133}, {'id': 134}, {'id': 135}, {'id': 136}, {'id': 137}, {'id': 138}, {'id': 139}, {'id': 140}, {'id': 141}, {'id': 142}, {'id': 143}, {'id': 144}, {'id': 145}, {'id': 146}, {'id': 147}, {'id': 148}, {'id': 149}, {'id': 150}, {'id': 151}, {'id': 152}, {'id': 153}, {'id': 154}, {'id': 155}, {'id': 156}, {'id': 157}, {'id': 158}, {'id': 159}, {'id': 160}, {'id': 161}, {'id': 162}, {'id': 163}, {'id': 164}, {'id': 165}, {'id': 166}, {'id': 167}, {'id': 168}, {'id': 169}, {'id': 170}, {'id': 171}, {'id': 172}, {'id': 173}, {'id': 174}, {'id': 175}, {'id': 176}, {'id': 177}, {'id': 178}, {'id': 179}, {'id': 180}, {'id': 181}, {'id': 182}, {'id': 183}, {'id': 184}, {'id': 185}, {'id': 186}, {'id': 187}, {'id': 188}, {'id': 189}, {'id': 190}, {'id': 191}, {'id': 192}, {'id': 193}, {'id': 194}, {'id': 195}, {'id': 196}, {'id': 197}, {'id': 198}, {'id': 199}, {'id': 200}, {'id': 201}, {'id': 202}, {'id': 203}, {'id': 204}, {'id': 205}, {'id': 206}, {'id': 207}, {'id': 208}, {'id': 209}, {'id': 210}, {'id': 211}, {'id': 212}, {'id': 213}, {'id': 214}, {'id': 215}, {'id': 216}, {'id': 217}, {'id': 218}, {'id': 219}, {'id': 220}, {'id': 221}, {'id': 222}, {'id': 223}, {'id': 224}, {'id': 225}, {'id': 226}, {'id': 227}, {'id': 228}, {'id': 229}, {'id': 230}, {'id': 231}, {'id': 232}, {'id': 233}, {'id': 234}, {'id': 235}, {'id': 236}, {'id': 237}, {'id': 238}, {'id': 239}], 'links': [{'source': 0, 'target': 44}, {'source': 0, 'target': 8}, {'source': 1, 'target': 125}, {'source': 2, 'target': 89}, {'source': 2, 'target': 208}, {'source': 3, 'target': 94}, {'source': 3, 'target': 163}, {'source': 4, 'target': 58}, {'source': 8, 'target': 152}, {'source': 8, 'target': 122}, {'source': 9, 'target': 47}, {'source': 9, 'target': 106}, {'source': 9, 'target': 197}, {'source': 13, 'target': 6}, {'source': 13, 'target': 199}, {'source': 14, 'target': 3}, {'source': 14, 'target': 68}, {'source': 15, 'target': 189}, {'source': 15, 'target': 206}, {'source': 16, 'target': 54}, {'source': 16, 'target': 131}, {'source': 18, 'target': 69}, {'source': 18, 'target': 171}, {'source': 18, 'target': 239}, {'source': 19, 'target': 190}, {'source': 22, 'target': 123}, {'source': 22, 'target': 30}, {'source': 23, 'target': 118}, {'source': 25, 'target': 82}, {'source': 26, 'target': 137}, {'source': 27, 'target': 32}, {'source': 29, 'target': 220}, {'source': 30, 'target': 21}, {'source': 30, 'target': 148}, {'source': 33, 'target': 167}, {'source': 33, 'target': 151}, {'source': 34, 'target': 62}, {'source': 37, 'target': 5}, {'source': 39, 'target': 158}, {'source': 41, 'target': 234}, {'source': 42, 'target': 15}, {'source': 43, 'target': 11}, {'source': 44, 'target': 90}, {'source': 44, 'target': 160}, {'source': 44, 'target': 224}, {'source': 48, 'target': 207}, {'source': 48, 'target': 175}, {'source': 48, 'target': 134}, {'source': 48, 'target': 173}, {'source': 50, 'target': 133}, {'source': 51, 'target': 40}, {'source': 51, 'target': 14}, {'source': 52, 'target': 17}, {'source': 52, 'target': 29}, {'source': 53, 'target': 43}, {'source': 55, 'target': 70}, {'source': 55, 'target': 176}, {'source': 55, 'target': 56}, {'source': 56, 'target': 195}, {'source': 58, 'target': 59}, {'source': 58, 'target': 77}, {'source': 60, 'target': 235}, {'source': 61, 'target': 98}, {'source': 61, 'target': 96}, {'source': 62, 'target': 182}, {'source': 63, 'target': 144}, {'source': 64, 'target': 164}, {'source': 66, 'target': 31}, {'source': 66, 'target': 19}, {'source': 68, 'target': 117}, {'source': 71, 'target': 28}, {'source': 72, 'target': 84}, {'source': 73, 'target': 65}, {'source': 74, 'target': 23}, {'source': 74, 'target': 26}, {'source': 74, 'target': 16}, {'source': 79, 'target': 205}, {'source': 80, 'target': 170}, {'source': 81, 'target': 154}, {'source': 81, 'target': 237}, {'source': 83, 'target': 38}, {'source': 84, 'target': 102}, {'source': 85, 'target': 48}, {'source': 86, 'target': 177}, {'source': 86, 'target': 178}, {'source': 86, 'target': 183}, {'source': 87, 'target': 185}, {'source': 88, 'target': 1}, {'source': 89, 'target': 194}, {'source': 90, 'target': 34}, {'source': 91, 'target': 12}, {'source': 91, 'target': 139}, {'source': 94, 'target': 99}, {'source': 95, 'target': 212}, {'source': 96, 'target': 0}, {'source': 97, 'target': 202}, {'source': 98, 'target': 27}, {'source': 98, 'target': 46}, {'source': 98, 'target': 222}, {'source': 101, 'target': 108}, {'source': 101, 'target': 216}, {'source': 101, 'target': 97}, {'source': 102, 'target': 188}, {'source': 104, 'target': 140}, {'source': 105, 'target': 180}, {'source': 105, 'target': 74}, {'source': 105, 'target': 174}, {'source': 106, 'target': 215}, {'source': 106, 'target': 186}, {'source': 107, 'target': 201}, {'source': 107, 'target': 101}, {'source': 108, 'target': 150}, {'source': 109, 'target': 162}, {'source': 110, 'target': 127}, {'source': 110, 'target': 196}, {'source': 111, 'target': 198}, {'source': 111, 'target': 203}, {'source': 111, 'target': 105}, {'source': 112, 'target': 73}, {'source': 117, 'target': 223}, {'source': 118, 'target': 4}, {'source': 119, 'target': 136}, {'source': 119, 'target': 191}, {'source': 122, 'target': 227}, {'source': 123, 'target': 166}, {'source': 125, 'target': 109}, {'source': 126, 'target': 86}, {'source': 126, 'target': 18}, {'source': 130, 'target': 81}, {'source': 131, 'target': 9}, {'source': 132, 'target': 35}, {'source': 132, 'target': 193}, {'source': 132, 'target': 107}, {'source': 133, 'target': 211}, {'source': 134, 'target': 95}, {'source': 135, 'target': 114}, {'source': 135, 'target': 181}, {'source': 136, 'target': 45}, {'source': 136, 'target': 142}, {'source': 137, 'target': 128}, {'source': 137, 'target': 87}, {'source': 138, 'target': 24}, {'source': 138, 'target': 25}, {'source': 139, 'target': 66}, {'source': 141, 'target': 42}, {'source': 141, 'target': 130}, {'source': 143, 'target': 145}, {'source': 146, 'target': 115}, {'source': 146, 'target': 159}, {'source': 147, 'target': 75}, {'source': 147, 'target': 217}, {'source': 148, 'target': 213}, {'source': 149, 'target': 225}, {'source': 151, 'target': 124}, {'source': 151, 'target': 39}, {'source': 151, 'target': 119}, {'source': 151, 'target': 60}, {'source': 152, 'target': 135}, {'source': 152, 'target': 2}, {'source': 153, 'target': 161}, {'source': 154, 'target': 53}, {'source': 154, 'target': 80}, {'source': 155, 'target': 184}, {'source': 155, 'target': 200}, {'source': 156, 'target': 104}, {'source': 158, 'target': 71}, {'source': 159, 'target': 79}, {'source': 160, 'target': 187}, {'source': 161, 'target': 36}, {'source': 161, 'target': 37}, {'source': 161, 'target': 67}, {'source': 161, 'target': 51}, {'source': 164, 'target': 10}, {'source': 165, 'target': 230}, {'source': 167, 'target': 156}, {'source': 168, 'target': 232}, {'source': 168, 'target': 192}, {'source': 169, 'target': 49}, {'source': 170, 'target': 78}, {'source': 170, 'target': 147}, {'source': 173, 'target': 132}, {'source': 174, 'target': 210}, {'source': 174, 'target': 179}, {'source': 175, 'target': 57}, {'source': 175, 'target': 22}, {'source': 176, 'target': 91}, {'source': 176, 'target': 229}, {'source': 179, 'target': 155}, {'source': 181, 'target': 72}, {'source': 182, 'target': 120}, {'source': 183, 'target': 146}, {'source': 185, 'target': 41}, {'source': 186, 'target': 92}, {'source': 186, 'target': 64}, {'source': 186, 'target': 13}, {'source': 186, 'target': 141}, {'source': 189, 'target': 218}, {'source': 190, 'target': 143}, {'source': 192, 'target': 100}, {'source': 192, 'target': 238}, {'source': 195, 'target': 50}, {'source': 195, 'target': 111}, {'source': 196, 'target': 126}, {'source': 197, 'target': 103}, {'source': 197, 'target': 226}, {'source': 197, 'target': 168}, {'source': 198, 'target': 121}, {'source': 198, 'target': 157}, {'source': 198, 'target': 169}, {'source': 199, 'target': 204}, {'source': 200, 'target': 214}, {'source': 200, 'target': 110}, {'source': 202, 'target': 231}, {'source': 203, 'target': 209}, {'source': 205, 'target': 138}, {'source': 206, 'target': 33}, {'source': 208, 'target': 129}, {'source': 208, 'target': 221}, {'source': 211, 'target': 153}, {'source': 212, 'target': 116}, {'source': 212, 'target': 61}, {'source': 214, 'target': 93}, {'source': 214, 'target': 88}, {'source': 216, 'target': 63}, {'source': 217, 'target': 76}, {'source': 217, 'target': 83}, {'source': 217, 'target': 113}, {'source': 225, 'target': 20}, {'source': 225, 'target': 172}, {'source': 225, 'target': 236}, {'source': 226, 'target': 85}, {'source': 227, 'target': 52}, {'source': 228, 'target': 165}, {'source': 228, 'target': 149}, {'source': 230, 'target': 233}, {'source': 231, 'target': 228}, {'source': 233, 'target': 7}, {'source': 234, 'target': 112}, {'source': 238, 'target': 219}]}",10
"{'directed': True, 'multigraph': False, 'graph': {}, 'nodes': [{'id': 0}, {'id': 1}, {'id': 2}, {'id': 3}, {'id': 4}, {'id': 5}, {'id': 6}, {'id': 7}, {'id': 8}, {'id': 9}, {'id': 10}, {'id': 11}, {'id': 12}, {'id': 13}, {'id': 14}, {'id': 15}, {'id': 16}, {'id': 17}, {'id': 18}, {'id': 19}, {'id': 20}, {'id': 21}, {'id': 22}, {'id': 23}, {'id': 24}, {'id': 25}, {'id': 26}, {'id': 27}, {'id': 28}, {'id': 29}, {'id': 30}, {'id': 31}, {'id': 32}, {'id': 33}, {'id': 34}, {'id': 35}, {'id': 36}, {'id': 37}, {'id': 38}, {'id': 39}, {'id': 40}, {'id': 41}, {'id': 42}, {'id': 43}, {'id': 44}, {'id': 45}, {'id': 46}, {'id': 47}, {'id': 48}, {'id': 49}, {'id': 50}, {'id': 51}, {'id': 52}, {'id': 53}, {'id': 54}, {'id': 55}, {'id': 56}, {'id': 57}, {'id': 58}, {'id': 59}, {'id': 60}, {'id': 61}, {'id': 62}, {'id': 63}, {'id': 64}, {'id': 65}, {'id': 66}, {'id': 67}, {'id': 68}, {'id': 69}, {'id': 70}, {'id': 71}, {'id': 72}, {'id': 73}, {'id': 74}, {'id': 75}, {'id': 76}, {'id': 77}, {'id': 78}, {'id': 79}, {'id': 80}, {'id': 81}, {'id': 82}, {'id': 83}, {'id': 84}, {'id': 85}, {'id': 86}, {'id': 87}, {'id': 88}, {'id': 89}, {'id': 90}, {'id': 91}, {'id': 92}, {'id': 93}, {'id': 94}, {'id': 95}, {'id': 96}, {'id': 97}, {'id': 98}, {'id': 99}, {'id': 100}, {'id': 101}, {'id': 102}, {'id': 103}, {'id': 104}, {'id': 105}, {'id': 106}, {'id': 107}, {'id': 108}, {'id': 109}, {'id': 110}, {'id': 111}, {'id': 112}, {'id': 113}, {'id': 114}, {'id': 115}, {'id': 116}, {'id': 117}, {'id': 118}, {'id': 119}, {'id': 120}, {'id': 121}, {'id': 122}, {'id': 123}, {'id': 124}, {'id': 125}, {'id': 126}, {'id': 127}, {'id': 128}, {'id': 129}, {'id': 130}, {'id': 131}, {'id': 132}, {'id': 133}, {'id': 134}, {'id': 135}, {'id': 136}, {'id': 137}, {'id': 138}, {'id': 139}, {'id': 140}, {'id': 141}, {'id': 142}, {'id': 143}, {'id': 144}, {'id': 145}, {'id': 146}, {'id': 147}, {'id': 148}, {'id': 149}, {'id': 150}, {'id': 151}, {'id': 152}, {'id': 153}, {'id': 154}, {'id': 155}, {'id': 156}, {'id': 157}, {'id': 158}, {'id': 159}, {'id': 160}, {'id': 161}, {'id': 162}, {'id': 163}, {'id': 164}, {'id': 165}, {'id': 166}, {'id': 167}, {'id': 168}, {'id': 169}, {'id': 170}, {'id': 171}, {'id': 172}, {'id': 173}, {'id': 174}, {'id': 175}, {'id': 176}, {'id': 177}, {'id': 178}, {'id': 179}, {'id': 180}, {'id': 181}, {'id': 182}, {'id': 183}, {'id': 184}, {'id': 185}, {'id': 186}, {'id': 187}, {'id': 188}, {'id': 189}, {'id': 190}, {'id': 191}, {'id': 192}, {'id': 193}, {'id': 194}, {'id': 195}, {'id': 196}, {'id': 197}, {'id': 198}, {'id': 199}, {'id': 200}, {'id': 201}, {'id': 202}, {'id': 203}, {'id': 204}, {'id': 205}, {'id': 206}, {'id': 207}, {'id': 208}, {'id': 209}, {'id': 210}, {'id': 211}, {'id': 212}, {'id': 213}, {'id': 214}, {'id': 215}, {'id': 216}, {'id': 217}, {'id': 218}, {'id': 219}, {'id': 220}, {'id': 221}, {'id': 222}, {'id': 223}, {'id': 224}, {'id': 225}, {'id': 226}, {'id': 227}, {'id': 228}, {'id': 229}, {'id': 230}, {'id': 231}, {'id': 232}, {'id': 233}, {'id': 234}, {'id': 235}, {'id': 236}, {'id': 237}, {'id': 238}, {'id': 239}], 'links': [{'source': 0, 'target': 215}, {'source': 2, 'target': 36}, {'source': 3, 'target': 183}, {'source': 4, 'target': 15}, {'source': 5, 'target': 122}, {'source': 5, 'target': 158}, {'source': 5, 'target': 214}, {'source': 8, 'target': 111}, {'source': 9, 'target': 151}, {'source': 10, 'target': 132}, {'source': 13, 'target': 103}, {'source': 14, 'target': 227}, {'source': 17, 'target': 84}, {'source': 17, 'target': 190}, {'source': 18, 'target': 11}, {'source': 19, 'target': 125}, {'source': 21, 'target': 216}, {'source': 21, 'target': 194}, {'source': 24, 'target': 104}, {'source': 25, 'target': 92}, {'source': 25, 'target': 106}, {'source': 25, 'target': 229}, {'source': 28, 'target': 198}, {'source': 29, 'target': 65}, {'source': 29, 'target': 102}, {'source': 29, 'target': 126}, {'source': 30, 'target': 77}, {'source': 30, 'target': 115}, {'source': 31, 'target': 177}, {'source': 32, 'target': 113}, {'source': 32, 'target': 180}, {'source': 36, 'target': 139}, {'source': 38, 'target': 56}, {'source': 39, 'target': 6}, {'source': 39, 'target': 112}, {'source': 39, 'target': 108}, {'source': 39, 'target': 78}, {'source': 40, 'target': 123}, {'source': 41, 'target': 54}, {'source': 41, 'target': 32}, {'source': 41, 'target': 171}, {'source': 42, 'target': 118}, {'source': 44, 'target': 148}, {'source': 45, 'target': 117}, {'source': 46, 'target': 55}, {'source': 47, 'target': 98}, {'source': 48, 'target': 101}, {'source': 49, 'target': 182}, {'source': 50, 'target': 75}, {'source': 50, 'target': 184}, {'source': 51, 'target': 230}, {'source': 52, 'target': 16}, {'source': 54, 'target': 67}, {'source': 55, 'target': 210}, {'source': 56, 'target': 138}, {'source': 56, 'target': 238}, {'source': 59, 'target': 34}, {'source': 60, 'target': 162}, {'source': 61, 'target': 20}, {'source': 62, 'target': 27}, {'source': 62, 'target': 24}, {'source': 62, 'target': 156}, {'source': 62, 'target': 5}, {'source': 67, 'target': 169}, {'source': 69, 'target': 110}, {'source': 69, 'target': 225}, {'source': 71, 'target': 63}, {'source': 71, 'target': 25}, {'source': 72, 'target': 114}, {'source': 78, 'target': 168}, {'source': 78, 'target': 206}, {'source': 78, 'target': 29}, {'source': 78, 'target': 231}, {'source': 81, 'target': 146}, {'source': 81, 'target': 218}, {'source': 82, 'target': 135}, {'source': 82, 'target': 224}, {'source': 83, 'target': 187}, {'source': 85, 'target': 232}, {'source': 87, 'target': 134}, {'source': 88, 'target': 161}, {'source': 89, 'target': 39}, {'source': 89, 'target': 95}, {'source': 90, 'target': 23}, {'source': 91, 'target': 192}, {'source': 93, 'target': 193}, {'source': 95, 'target': 42}, {'source': 95, 'target': 239}, {'source': 97, 'target': 107}, {'source': 97, 'target': 19}, {'source': 98, 'target': 233}, {'source': 99, 'target': 21}, {'source': 100, 'target': 2}, {'source': 101, 'target': 26}, {'source': 101, 'target': 109}, {'source': 101, 'target': 91}, {'source': 101, 'target': 237}, {'source': 102, 'target': 10}, {'source': 102, 'target': 40}, {'source': 103, 'target': 87}, {'source': 104, 'target': 68}, {'source': 107, 'target': 94}, {'source': 108, 'target': 131}, {'source': 108, 'target': 49}, {'source': 109, 'target': 226}, {'source': 114, 'target': 196}, {'source': 116, 'target': 119}, {'source': 118, 'target': 186}, {'source': 119, 'target': 181}, {'source': 120, 'target': 17}, {'source': 120, 'target': 189}, {'source': 120, 'target': 235}, {'source': 121, 'target': 60}, {'source': 123, 'target': 144}, {'source': 123, 'target': 143}, {'source': 123, 'target': 46}, {'source': 123, 'target': 212}, {'source': 123, 'target': 207}, {'source': 125, 'target': 145}, {'source': 125, 'target': 51}, {'source': 126, 'target': 170}, {'source': 127, 'target': 86}, {'source': 128, 'target': 136}, {'source': 130, 'target': 33}, {'source': 130, 'target': 88}, {'source': 130, 'target': 97}, {'source': 132, 'target': 9}, {'source': 132, 'target': 228}, {'source': 133, 'target': 163}, {'source': 133, 'target': 149}, {'source': 133, 'target': 71}, {'source': 134, 'target': 81}, {'source': 136, 'target': 140}, {'source': 136, 'target': 164}, {'source': 136, 'target': 166}, {'source': 136, 'target': 41}, {'source': 136, 'target': 147}, {'source': 137, 'target': 80}, {'source': 137, 'target': 82}, {'source': 139, 'target': 12}, {'source': 139, 'target': 173}, {'source': 139, 'target': 185}, {'source': 141, 'target': 105}, {'source': 141, 'target': 150}, {'source': 141, 'target': 221}, {'source': 142, 'target': 72}, {'source': 143, 'target': 160}, {'source': 144, 'target': 76}, {'source': 145, 'target': 18}, {'source': 145, 'target': 200}, {'source': 146, 'target': 142}, {'source': 146, 'target': 141}, {'source': 147, 'target': 38}, {'source': 148, 'target': 175}, {'source': 149, 'target': 155}, {'source': 149, 'target': 188}, {'source': 153, 'target': 172}, {'source': 153, 'target': 179}, {'source': 155, 'target': 154}, {'source': 155, 'target': 167}, {'source': 156, 'target': 28}, {'source': 157, 'target': 152}, {'source': 160, 'target': 129}, {'source': 160, 'target': 208}, {'source': 161, 'target': 202}, {'source': 164, 'target': 124}, {'source': 165, 'target': 47}, {'source': 166, 'target': 58}, {'source': 167, 'target': 30}, {'source': 168, 'target': 53}, {'source': 170, 'target': 191}, {'source': 170, 'target': 85}, {'source': 171, 'target': 236}, {'source': 173, 'target': 1}, {'source': 178, 'target': 100}, {'source': 178, 'target': 99}, {'source': 179, 'target': 22}, {'source': 179, 'target': 79}, {'source': 179, 'target': 83}, {'source': 180, 'target': 31}, {'source': 180, 'target': 199}, {'source': 180, 'target': 204}, {'source': 180, 'target': 222}, {'source': 180, 'target': 13}, {'source': 182, 'target': 3}, {'source': 182, 'target': 219}, {'source': 183, 'target': 44}, {'source': 184, 'target': 37}, {'source': 184, 'target': 217}, {'source': 184, 'target': 89}, {'source': 185, 'target': 14}, {'source': 187, 'target': 203}, {'source': 189, 'target': 137}, {'source': 190, 'target': 96}, {'source': 192, 'target': 120}, {'source': 193, 'target': 70}, {'source': 193, 'target': 223}, {'source': 194, 'target': 57}, {'source': 194, 'target': 121}, {'source': 194, 'target': 50}, {'source': 195, 'target': 128}, {'source': 199, 'target': 176}, {'source': 199, 'target': 213}, {'source': 200, 'target': 8}, {'source': 202, 'target': 209}, {'source': 204, 'target': 4}, {'source': 204, 'target': 45}, {'source': 204, 'target': 201}, {'source': 204, 'target': 0}, {'source': 206, 'target': 73}, {'source': 207, 'target': 130}, {'source': 208, 'target': 61}, {'source': 210, 'target': 211}, {'source': 213, 'target': 159}, {'source': 213, 'target': 116}, {'source': 216, 'target': 157}, {'source': 217, 'target': 35}, {'source': 218, 'target': 93}, {'source': 219, 'target': 59}, {'source': 219, 'target': 66}, {'source': 220, 'target': 234}, {'source': 222, 'target': 127}, {'source': 223, 'target': 90}, {'source': 223, 'target': 205}, {'source': 225, 'target': 62}, {'source': 226, 'target': 174}, {'source': 226, 'target': 197}, {'source': 229, 'target': 165}, {'source': 231, 'target': 74}, {'source': 231, 'target': 48}, {'source': 232, 'target': 69}, {'source': 233, 'target': 195}, {'source': 235, 'target': 43}, {'source': 235, 'target': 153}, {'source': 236, 'target': 64}, {'source': 237, 'target': 220}, {'source': 238, 'target': 7}, {'source': 238, 'target': 52}, {'source': 239, 'target': 133}]}",10
"{'directed': True, 'multigraph': False, 'graph': {}, 'nodes': [{'id': 0}, {'id': 1}, {'id': 2}, {'id': 3}, {'id': 4}, {'id': 5}, {'id': 6}, {'id': 7}, {'id': 8}, {'id': 9}, {'id': 10}, {'id': 11}, {'id': 12}, {'id': 13}, {'id': 14}, {'id': 15}, {'id': 16}, {'id': 17}, {'id': 18}, {'id': 19}, {'id': 20}, {'id': 21}, {'id': 22}, {'id': 23}, {'id': 24}, {'id': 25}, {'id': 26}, {'id': 27}, {'id': 28}, {'id': 29}, {'id': 30}, {'id': 31}, {'id': 32}, {'id': 33}, {'id': 34}, {'id': 35}, {'id': 36}, {'id': 37}, {'id': 38}, {'id': 39}, {'id': 40}, {'id': 41}, {'id': 42}, {'id': 43}, {'id': 44}, {'id': 45}, {'id': 46}, {'id': 47}, {'id': 48}, {'id': 49}, {'id': 50}, {'id': 51}, {'id': 52}, {'id': 53}, {'id': 54}, {'id': 55}, {'id': 56}, {'id': 57}, {'id': 58}, {'id': 59}, {'id': 60}, {'id': 61}, {'id': 62}, {'id': 63}, {'id': 64}, {'id': 65}, {'id': 66}, {'id': 67}, {'id': 68}, {'id': 69}, {'id': 70}, {'id': 71}, {'id': 72}, {'id': 73}, {'id': 74}, {'id': 75}, {'id': 76}, {'id': 77}, {'id': 78}, {'id': 79}, {'id': 80}, {'id': 81}, {'id': 82}, {'id': 83}, {'id': 84}, {'id': 85}, {'id': 86}, {'id': 87}, {'id': 88}, {'id': 89}, {'id': 90}, {'id': 91}, {'id': 92}, {'id': 93}, {'id': 94}, {'id': 95}, {'id': 96}, {'id': 97}, {'id': 98}, {'id': 99}, {'id': 100}, {'id': 101}, {'id': 102}, {'id': 103}, {'id': 104}, {'id': 105}, {'id': 106}, {'id': 107}, {'id': 108}, {'id': 109}, {'id': 110}, {'id': 111}, {'id': 112}, {'id': 113}, {'id': 114}, {'id': 115}, {'id': 116}, {'id': 117}, {'id': 118}, {'id': 119}, {'id': 120}, {'id': 121}, {'id': 122}, {'id': 123}, {'id': 124}, {'id': 125}, {'id': 126}, {'id': 127}, {'id': 128}, {'id': 129}, {'id': 130}, {'id': 131}, {'id': 132}, {'id': 133}, {'id': 134}, {'id': 135}, {'id': 136}, {'id': 137}, {'id': 138}, {'id': 139}, {'id': 140}, {'id': 141}, {'id': 142}, {'id': 143}, {'id': 144}, {'id': 145}, {'id': 146}, {'id': 147}, {'id': 148}, {'id': 149}, {'id': 150}, {'id': 151}, {'id': 152}, {'id': 153}, {'id': 154}, {'id': 155}, {'id': 156}, {'id': 157}, {'id': 158}, {'id': 159}, {'id': 160}, {'id': 161}, {'id': 162}, {'id': 163}, {'id': 164}, {'id': 165}, {'id': 166}, {'id': 167}, {'id': 168}, {'id': 169}, {'id': 170}, {'id': 171}, {'id': 172}, {'id': 173}, {'id': 174}, {'id': 175}, {'id': 176}, {'id': 177}, {'id': 178}, {'id': 179}, {'id': 180}, {'id': 181}, {'id': 182}, {'id': 183}, {'id': 184}, {'id': 185}, {'id': 186}, {'id': 187}, {'id': 188}, {'id': 189}, {'id': 190}, {'id': 191}, {'id': 192}, {'id': 193}, {'id': 194}, {'id': 195}, {'id': 196}, {'id': 197}, {'id': 198}, {'id': 199}, {'id': 200}, {'id': 201}, {'id': 202}, {'id': 203}, {'id': 204}, {'id': 205}, {'id': 206}, {'id': 207}, {'id': 208}, {'id': 209}, {'id': 210}, {'id': 211}, {'id': 212}, {'id': 213}, {'id': 214}, {'id': 215}, {'id': 216}, {'id': 217}, {'id': 218}, {'id': 219}, {'id': 220}, {'id': 221}, {'id': 222}, {'id': 223}, {'id': 224}, {'id': 225}, {'id': 226}, {'id': 227}, {'id': 228}, {'id': 229}, {'id': 230}, {'id': 231}, {'id': 232}, {'id': 233}, {'id': 234}, {'id': 235}, {'id': 236}, {'id': 237}, {'id': 238}, {'id': 239}], 'links': [{'source': 0, 'target': 113}, {'source': 1, 'target': 96}, {'source': 2, 'target': 40}, {'source': 3, 'target': 222}, {'source': 3, 'target': 23}, {'source': 4, 'target': 169}, {'source': 4, 'target': 237}, {'source': 10, 'target': 28}, {'source': 10, 'target': 106}, {'source': 10, 'target': 73}, {'source': 12, 'target': 65}, {'source': 14, 'target': 99}, {'source': 14, 'target': 179}, {'source': 15, 'target': 163}, {'source': 17, 'target': 131}, {'source': 17, 'target': 135}, {'source': 18, 'target': 105}, {'source': 18, 'target': 117}, {'source': 19, 'target': 69}, {'source': 22, 'target': 7}, {'source': 22, 'target': 3}, {'source': 23, 'target': 92}, {'source': 23, 'target': 111}, {'source': 23, 'target': 104}, {'source': 23, 'target': 46}, {'source': 25, 'target': 176}, {'source': 25, 'target': 32}, {'source': 26, 'target': 224}, {'source': 27, 'target': 98}, {'source': 29, 'target': 42}, {'source': 30, 'target': 137}, {'source': 32, 'target': 200}, {'source': 32, 'target': 161}, {'source': 35, 'target': 91}, {'source': 35, 'target': 26}, {'source': 37, 'target': 33}, {'source': 37, 'target': 185}, {'source': 39, 'target': 31}, {'source': 40, 'target': 152}, {'source': 40, 'target': 86}, {'source': 40, 'target': 87}, {'source': 41, 'target': 219}, {'source': 41, 'target': 0}, {'source': 43, 'target': 183}, {'source': 43, 'target': 194}, {'source': 45, 'target': 191}, {'source': 46, 'target': 90}, {'source': 46, 'target': 143}, {'source': 48, 'target': 27}, {'source': 48, 'target': 30}, {'source': 48, 'target': 60}, {'source': 49, 'target': 132}, {'source': 51, 'target': 205}, {'source': 51, 'target': 166}, {'source': 53, 'target': 68}, {'source': 54, 'target': 126}, {'source': 56, 'target': 66}, {'source': 56, 'target': 150}, {'source': 57, 'target': 130}, {'source': 59, 'target': 48}, {'source': 60, 'target': 239}, {'source': 61, 'target': 193}, {'source': 61, 'target': 221}, {'source': 63, 'target': 93}, {'source': 63, 'target': 123}, {'source': 66, 'target': 103}, {'source': 67, 'target': 71}, {'source': 67, 'target': 4}, {'source': 69, 'target': 120}, {'source': 70, 'target': 55}, {'source': 70, 'target': 102}, {'source': 72, 'target': 83}, {'source': 73, 'target': 170}, {'source': 75, 'target': 12}, {'source': 79, 'target': 187}, {'source': 81, 'target': 189}, {'source': 82, 'target': 45}, {'source': 83, 'target': 95}, {'source': 84, 'target': 8}, {'source': 84, 'target': 2}, {'source': 85, 'target': 129}, {'source': 85, 'target': 14}, {'source': 86, 'target': 136}, {'source': 86, 'target': 208}, {'source': 86, 'target': 214}, {'source': 87, 'target': 58}, {'source': 87, 'target': 133}, {'source': 88, 'target': 47}, {'source': 88, 'target': 101}, {'source': 89, 'target': 74}, {'source': 89, 'target': 138}, {'source': 89, 'target': 180}, {'source': 89, 'target': 192}, {'source': 90, 'target': 168}, {'source': 94, 'target': 122}, {'source': 95, 'target': 190}, {'source': 96, 'target': 233}, {'source': 98, 'target': 70}, {'source': 99, 'target': 16}, {'source': 102, 'target': 141}, {'source': 103, 'target': 9}, {'source': 104, 'target': 107}, {'source': 104, 'target': 223}, {'source': 108, 'target': 53}, {'source': 108, 'target': 153}, {'source': 110, 'target': 89}, {'source': 113, 'target': 235}, {'source': 114, 'target': 149}, {'source': 116, 'target': 227}, {'source': 119, 'target': 18}, {'source': 119, 'target': 85}, {'source': 125, 'target': 50}, {'source': 126, 'target': 109}, {'source': 126, 'target': 37}, {'source': 127, 'target': 110}, {'source': 127, 'target': 49}, {'source': 128, 'target': 134}, {'source': 128, 'target': 61}, {'source': 128, 'target': 207}, {'source': 128, 'target': 164}, {'source': 130, 'target': 34}, {'source': 132, 'target': 1}, {'source': 132, 'target': 43}, {'source': 133, 'target': 121}, {'source': 133, 'target': 162}, {'source': 133, 'target': 59}, {'source': 134, 'target': 80}, {'source': 135, 'target': 148}, {'source': 136, 'target': 5}, {'source': 137, 'target': 201}, {'source': 139, 'target': 181}, {'source': 140, 'target': 114}, {'source': 141, 'target': 216}, {'source': 143, 'target': 165}, {'source': 145, 'target': 147}, {'source': 145, 'target': 182}, {'source': 146, 'target': 76}, {'source': 146, 'target': 151}, {'source': 146, 'target': 215}, {'source': 148, 'target': 173}, {'source': 148, 'target': 84}, {'source': 150, 'target': 20}, {'source': 151, 'target': 57}, {'source': 153, 'target': 21}, {'source': 153, 'target': 39}, {'source': 155, 'target': 44}, {'source': 155, 'target': 188}, {'source': 156, 'target': 100}, {'source': 156, 'target': 17}, {'source': 158, 'target': 124}, {'source': 158, 'target': 195}, {'source': 158, 'target': 127}, {'source': 159, 'target': 220}, {'source': 160, 'target': 35}, {'source': 160, 'target': 231}, {'source': 161, 'target': 118}, {'source': 161, 'target': 226}, {'source': 162, 'target': 19}, {'source': 163, 'target': 115}, {'source': 164, 'target': 171}, {'source': 165, 'target': 119}, {'source': 165, 'target': 158}, {'source': 166, 'target': 159}, {'source': 166, 'target': 156}, {'source': 167, 'target': 212}, {'source': 167, 'target': 51}, {'source': 168, 'target': 75}, {'source': 169, 'target': 157}, {'source': 171, 'target': 38}, {'source': 171, 'target': 81}, {'source': 171, 'target': 175}, {'source': 173, 'target': 11}, {'source': 173, 'target': 198}, {'source': 174, 'target': 229}, {'source': 175, 'target': 199}, {'source': 175, 'target': 145}, {'source': 175, 'target': 238}, {'source': 175, 'target': 178}, {'source': 176, 'target': 36}, {'source': 176, 'target': 78}, {'source': 176, 'target': 88}, {'source': 177, 'target': 77}, {'source': 177, 'target': 144}, {'source': 178, 'target': 203}, {'source': 178, 'target': 167}, {'source': 179, 'target': 202}, {'source': 180, 'target': 172}, {'source': 182, 'target': 204}, {'source': 182, 'target': 217}, {'source': 183, 'target': 6}, {'source': 183, 'target': 94}, {'source': 184, 'target': 155}, {'source': 184, 'target': 67}, {'source': 185, 'target': 79}, {'source': 185, 'target': 211}, {'source': 185, 'target': 128}, {'source': 186, 'target': 108}, {'source': 187, 'target': 125}, {'source': 188, 'target': 197}, {'source': 188, 'target': 230}, {'source': 190, 'target': 24}, {'source': 190, 'target': 186}, {'source': 192, 'target': 15}, {'source': 194, 'target': 54}, {'source': 197, 'target': 142}, {'source': 201, 'target': 52}, {'source': 201, 'target': 225}, {'source': 202, 'target': 62}, {'source': 202, 'target': 232}, {'source': 202, 'target': 234}, {'source': 203, 'target': 112}, {'source': 206, 'target': 218}, {'source': 207, 'target': 160}, {'source': 209, 'target': 228}, {'source': 210, 'target': 72}, {'source': 210, 'target': 196}, {'source': 213, 'target': 97}, {'source': 214, 'target': 56}, {'source': 217, 'target': 210}, {'source': 218, 'target': 41}, {'source': 219, 'target': 63}, {'source': 219, 'target': 184}, {'source': 221, 'target': 139}, {'source': 222, 'target': 10}, {'source': 222, 'target': 174}, {'source': 224, 'target': 146}, {'source': 226, 'target': 236}, {'source': 229, 'target': 140}, {'source': 230, 'target': 13}, {'source': 230, 'target': 209}, {'source': 231, 'target': 64}, {'source': 231, 'target': 213}, {'source': 232, 'target': 154}, {'source': 234, 'target': 82}, {'source': 235, 'target': 22}, {'source': 236, 'target': 116}, {'source': 237, 'target': 177}, {'source': 238, 'target': 29}, {'source': 238, 'target': 25}]}",50
"{'directed': True, 'multigraph': False, 'graph': {}, 'nodes': [{'id': 0}, {'id': 1}, {'id': 2}, {'id': 3}, {'id': 4}, {'id': 5}, {'id': 6}, {'id': 7}, {'id': 8}, {'id': 9}, {'id': 10}, {'id': 11}, {'id': 12}, {'id': 13}, {'id': 14}, {'id': 15}, {'id': 16}, {'id': 17}, {'id': 18}, {'id': 19}, {'id': 20}, {'id': 21}, {'id': 22}, {'id': 23}, {'id': 24}, {'id': 25}, {'id': 26}, {'id': 27}, {'id': 28}, {'id': 29}, {'id': 30}, {'id': 31}, {'id': 32}, {'id': 33}, {'id': 34}, {'id': 35}, {'id': 36}, {'id': 37}, {'id': 38}, {'id': 39}, {'id': 40}, {'id': 41}, {'id': 42}, {'id': 43}, {'id': 44}, {'id': 45}, {'id': 46}, {'id': 47}, {'id': 48}, {'id': 49}, {'id': 50}, {'id': 51}, {'id': 52}, {'id': 53}, {'id': 54}, {'id': 55}, {'id': 56}, {'id': 57}, {'id': 58}, {'id': 59}, {'id': 60}, {'id': 61}, {'id': 62}, {'id': 63}, {'id': 64}, {'id': 65}, {'id': 66}, {'id': 67}, {'id': 68}, {'id': 69}, {'id': 70}, {'id': 71}, {'id': 72}, {'id': 73}, {'id': 74}, {'id': 75}, {'id': 76}, {'id': 77}, {'id': 78}, {'id': 79}, {'id': 80}, {'id': 81}, {'id': 82}, {'id': 83}, {'id': 84}, {'id': 85}, {'id': 86}, {'id': 87}, {'id': 88}, {'id': 89}, {'id': 90}, {'id': 91}, {'id': 92}, {'id': 93}, {'id': 94}, {'id': 95}, {'id': 96}, {'id': 97}, {'id': 98}, {'id': 99}, {'id': 100}, {'id': 101}, {'id': 102}, {'id': 103}, {'id': 104}, {'id': 105}, {'id': 106}, {'id': 107}, {'id': 108}, {'id': 109}, {'id': 110}, {'id': 111}, {'id': 112}, {'id': 113}, {'id': 114}, {'id': 115}, {'id': 116}, {'id': 117}, {'id': 118}, {'id': 119}, {'id': 120}, {'id': 121}, {'id': 122}, {'id': 123}, {'id': 124}, {'id': 125}, {'id': 126}, {'id': 127}, {'id': 128}, {'id': 129}, {'id': 130}, {'id': 131}, {'id': 132}, {'id': 133}, {'id': 134}, {'id': 135}, {'id': 136}, {'id': 137}, {'id': 138}, {'id': 139}, {'id': 140}, {'id': 141}, {'id': 142}, {'id': 143}, {'id': 144}, {'id': 145}, {'id': 146}, {'id': 147}, {'id': 148}, {'id': 149}, {'id': 150}, {'id': 151}, {'id': 152}, {'id': 153}, {'id': 154}, {'id': 155}, {'id': 156}, {'id': 157}, {'id': 158}, {'id': 159}, {'id': 160}, {'id': 161}, {'id': 162}, {'id': 163}, {'id': 164}, {'id': 165}, {'id': 166}, {'id': 167}, {'id': 168}, {'id': 169}, {'id': 170}, {'id': 171}, {'id': 172}, {'id': 173}, {'id': 174}, {'id': 175}, {'id': 176}, {'id': 177}, {'id': 178}, {'id': 179}, {'id': 180}, {'id': 181}, {'id': 182}, {'id': 183}, {'id': 184}, {'id': 185}, {'id': 186}, {'id': 187}, {'id': 188}, {'id': 189}, {'id': 190}, {'id': 191}, {'id': 192}, {'id': 193}, {'id': 194}, {'id': 195}, {'id': 196}, {'id': 197}, {'id': 198}, {'id': 199}, {'id': 200}, {'id': 201}, {'id': 202}, {'id': 203}, {'id': 204}, {'id': 205}, {'id': 206}, {'id': 207}, {'id': 208}, {'id': 209}, {'id': 210}, {'id': 211}, {'id': 212}, {'id': 213}, {'id': 214}, {'id': 215}, {'id': 216}, {'id': 217}, {'id': 218}, {'id': 219}, {'id': 220}, {'id': 221}, {'id': 222}, {'id': 223}, {'id': 224}, {'id': 225}, {'id': 226}, {'id': 227}, {'id': 228}, {'id': 229}, {'id': 230}, {'id': 231}, {'id': 232}, {'id': 233}, {'id': 234}, {'id': 235}, {'id': 236}, {'id': 237}, {'id': 238}, {'id': 239}], 'links': [{'source': 2, 'target': 153}, {'source': 2, 'target': 122}, {'source': 3, 'target': 113}, {'source': 4, 'target': 199}, {'source': 6, 'target': 12}, {'source': 7, 'target': 218}, {'source': 8, 'target': 114}, {'source': 8, 'target': 166}, {'source': 9, 'target': 108}, {'source': 10, 'target': 224}, {'source': 10, 'target': 239}, {'source': 13, 'target': 223}, {'source': 16, 'target': 75}, {'source': 17, 'target': 131}, {'source': 17, 'target': 190}, {'source': 18, 'target': 40}, {'source': 19, 'target': 96}, {'source': 20, 'target': 7}, {'source': 22, 'target': 157}, {'source': 23, 'target': 44}, {'source': 24, 'target': 225}, {'source': 24, 'target': 236}, {'source': 25, 'target': 229}, {'source': 26, 'target': 110}, {'source': 26, 'target': 152}, {'source': 27, 'target': 82}, {'source': 27, 'target': 79}, {'source': 30, 'target': 174}, {'source': 30, 'target': 201}, {'source': 30, 'target': 220}, {'source': 31, 'target': 54}, {'source': 33, 'target': 238}, {'source': 36, 'target': 235}, {'source': 37, 'target': 185}, {'source': 38, 'target': 27}, {'source': 43, 'target': 57}, {'source': 43, 'target': 176}, {'source': 44, 'target': 101}, {'source': 46, 'target': 21}, {'source': 46, 'target': 198}, {'source': 49, 'target': 46}, {'source': 49, 'target': 143}, {'source': 50, 'target': 52}, {'source': 51, 'target': 9}, {'source': 52, 'target': 90}, {'source': 52, 'target': 128}, {'source': 52, 'target': 102}, {'source': 52, 'target': 231}, {'source': 52, 'target': 60}, {'source': 53, 'target': 11}, {'source': 54, 'target': 112}, {'source': 55, 'target': 192}, {'source': 56, 'target': 17}, {'source': 60, 'target': 213}, {'source': 60, 'target': 226}, {'source': 60, 'target': 4}, {'source': 63, 'target': 215}, {'source': 63, 'target': 70}, {'source': 64, 'target': 22}, {'source': 65, 'target': 151}, {'source': 67, 'target': 125}, {'source': 69, 'target': 77}, {'source': 70, 'target': 162}, {'source': 70, 'target': 10}, {'source': 71, 'target': 66}, {'source': 71, 'target': 175}, {'source': 73, 'target': 186}, {'source': 74, 'target': 3}, {'source': 74, 'target': 129}, {'source': 74, 'target': 78}, {'source': 75, 'target': 161}, {'source': 76, 'target': 87}, {'source': 76, 'target': 156}, {'source': 76, 'target': 109}, {'source': 76, 'target': 19}, {'source': 78, 'target': 89}, {'source': 78, 'target': 33}, {'source': 78, 'target': 63}, {'source': 79, 'target': 200}, {'source': 80, 'target': 24}, {'source': 83, 'target': 135}, {'source': 83, 'target': 165}, {'source': 83, 'target': 91}, {'source': 85, 'target': 81}, {'source': 85, 'target': 74}, {'source': 87, 'target': 97}, {'source': 89, 'target': 28}, {'source': 89, 'target': 195}, {'source': 91, 'target': 204}, {'source': 92, 'target': 118}, {'source': 92, 'target': 160}, {'source': 93, 'target': 59}, {'source': 93, 'target': 23}, {'source': 93, 'target': 216}, {'source': 93, 'target': 117}, {'source': 94, 'target': 123}, {'source': 94, 'target': 168}, {'source': 94, 'target': 119}, {'source': 94, 'target': 37}, {'source': 96, 'target': 93}, {'source': 97, 'target': 141}, {'source': 98, 'target': 5}, {'source': 98, 'target': 139}, {'source': 99, 'target': 150}, {'source': 100, 'target': 53}, {'source': 101, 'target': 142}, {'source': 102, 'target': 140}, {'source': 103, 'target': 68}, {'source': 103, 'target': 16}, {'source': 103, 'target': 207}, {'source': 105, 'target': 94}, {'source': 107, 'target': 170}, {'source': 108, 'target': 205}, {'source': 108, 'target': 130}, {'source': 109, 'target': 0}, {'source': 109, 'target': 107}, {'source': 110, 'target': 14}, {'source': 112, 'target': 144}, {'source': 114, 'target': 58}, {'source': 114, 'target': 69}, {'source': 115, 'target': 134}, {'source': 116, 'target': 127}, {'source': 116, 'target': 228}, {'source': 116, 'target': 158}, {'source': 117, 'target': 105}, {'source': 117, 'target': 2}, {'source': 118, 'target': 72}, {'source': 119, 'target': 67}, {'source': 119, 'target': 177}, {'source': 121, 'target': 13}, {'source': 122, 'target': 83}, {'source': 124, 'target': 133}, {'source': 129, 'target': 64}, {'source': 129, 'target': 71}, {'source': 129, 'target': 219}, {'source': 130, 'target': 197}, {'source': 130, 'target': 167}, {'source': 130, 'target': 116}, {'source': 132, 'target': 6}, {'source': 133, 'target': 232}, {'source': 133, 'target': 30}, {'source': 134, 'target': 56}, {'source': 138, 'target': 99}, {'source': 138, 'target': 210}, {'source': 138, 'target': 234}, {'source': 139, 'target': 86}, {'source': 139, 'target': 146}, {'source': 140, 'target': 18}, {'source': 140, 'target': 92}, {'source': 141, 'target': 111}, {'source': 142, 'target': 132}, {'source': 143, 'target': 50}, {'source': 144, 'target': 55}, {'source': 144, 'target': 221}, {'source': 146, 'target': 179}, {'source': 148, 'target': 48}, {'source': 148, 'target': 61}, {'source': 148, 'target': 182}, {'source': 148, 'target': 80}, {'source': 152, 'target': 15}, {'source': 152, 'target': 49}, {'source': 155, 'target': 62}, {'source': 155, 'target': 206}, {'source': 156, 'target': 126}, {'source': 156, 'target': 147}, {'source': 158, 'target': 73}, {'source': 160, 'target': 203}, {'source': 163, 'target': 8}, {'source': 163, 'target': 217}, {'source': 166, 'target': 45}, {'source': 166, 'target': 208}, {'source': 167, 'target': 212}, {'source': 169, 'target': 103}, {'source': 169, 'target': 20}, {'source': 170, 'target': 42}, {'source': 171, 'target': 47}, {'source': 172, 'target': 227}, {'source': 172, 'target': 211}, {'source': 173, 'target': 1}, {'source': 173, 'target': 181}, {'source': 178, 'target': 95}, {'source': 179, 'target': 173}, {'source': 179, 'target': 76}, {'source': 180, 'target': 100}, {'source': 180, 'target': 106}, {'source': 180, 'target': 202}, {'source': 181, 'target': 222}, {'source': 182, 'target': 88}, {'source': 184, 'target': 51}, {'source': 186, 'target': 154}, {'source': 186, 'target': 163}, {'source': 186, 'target': 36}, {'source': 187, 'target': 29}, {'source': 187, 'target': 193}, {'source': 192, 'target': 149}, {'source': 192, 'target': 65}, {'source': 192, 'target': 194}, {'source': 194, 'target': 115}, {'source': 195, 'target': 26}, {'source': 196, 'target': 172}, {'source': 198, 'target': 155}, {'source': 199, 'target': 171}, {'source': 199, 'target': 180}, {'source': 199, 'target': 196}, {'source': 200, 'target': 183}, {'source': 201, 'target': 121}, {'source': 201, 'target': 233}, {'source': 202, 'target': 145}, {'source': 203, 'target': 188}, {'source': 204, 'target': 104}, {'source': 204, 'target': 85}, {'source': 208, 'target': 38}, {'source': 210, 'target': 35}, {'source': 211, 'target': 25}, {'source': 215, 'target': 31}, {'source': 216, 'target': 136}, {'source': 217, 'target': 84}, {'source': 219, 'target': 178}, {'source': 219, 'target': 230}, {'source': 219, 'target': 124}, {'source': 219, 'target': 237}, {'source': 220, 'target': 43}, {'source': 220, 'target': 187}, {'source': 220, 'target': 138}, {'source': 221, 'target': 39}, {'source': 221, 'target': 120}, {'source': 221, 'target': 159}, {'source': 222, 'target': 191}, {'source': 223, 'target': 32}, {'source': 223, 'target': 41}, {'source': 223, 'target': 209}, {'source': 223, 'target': 214}, {'source': 228, 'target': 34}, {'source': 229, 'target': 184}, {'source': 237, 'target': 137}, {'source': 238, 'target': 164}, {'source': 238, 'target': 189}, {'source': 238, 'target': 169}, {'source': 238, 'target': 148}]}",50
"{'directed': True, 'multigraph': False, 'graph': {}, 'nodes': [{'id': 0}, {'id': 1}, {'id': 2}, {'id': 3}, {'id': 4}, {'id': 5}, {'id': 6}, {'id': 7}, {'id': 8}, {'id': 9}, {'id': 10}, {'id': 11}, {'id': 12}, {'id': 13}, {'id': 14}, {'id': 15}, {'id': 16}, {'id': 17}, {'id': 18}, {'id': 19}, {'id': 20}, {'id': 21}, {'id': 22}, {'id': 23}, {'id': 24}, {'id': 25}, {'id': 26}, {'id': 27}, {'id': 28}, {'id': 29}, {'id': 30}, {'id': 31}, {'id': 32}, {'id': 33}, {'id': 34}, {'id': 35}, {'id': 36}, {'id': 37}, {'id': 38}, {'id': 39}, {'id': 40}, {'id': 41}, {'id': 42}, {'id': 43}, {'id': 44}, {'id': 45}, {'id': 46}, {'id': 47}, {'id': 48}, {'id': 49}, {'id': 50}, {'id': 51}, {'id': 52}, {'id': 53}, {'id': 54}, {'id': 55}, {'id': 56}, {'id': 57}, {'id': 58}, {'id': 59}, {'id': 60}, {'id': 61}, {'id': 62}, {'id': 63}, {'id': 64}, {'id': 65}, {'id': 66}, {'id': 67}, {'id': 68}, {'id': 69}, {'id': 70}, {'id': 71}, {'id': 72}, {'id': 73}, {'id': 74}, {'id': 75}, {'id': 76}, {'id': 77}, {'id': 78}, {'id': 79}, {'id': 80}, {'id': 81}, {'id': 82}, {'id': 83}, {'id': 84}, {'id': 85}, {'id': 86}, {'id': 87}, {'id': 88}, {'id': 89}, {'id': 90}, {'id': 91}, {'id': 92}, {'id': 93}, {'id': 94}, {'id': 95}, {'id': 96}, {'id': 97}, {'id': 98}, {'id': 99}, {'id': 100}, {'id': 101}, {'id': 102}, {'id': 103}, {'id': 104}, {'id': 105}, {'id': 106}, {'id': 107}, {'id': 108}, {'id': 109}, {'id': 110}, {'id': 111}, {'id': 112}, {'id': 113}, {'id': 114}, {'id': 115}, {'id': 116}, {'id': 117}, {'id': 118}, {'id': 119}, {'id': 120}, {'id': 121}, {'id': 122}, {'id': 123}, {'id': 124}, {'id': 125}, {'id': 126}, {'id': 127}, {'id': 128}, {'id': 129}, {'id': 130}, {'id': 131}, {'id': 132}, {'id': 133}, {'id': 134}, {'id': 135}, {'id': 136}, {'id': 137}, {'id': 138}, {'id': 139}, {'id': 140}, {'id': 141}, {'id': 142}, {'id': 143}, {'id': 144}, {'id': 145}, {'id': 146}, {'id': 147}, {'id': 148}, {'id': 149}, {'id': 150}, {'id': 151}, {'id': 152}, {'id': 153}, {'id': 154}, {'id': 155}, {'id': 156}, {'id': 157}, {'id': 158}, {'id': 159}, {'id': 160}, {'id': 161}, {'id': 162}, {'id': 163}, {'id': 164}, {'id': 165}, {'id': 166}, {'id': 167}, {'id': 168}, {'id': 169}, {'id': 170}, {'id': 171}, {'id': 172}, {'id': 173}, {'id': 174}, {'id': 175}, {'id': 176}, {'id': 177}, {'id': 178}, {'id': 179}, {'id': 180}, {'id': 181}, {'id': 182}, {'id': 183}, {'id': 184}, {'id': 185}, {'id': 186}, {'id': 187}, {'id': 188}, {'id': 189}, {'id': 190}, {'id': 191}, {'id': 192}, {'id': 193}, {'id': 194}, {'id': 195}, {'id': 196}, {'id': 197}, {'id': 198}, {'id': 199}, {'id': 200}, {'id': 201}, {'id': 202}, {'id': 203}, {'id': 204}, {'id': 205}, {'id': 206}, {'id': 207}, {'id': 208}, {'id': 209}, {'id': 210}, {'id': 211}, {'id': 212}, {'id': 213}, {'id': 214}, {'id': 215}, {'id': 216}, {'id': 217}, {'id': 218}, {'id': 219}, {'id': 220}, {'id': 221}, {'id': 222}, {'id': 223}, {'id': 224}, {'id': 225}, {'id': 226}, {'id': 227}, {'id': 228}, {'id': 229}, {'id': 230}, {'id': 231}, {'id': 232}, {'id': 233}, {'id': 234}, {'id': 235}, {'id': 236}, {'id': 237}, {'id': 238}, {'id': 239}], 'links': [{'source': 0, 'target': 168}, {'source': 1, 'target': 99}, {'source': 3, 'target': 226}, {'source': 4, 'target': 120}, {'source': 4, 'target': 28}, {'source': 6, 'target': 61}, {'source': 6, 'target': 237}, {'source': 7, 'target': 24}, {'source': 7, 'target': 142}, {'source': 9, 'target': 187}, {'source': 9, 'target': 182}, {'source': 9, 'target': 233}, {'source': 11, 'target': 174}, {'source': 14, 'target': 204}, {'source': 14, 'target': 21}, {'source': 15, 'target': 227}, {'source': 15, 'target': 85}, {'source': 16, 'target': 167}, {'source': 16, 'target': 22}, {'source': 17, 'target': 232}, {'source': 18, 'target': 75}, {'source': 19, 'target': 17}, {'source': 20, 'target': 228}, {'source': 21, 'target': 95}, {'source': 22, 'target': 141}, {'source': 22, 'target': 15}, {'source': 23, 'target': 159}, {'source': 23, 'target': 190}, {'source': 23, 'target': 121}, {'source': 25, 'target': 155}, {'source': 28, 'target': 9}, {'source': 29, 'target': 32}, {'source': 31, 'target': 183}, {'source': 31, 'target': 18}, {'source': 31, 'target': 71}, {'source': 31, 'target': 229}, {'source': 31, 'target': 181}, {'source': 34, 'target': 56}, {'source': 34, 'target': 81}, {'source': 36, 'target': 133}, {'source': 38, 'target': 36}, {'source': 41, 'target': 151}, {'source': 41, 'target': 78}, {'source': 43, 'target': 55}, {'source': 43, 'target': 109}, {'source': 47, 'target': 218}, {'source': 49, 'target': 40}, {'source': 50, 'target': 57}, {'source': 50, 'target': 96}, {'source': 52, 'target': 63}, {'source': 52, 'target': 11}, {'source': 54, 'target': 91}, {'source': 54, 'target': 112}, {'source': 55, 'target': 140}, {'source': 58, 'target': 147}, {'source': 58, 'target': 136}, {'source': 60, 'target': 97}, {'source': 62, 'target': 42}, {'source': 62, 'target': 200}, {'source': 63, 'target': 37}, {'source': 64, 'target': 149}, {'source': 65, 'target': 144}, {'source': 66, 'target': 88}, {'source': 67, 'target': 73}, {'source': 67, 'target': 206}, {'source': 69, 'target': 139}, {'source': 70, 'target': 72}, {'source': 71, 'target': 39}, {'source': 71, 'target': 217}, {'source': 72, 'target': 166}, {'source': 72, 'target': 213}, {'source': 74, 'target': 207}, {'source': 75, 'target': 195}, {'source': 75, 'target': 199}, {'source': 76, 'target': 25}, {'source': 77, 'target': 94}, {'source': 77, 'target': 98}, {'source': 77, 'target': 235}, {'source': 78, 'target': 92}, {'source': 78, 'target': 116}, {'source': 78, 'target': 175}, {'source': 78, 'target': 93}, {'source': 78, 'target': 132}, {'source': 79, 'target': 5}, {'source': 79, 'target': 69}, {'source': 80, 'target': 231}, {'source': 81, 'target': 51}, {'source': 83, 'target': 82}, {'source': 84, 'target': 179}, {'source': 84, 'target': 67}, {'source': 85, 'target': 14}, {'source': 87, 'target': 203}, {'source': 87, 'target': 113}, {'source': 90, 'target': 154}, {'source': 93, 'target': 29}, {'source': 93, 'target': 59}, {'source': 93, 'target': 127}, {'source': 93, 'target': 1}, {'source': 95, 'target': 34}, {'source': 95, 'target': 103}, {'source': 95, 'target': 160}, {'source': 95, 'target': 77}, {'source': 95, 'target': 173}, {'source': 96, 'target': 100}, {'source': 96, 'target': 145}, {'source': 96, 'target': 230}, {'source': 97, 'target': 44}, {'source': 97, 'target': 105}, {'source': 99, 'target': 192}, {'source': 103, 'target': 27}, {'source': 103, 'target': 64}, {'source': 109, 'target': 86}, {'source': 109, 'target': 115}, {'source': 109, 'target': 215}, {'source': 109, 'target': 225}, {'source': 113, 'target': 165}, {'source': 114, 'target': 137}, {'source': 114, 'target': 79}, {'source': 114, 'target': 50}, {'source': 117, 'target': 209}, {'source': 118, 'target': 90}, {'source': 119, 'target': 134}, {'source': 119, 'target': 238}, {'source': 120, 'target': 89}, {'source': 121, 'target': 135}, {'source': 122, 'target': 7}, {'source': 122, 'target': 196}, {'source': 122, 'target': 16}, {'source': 124, 'target': 212}, {'source': 125, 'target': 122}, {'source': 126, 'target': 10}, {'source': 126, 'target': 31}, {'source': 127, 'target': 104}, {'source': 129, 'target': 205}, {'source': 131, 'target': 216}, {'source': 132, 'target': 30}, {'source': 132, 'target': 221}, {'source': 132, 'target': 185}, {'source': 134, 'target': 153}, {'source': 135, 'target': 239}, {'source': 136, 'target': 220}, {'source': 138, 'target': 101}, {'source': 138, 'target': 208}, {'source': 139, 'target': 189}, {'source': 140, 'target': 48}, {'source': 141, 'target': 87}, {'source': 142, 'target': 60}, {'source': 147, 'target': 180}, {'source': 148, 'target': 178}, {'source': 148, 'target': 131}, {'source': 150, 'target': 102}, {'source': 150, 'target': 188}, {'source': 150, 'target': 223}, {'source': 151, 'target': 35}, {'source': 153, 'target': 70}, {'source': 157, 'target': 177}, {'source': 158, 'target': 46}, {'source': 159, 'target': 152}, {'source': 160, 'target': 26}, {'source': 161, 'target': 13}, {'source': 163, 'target': 45}, {'source': 163, 'target': 66}, {'source': 164, 'target': 143}, {'source': 164, 'target': 157}, {'source': 164, 'target': 172}, {'source': 164, 'target': 19}, {'source': 165, 'target': 148}, {'source': 165, 'target': 234}, {'source': 168, 'target': 222}, {'source': 168, 'target': 114}, {'source': 168, 'target': 125}, {'source': 169, 'target': 111}, {'source': 170, 'target': 162}, {'source': 170, 'target': 6}, {'source': 171, 'target': 49}, {'source': 171, 'target': 68}, {'source': 171, 'target': 62}, {'source': 172, 'target': 8}, {'source': 172, 'target': 176}, {'source': 173, 'target': 171}, {'source': 173, 'target': 119}, {'source': 173, 'target': 184}, {'source': 176, 'target': 150}, {'source': 181, 'target': 117}, {'source': 181, 'target': 23}, {'source': 182, 'target': 138}, {'source': 184, 'target': 47}, {'source': 184, 'target': 236}, {'source': 185, 'target': 224}, {'source': 186, 'target': 65}, {'source': 186, 'target': 41}, {'source': 188, 'target': 52}, {'source': 189, 'target': 2}, {'source': 190, 'target': 219}, {'source': 191, 'target': 107}, {'source': 191, 'target': 126}, {'source': 192, 'target': 53}, {'source': 194, 'target': 156}, {'source': 195, 'target': 123}, {'source': 197, 'target': 158}, {'source': 198, 'target': 214}, {'source': 199, 'target': 54}, {'source': 200, 'target': 161}, {'source': 200, 'target': 201}, {'source': 201, 'target': 83}, {'source': 201, 'target': 186}, {'source': 202, 'target': 108}, {'source': 202, 'target': 146}, {'source': 202, 'target': 193}, {'source': 208, 'target': 106}, {'source': 208, 'target': 164}, {'source': 209, 'target': 129}, {'source': 211, 'target': 163}, {'source': 215, 'target': 76}, {'source': 217, 'target': 43}, {'source': 218, 'target': 38}, {'source': 218, 'target': 169}, {'source': 218, 'target': 74}, {'source': 218, 'target': 3}, {'source': 221, 'target': 12}, {'source': 222, 'target': 118}, {'source': 223, 'target': 130}, {'source': 223, 'target': 210}, {'source': 224, 'target': 198}, {'source': 228, 'target': 110}, {'source': 230, 'target': 197}, {'source': 230, 'target': 4}, {'source': 231, 'target': 194}, {'source': 232, 'target': 33}, {'source': 233, 'target': 84}, {'source': 233, 'target': 20}, {'source': 235, 'target': 128}, {'source': 235, 'target': 202}, {'source': 235, 'target': 80}, {'source': 236, 'target': 211}, {'source': 236, 'target': 170}, {'source': 236, 'target': 191}, {'source': 238, 'target': 124}, {'source': 238, 'target': 58}]}",50
"{'directed': True, 'multigraph': False, 'graph': {}, 'nodes': [{'id': 0}, {'id': 1}, {'id': 2}, {'id': 3}, {'id': 4}, {'id': 5}, {'id': 6}, {'id': 7}, {'id': 8}, {'id': 9}, {'id': 10}, {'id': 11}, {'id': 12}, {'id': 13}, {'id': 14}, {'id': 15}, {'id': 16}, {'id': 17}, {'id': 18}, {'id': 19}, {'id': 20}, {'id': 21}, {'id': 22}, {'id': 23}, {'id': 24}, {'id': 25}, {'id': 26}, {'id': 27}, {'id': 28}, {'id': 29}, {'id': 30}, {'id': 31}, {'id': 32}, {'id': 33}, {'id': 34}, {'id': 35}, {'id': 36}, {'id': 37}, {'id': 38}, {'id': 39}, {'id': 40}, {'id': 41}, {'id': 42}, {'id': 43}, {'id': 44}, {'id': 45}, {'id': 46}, {'id': 47}, {'id': 48}, {'id': 49}, {'id': 50}, {'id': 51}, {'id': 52}, {'id': 53}, {'id': 54}, {'id': 55}, {'id': 56}, {'id': 57}, {'id': 58}, {'id': 59}, {'id': 60}, {'id': 61}, {'id': 62}, {'id': 63}, {'id': 64}, {'id': 65}, {'id': 66}, {'id': 67}, {'id': 68}, {'id': 69}, {'id': 70}, {'id': 71}, {'id': 72}, {'id': 73}, {'id': 74}, {'id': 75}, {'id': 76}, {'id': 77}, {'id': 78}, {'id': 79}, {'id': 80}, {'id': 81}, {'id': 82}, {'id': 83}, {'id': 84}, {'id': 85}, {'id': 86}, {'id': 87}, {'id': 88}, {'id': 89}, {'id': 90}, {'id': 91}, {'id': 92}, {'id': 93}, {'id': 94}, {'id': 95}, {'id': 96}, {'id': 97}, {'id': 98}, {'id': 99}, {'id': 100}, {'id': 101}, {'id': 102}, {'id': 103}, {'id': 104}, {'id': 105}, {'id': 106}, {'id': 107}, {'id': 108}, {'id': 109}, {'id': 110}, {'id': 111}, {'id': 112}, {'id': 113}, {'id': 114}, {'id': 115}, {'id': 116}, {'id': 117}, {'id': 118}, {'id': 119}, {'id': 120}, {'id': 121}, {'id': 122}, {'id': 123}, {'id': 124}, {'id': 125}, {'id': 126}, {'id': 127}, {'id': 128}, {'id': 129}, {'id': 130}, {'id': 131}, {'id': 132}, {'id': 133}, {'id': 134}, {'id': 135}, {'id': 136}, {'id': 137}, {'id': 138}, {'id': 139}, {'id': 140}, {'id': 141}, {'id': 142}, {'id': 143}, {'id': 144}, {'id': 145}, {'id': 146}, {'id': 147}, {'id': 148}, {'id': 149}, {'id': 150}, {'id': 151}, {'id': 152}, {'id': 153}, {'id': 154}, {'id': 155}, {'id': 156}, {'id': 157}, {'id': 158}, {'id': 159}, {'id': 160}, {'id': 161}, {'id': 162}, {'id': 163}, {'id': 164}, {'id': 165}, {'id': 166}, {'id': 167}, {'id': 168}, {'id': 169}, {'id': 170}, {'id': 171}, {'id': 172}, {'id': 173}, {'id': 174}, {'id': 175}, {'id': 176}, {'id': 177}, {'id': 178}, {'id': 179}, {'id': 180}, {'id': 181}, {'id': 182}, {'id': 183}, {'id': 184}, {'id': 185}, {'id': 186}, {'id': 187}, {'id': 188}, {'id': 189}, {'id': 190}, {'id': 191}, {'id': 192}, {'id': 193}, {'id': 194}, {'id': 195}, {'id': 196}, {'id': 197}, {'id': 198}, {'id': 199}, {'id': 200}, {'id': 201}, {'id': 202}, {'id': 203}, {'id': 204}, {'id': 205}, {'id': 206}, {'id': 207}, {'id': 208}, {'id': 209}, {'id': 210}, {'id': 211}, {'id': 212}, {'id': 213}, {'id': 214}, {'id': 215}, {'id': 216}, {'id': 217}, {'id': 218}, {'id': 219}, {'id': 220}, {'id': 221}, {'id': 222}, {'id': 223}, {'id': 224}, {'id': 225}, {'id': 226}, {'id': 227}, {'id': 228}, {'id': 229}, {'id': 230}, {'id': 231}, {'id': 232}, {'id': 233}, {'id': 234}, {'id': 235}, {'id': 236}, {'id': 237}, {'id': 238}, {'id': 239}], 'links': [{'source': 1, 'target': 52}, {'source': 2, 'target': 188}, {'source': 3, 'target': 94}, {'source': 7, 'target': 119}, {'source': 9, 'target': 11}, {'source': 9, 'target': 231}, {'source': 10, 'target': 169}, {'source': 12, 'target': 183}, {'source': 13, 'target': 47}, {'source': 14, 'target': 132}, {'source': 14, 'target': 131}, {'source': 17, 'target': 81}, {'source': 17, 'target': 176}, {'source': 18, 'target': 124}, {'source': 22, 'target': 31}, {'source': 22, 'target': 238}, {'source': 23, 'target': 48}, {'source': 24, 'target': 107}, {'source': 24, 'target': 230}, {'source': 25, 'target': 44}, {'source': 25, 'target': 23}, {'source': 26, 'target': 108}, {'source': 28, 'target': 192}, {'source': 28, 'target': 139}, {'source': 30, 'target': 111}, {'source': 31, 'target': 96}, {'source': 34, 'target': 175}, {'source': 36, 'target': 40}, {'source': 36, 'target': 66}, {'source': 37, 'target': 13}, {'source': 39, 'target': 51}, {'source': 39, 'target': 129}, {'source': 39, 'target': 193}, {'source': 39, 'target': 102}, {'source': 41, 'target': 67}, {'source': 41, 'target': 45}, {'source': 42, 'target': 6}, {'source': 43, 'target': 128}, {'source': 43, 'target': 202}, {'source': 43, 'target': 207}, {'source': 45, 'target': 85}, {'source': 45, 'target': 214}, {'source': 47, 'target': 41}, {'source': 48, 'target': 218}, {'source': 50, 'target': 212}, {'source': 52, 'target': 153}, {'source': 54, 'target': 222}, {'source': 55, 'target': 105}, {'source': 57, 'target': 189}, {'source': 59, 'target': 215}, {'source': 62, 'target': 208}, {'source': 63, 'target': 100}, {'source': 66, 'target': 74}, {'source': 66, 'target': 30}, {'source': 67, 'target': 21}, {'source': 68, 'target': 1}, {'source': 69, 'target': 91}, {'source': 70, 'target': 232}, {'source': 72, 'target': 184}, {'source': 72, 'target': 24}, {'source': 75, 'target': 174}, {'source': 75, 'target': 101}, {'source': 76, 'target': 32}, {'source': 77, 'target': 93}, {'source': 78, 'target': 77}, {'source': 78, 'target': 167}, {'source': 80, 'target': 171}, {'source': 81, 'target': 55}, {'source': 82, 'target': 229}, {'source': 83, 'target': 120}, {'source': 83, 'target': 18}, {'source': 83, 'target': 217}, {'source': 83, 'target': 233}, {'source': 83, 'target': 226}, {'source': 84, 'target': 98}, {'source': 86, 'target': 147}, {'source': 86, 'target': 166}, {'source': 87, 'target': 197}, {'source': 87, 'target': 216}, {'source': 89, 'target': 150}, {'source': 89, 'target': 7}, {'source': 91, 'target': 61}, {'source': 91, 'target': 65}, {'source': 91, 'target': 227}, {'source': 96, 'target': 213}, {'source': 96, 'target': 123}, {'source': 97, 'target': 86}, {'source': 97, 'target': 161}, {'source': 97, 'target': 22}, {'source': 97, 'target': 28}, {'source': 98, 'target': 12}, {'source': 99, 'target': 4}, {'source': 100, 'target': 138}, {'source': 101, 'target': 106}, {'source': 102, 'target': 187}, {'source': 102, 'target': 25}, {'source': 102, 'target': 220}, {'source': 106, 'target': 201}, {'source': 107, 'target': 53}, {'source': 107, 'target': 82}, {'source': 108, 'target': 237}, {'source': 110, 'target': 79}, {'source': 110, 'target': 117}, {'source': 111, 'target': 56}, {'source': 112, 'target': 200}, {'source': 112, 'target': 223}, {'source': 114, 'target': 130}, {'source': 114, 'target': 136}, {'source': 114, 'target': 211}, {'source': 117, 'target': 122}, {'source': 117, 'target': 224}, {'source': 119, 'target': 210}, {'source': 121, 'target': 178}, {'source': 121, 'target': 2}, {'source': 121, 'target': 239}, {'source': 123, 'target': 141}, {'source': 124, 'target': 143}, {'source': 125, 'target': 127}, {'source': 125, 'target': 152}, {'source': 127, 'target': 154}, {'source': 130, 'target': 90}, {'source': 130, 'target': 144}, {'source': 131, 'target': 19}, {'source': 131, 'target': 115}, {'source': 131, 'target': 158}, {'source': 131, 'target': 140}, {'source': 132, 'target': 155}, {'source': 132, 'target': 185}, {'source': 133, 'target': 137}, {'source': 133, 'target': 173}, {'source': 135, 'target': 172}, {'source': 135, 'target': 87}, {'source': 136, 'target': 43}, {'source': 138, 'target': 37}, {'source': 139, 'target': 16}, {'source': 139, 'target': 228}, {'source': 139, 'target': 206}, {'source': 140, 'target': 95}, {'source': 140, 'target': 225}, {'source': 141, 'target': 75}, {'source': 141, 'target': 145}, {'source': 142, 'target': 29}, {'source': 142, 'target': 110}, {'source': 142, 'target': 14}, {'source': 144, 'target': 49}, {'source': 145, 'target': 42}, {'source': 145, 'target': 71}, {'source': 145, 'target': 83}, {'source': 145, 'target': 219}, {'source': 148, 'target': 126}, {'source': 149, 'target': 92}, {'source': 152, 'target': 142}, {'source': 153, 'target': 20}, {'source': 156, 'target': 46}, {'source': 156, 'target': 194}, {'source': 159, 'target': 62}, {'source': 159, 'target': 54}, {'source': 160, 'target': 209}, {'source': 161, 'target': 36}, {'source': 161, 'target': 199}, {'source': 164, 'target': 118}, {'source': 164, 'target': 168}, {'source': 165, 'target': 57}, {'source': 166, 'target': 149}, {'source': 166, 'target': 162}, {'source': 167, 'target': 146}, {'source': 167, 'target': 9}, {'source': 167, 'target': 26}, {'source': 168, 'target': 27}, {'source': 168, 'target': 148}, {'source': 169, 'target': 5}, {'source': 170, 'target': 34}, {'source': 170, 'target': 159}, {'source': 172, 'target': 0}, {'source': 172, 'target': 134}, {'source': 172, 'target': 164}, {'source': 172, 'target': 191}, {'source': 176, 'target': 89}, {'source': 178, 'target': 73}, {'source': 178, 'target': 205}, {'source': 179, 'target': 35}, {'source': 179, 'target': 60}, {'source': 180, 'target': 72}, {'source': 181, 'target': 64}, {'source': 182, 'target': 235}, {'source': 186, 'target': 78}, {'source': 187, 'target': 157}, {'source': 188, 'target': 33}, {'source': 188, 'target': 182}, {'source': 189, 'target': 10}, {'source': 189, 'target': 196}, {'source': 189, 'target': 50}, {'source': 189, 'target': 180}, {'source': 191, 'target': 15}, {'source': 191, 'target': 84}, {'source': 191, 'target': 114}, {'source': 191, 'target': 156}, {'source': 194, 'target': 170}, {'source': 195, 'target': 58}, {'source': 196, 'target': 163}, {'source': 199, 'target': 17}, {'source': 200, 'target': 59}, {'source': 201, 'target': 179}, {'source': 202, 'target': 3}, {'source': 203, 'target': 121}, {'source': 206, 'target': 177}, {'source': 206, 'target': 221}, {'source': 207, 'target': 103}, {'source': 208, 'target': 190}, {'source': 209, 'target': 99}, {'source': 210, 'target': 165}, {'source': 212, 'target': 39}, {'source': 214, 'target': 125}, {'source': 215, 'target': 104}, {'source': 215, 'target': 135}, {'source': 216, 'target': 151}, {'source': 216, 'target': 160}, {'source': 216, 'target': 63}, {'source': 218, 'target': 133}, {'source': 219, 'target': 68}, {'source': 219, 'target': 236}, {'source': 221, 'target': 204}, {'source': 221, 'target': 112}, {'source': 221, 'target': 203}, {'source': 223, 'target': 181}, {'source': 223, 'target': 69}, {'source': 226, 'target': 70}, {'source': 227, 'target': 116}, {'source': 227, 'target': 198}, {'source': 228, 'target': 80}, {'source': 231, 'target': 195}, {'source': 232, 'target': 234}, {'source': 233, 'target': 109}, {'source': 234, 'target': 76}, {'source': 234, 'target': 88}, {'source': 236, 'target': 186}, {'source': 237, 'target': 38}, {'source': 238, 'target': 8}, {'source': 238, 'target': 113}]}",100
"{'directed': True, 'multigraph': False, 'graph': {}, 'nodes': [{'id': 0}, {'id': 1}, {'id': 2}, {'id': 3}, {'id': 4}, {'id': 5}, {'id': 6}, {'id': 7}, {'id': 8}, {'id': 9}, {'id': 10}, {'id': 11}, {'id': 12}, {'id': 13}, {'id': 14}, {'id': 15}, {'id': 16}, {'id': 17}, {'id': 18}, {'id': 19}, {'id': 20}, {'id': 21}, {'id': 22}, {'id': 23}, {'id': 24}, {'id': 25}, {'id': 26}, {'id': 27}, {'id': 28}, {'id': 29}, {'id': 30}, {'id': 31}, {'id': 32}, {'id': 33}, {'id': 34}, {'id': 35}, {'id': 36}, {'id': 37}, {'id': 38}, {'id': 39}, {'id': 40}, {'id': 41}, {'id': 42}, {'id': 43}, {'id': 44}, {'id': 45}, {'id': 46}, {'id': 47}, {'id': 48}, {'id': 49}, {'id': 50}, {'id': 51}, {'id': 52}, {'id': 53}, {'id': 54}, {'id': 55}, {'id': 56}, {'id': 57}, {'id': 58}, {'id': 59}, {'id': 60}, {'id': 61}, {'id': 62}, {'id': 63}, {'id': 64}, {'id': 65}, {'id': 66}, {'id': 67}, {'id': 68}, {'id': 69}, {'id': 70}, {'id': 71}, {'id': 72}, {'id': 73}, {'id': 74}, {'id': 75}, {'id': 76}, {'id': 77}, {'id': 78}, {'id': 79}, {'id': 80}, {'id': 81}, {'id': 82}, {'id': 83}, {'id': 84}, {'id': 85}, {'id': 86}, {'id': 87}, {'id': 88}, {'id': 89}, {'id': 90}, {'id': 91}, {'id': 92}, {'id': 93}, {'id': 94}, {'id': 95}, {'id': 96}, {'id': 97}, {'id': 98}, {'id': 99}, {'id': 100}, {'id': 101}, {'id': 102}, {'id': 103}, {'id': 104}, {'id': 105}, {'id': 106}, {'id': 107}, {'id': 108}, {'id': 109}, {'id': 110}, {'id': 111}, {'id': 112}, {'id': 113}, {'id': 114}, {'id': 115}, {'id': 116}, {'id': 117}, {'id': 118}, {'id': 119}, {'id': 120}, {'id': 121}, {'id': 122}, {'id': 123}, {'id': 124}, {'id': 125}, {'id': 126}, {'id': 127}, {'id': 128}, {'id': 129}, {'id': 130}, {'id': 131}, {'id': 132}, {'id': 133}, {'id': 134}, {'id': 135}, {'id': 136}, {'id': 137}, {'id': 138}, {'id': 139}, {'id': 140}, {'id': 141}, {'id': 142}, {'id': 143}, {'id': 144}, {'id': 145}, {'id': 146}, {'id': 147}, {'id': 148}, {'id': 149}, {'id': 150}, {'id': 151}, {'id': 152}, {'id': 153}, {'id': 154}, {'id': 155}, {'id': 156}, {'id': 157}, {'id': 158}, {'id': 159}, {'id': 160}, {'id': 161}, {'id': 162}, {'id': 163}, {'id': 164}, {'id': 165}, {'id': 166}, {'id': 167}, {'id': 168}, {'id': 169}, {'id': 170}, {'id': 171}, {'id': 172}, {'id': 173}, {'id': 174}, {'id': 175}, {'id': 176}, {'id': 177}, {'id': 178}, {'id': 179}, {'id': 180}, {'id': 181}, {'id': 182}, {'id': 183}, {'id': 184}, {'id': 185}, {'id': 186}, {'id': 187}, {'id': 188}, {'id': 189}, {'id': 190}, {'id': 191}, {'id': 192}, {'id': 193}, {'id': 194}, {'id': 195}, {'id': 196}, {'id': 197}, {'id': 198}, {'id': 199}, {'id': 200}, {'id': 201}, {'id': 202}, {'id': 203}, {'id': 204}, {'id': 205}, {'id': 206}, {'id': 207}, {'id': 208}, {'id': 209}, {'id': 210}, {'id': 211}, {'id': 212}, {'id': 213}, {'id': 214}, {'id': 215}, {'id': 216}, {'id': 217}, {'id': 218}, {'id': 219}, {'id': 220}, {'id': 221}, {'id': 222}, {'id': 223}, {'id': 224}, {'id': 225}, {'id': 226}, {'id': 227}, {'id': 228}, {'id': 229}, {'id': 230}, {'id': 231}, {'id': 232}, {'id': 233}, {'id': 234}, {'id': 235}, {'id': 236}, {'id': 237}, {'id': 238}, {'id': 239}], 'links': [{'source': 0, 'target': 1}, {'source': 0, 'target': 227}, {'source': 1, 'target': 103}, {'source': 3, 'target': 7}, {'source': 3, 'target': 39}, {'source': 5, 'target': 8}, {'source': 7, 'target': 159}, {'source': 7, 'target': 49}, {'source': 8, 'target': 44}, {'source': 8, 'target': 168}, {'source': 10, 'target': 46}, {'source': 10, 'target': 182}, {'source': 12, 'target': 110}, {'source': 13, 'target': 163}, {'source': 13, 'target': 160}, {'source': 15, 'target': 38}, {'source': 15, 'target': 88}, {'source': 15, 'target': 225}, {'source': 16, 'target': 22}, {'source': 16, 'target': 53}, {'source': 16, 'target': 204}, {'source': 20, 'target': 96}, {'source': 21, 'target': 184}, {'source': 21, 'target': 219}, {'source': 23, 'target': 151}, {'source': 23, 'target': 164}, {'source': 26, 'target': 101}, {'source': 27, 'target': 100}, {'source': 28, 'target': 154}, {'source': 29, 'target': 124}, {'source': 30, 'target': 113}, {'source': 30, 'target': 42}, {'source': 30, 'target': 153}, {'source': 30, 'target': 13}, {'source': 31, 'target': 56}, {'source': 31, 'target': 28}, {'source': 32, 'target': 206}, {'source': 33, 'target': 130}, {'source': 33, 'target': 186}, {'source': 39, 'target': 48}, {'source': 39, 'target': 95}, {'source': 41, 'target': 31}, {'source': 42, 'target': 70}, {'source': 42, 'target': 175}, {'source': 43, 'target': 125}, {'source': 43, 'target': 74}, {'source': 44, 'target': 69}, {'source': 46, 'target': 34}, {'source': 47, 'target': 33}, {'source': 48, 'target': 133}, {'source': 48, 'target': 102}, {'source': 48, 'target': 111}, {'source': 49, 'target': 228}, {'source': 49, 'target': 217}, {'source': 50, 'target': 230}, {'source': 51, 'target': 85}, {'source': 53, 'target': 120}, {'source': 53, 'target': 148}, {'source': 53, 'target': 202}, {'source': 54, 'target': 72}, {'source': 54, 'target': 82}, {'source': 55, 'target': 10}, {'source': 56, 'target': 137}, {'source': 58, 'target': 157}, {'source': 63, 'target': 57}, {'source': 63, 'target': 142}, {'source': 63, 'target': 200}, {'source': 63, 'target': 239}, {'source': 64, 'target': 67}, {'source': 64, 'target': 143}, {'source': 65, 'target': 187}, {'source': 68, 'target': 54}, {'source': 69, 'target': 105}, {'source': 71, 'target': 60}, {'source': 71, 'target': 90}, {'source': 71, 'target': 92}, {'source': 72, 'target': 64}, {'source': 72, 'target': 214}, {'source': 74, 'target': 97}, {'source': 75, 'target': 36}, {'source': 76, 'target': 234}, {'source': 77, 'target': 18}, {'source': 78, 'target': 235}, {'source': 79, 'target': 145}, {'source': 80, 'target': 147}, {'source': 80, 'target': 171}, {'source': 81, 'target': 59}, {'source': 81, 'target': 129}, {'source': 81, 'target': 176}, {'source': 81, 'target': 98}, {'source': 82, 'target': 201}, {'source': 86, 'target': 116}, {'source': 86, 'target': 188}, {'source': 88, 'target': 223}, {'source': 89, 'target': 191}, {'source': 89, 'target': 135}, {'source': 91, 'target': 180}, {'source': 92, 'target': 30}, {'source': 95, 'target': 43}, {'source': 96, 'target': 77}, {'source': 96, 'target': 165}, {'source': 96, 'target': 189}, {'source': 97, 'target': 196}, {'source': 98, 'target': 0}, {'source': 98, 'target': 152}, {'source': 102, 'target': 170}, {'source': 103, 'target': 41}, {'source': 104, 'target': 211}, {'source': 105, 'target': 169}, {'source': 107, 'target': 134}, {'source': 107, 'target': 155}, {'source': 108, 'target': 4}, {'source': 110, 'target': 131}, {'source': 111, 'target': 5}, {'source': 111, 'target': 123}, {'source': 112, 'target': 66}, {'source': 115, 'target': 108}, {'source': 115, 'target': 112}, {'source': 115, 'target': 167}, {'source': 118, 'target': 35}, {'source': 118, 'target': 40}, {'source': 118, 'target': 78}, {'source': 119, 'target': 224}, {'source': 119, 'target': 197}, {'source': 119, 'target': 76}, {'source': 122, 'target': 19}, {'source': 122, 'target': 127}, {'source': 122, 'target': 190}, {'source': 123, 'target': 149}, {'source': 123, 'target': 179}, {'source': 123, 'target': 32}, {'source': 123, 'target': 237}, {'source': 129, 'target': 6}, {'source': 131, 'target': 29}, {'source': 133, 'target': 83}, {'source': 134, 'target': 93}, {'source': 135, 'target': 161}, {'source': 135, 'target': 215}, {'source': 139, 'target': 128}, {'source': 139, 'target': 231}, {'source': 140, 'target': 232}, {'source': 140, 'target': 119}, {'source': 141, 'target': 109}, {'source': 142, 'target': 62}, {'source': 142, 'target': 94}, {'source': 144, 'target': 24}, {'source': 144, 'target': 199}, {'source': 147, 'target': 194}, {'source': 148, 'target': 37}, {'source': 150, 'target': 2}, {'source': 150, 'target': 107}, {'source': 150, 'target': 144}, {'source': 150, 'target': 80}, {'source': 152, 'target': 210}, {'source': 153, 'target': 207}, {'source': 156, 'target': 73}, {'source': 156, 'target': 58}, {'source': 156, 'target': 222}, {'source': 157, 'target': 132}, {'source': 158, 'target': 20}, {'source': 158, 'target': 208}, {'source': 159, 'target': 126}, {'source': 160, 'target': 84}, {'source': 160, 'target': 104}, {'source': 160, 'target': 21}, {'source': 161, 'target': 193}, {'source': 162, 'target': 27}, {'source': 162, 'target': 136}, {'source': 166, 'target': 3}, {'source': 168, 'target': 81}, {'source': 169, 'target': 11}, {'source': 169, 'target': 141}, {'source': 170, 'target': 79}, {'source': 170, 'target': 71}, {'source': 171, 'target': 166}, {'source': 172, 'target': 205}, {'source': 173, 'target': 195}, {'source': 175, 'target': 51}, {'source': 177, 'target': 209}, {'source': 178, 'target': 91}, {'source': 178, 'target': 213}, {'source': 179, 'target': 47}, {'source': 179, 'target': 172}, {'source': 180, 'target': 198}, {'source': 182, 'target': 174}, {'source': 187, 'target': 89}, {'source': 188, 'target': 17}, {'source': 188, 'target': 229}, {'source': 189, 'target': 156}, {'source': 190, 'target': 106}, {'source': 190, 'target': 233}, {'source': 191, 'target': 87}, {'source': 195, 'target': 68}, {'source': 196, 'target': 218}, {'source': 196, 'target': 220}, {'source': 197, 'target': 238}, {'source': 201, 'target': 14}, {'source': 201, 'target': 139}, {'source': 202, 'target': 25}, {'source': 204, 'target': 114}, {'source': 204, 'target': 122}, {'source': 205, 'target': 26}, {'source': 206, 'target': 9}, {'source': 206, 'target': 61}, {'source': 206, 'target': 99}, {'source': 206, 'target': 177}, {'source': 207, 'target': 146}, {'source': 208, 'target': 23}, {'source': 208, 'target': 118}, {'source': 209, 'target': 52}, {'source': 209, 'target': 138}, {'source': 210, 'target': 162}, {'source': 210, 'target': 86}, {'source': 216, 'target': 226}, {'source': 217, 'target': 236}, {'source': 218, 'target': 121}, {'source': 219, 'target': 212}, {'source': 220, 'target': 185}, {'source': 220, 'target': 16}, {'source': 220, 'target': 221}, {'source': 221, 'target': 12}, {'source': 221, 'target': 63}, {'source': 224, 'target': 115}, {'source': 224, 'target': 173}, {'source': 226, 'target': 158}, {'source': 226, 'target': 150}, {'source': 227, 'target': 45}, {'source': 229, 'target': 15}, {'source': 229, 'target': 50}, {'source': 231, 'target': 203}, {'source': 234, 'target': 216}, {'source': 235, 'target': 75}, {'source': 235, 'target': 181}, {'source': 235, 'target': 55}, {'source': 235, 'target': 65}, {'source': 237, 'target': 183}, {'source': 237, 'target': 192}, {'source': 238, 'target': 178}, {'source': 239, 'target': 117}]}",100
"{'directed': True, 'multigraph': False, 'graph': {}, 'nodes': [{'id': 0}, {'id': 1}, {'id': 2}, {'id': 3}, {'id': 4}, {'id': 5}, {'id': 6}, {'id': 7}, {'id': 8}, {'id': 9}, {'id': 10}, {'id': 11}, {'id': 12}, {'id': 13}, {'id': 14}, {'id': 15}, {'id': 16}, {'id': 17}, {'id': 18}, {'id': 19}, {'id': 20}, {'id': 21}, {'id': 22}, {'id': 23}, {'id': 24}, {'id': 25}, {'id': 26}, {'id': 27}, {'id': 28}, {'id': 29}, {'id': 30}, {'id': 31}, {'id': 32}, {'id': 33}, {'id': 34}, {'id': 35}, {'id': 36}, {'id': 37}, {'id': 38}, {'id': 39}, {'id': 40}, {'id': 41}, {'id': 42}, {'id': 43}, {'id': 44}, {'id': 45}, {'id': 46}, {'id': 47}, {'id': 48}, {'id': 49}, {'id': 50}, {'id': 51}, {'id': 52}, {'id': 53}, {'id': 54}, {'id': 55}, {'id': 56}, {'id': 57}, {'id': 58}, {'id': 59}, {'id': 60}, {'id': 61}, {'id': 62}, {'id': 63}, {'id': 64}, {'id': 65}, {'id': 66}, {'id': 67}, {'id': 68}, {'id': 69}, {'id': 70}, {'id': 71}, {'id': 72}, {'id': 73}, {'id': 74}, {'id': 75}, {'id': 76}, {'id': 77}, {'id': 78}, {'id': 79}, {'id': 80}, {'id': 81}, {'id': 82}, {'id': 83}, {'id': 84}, {'id': 85}, {'id': 86}, {'id': 87}, {'id': 88}, {'id': 89}, {'id': 90}, {'id': 91}, {'id': 92}, {'id': 93}, {'id': 94}, {'id': 95}, {'id': 96}, {'id': 97}, {'id': 98}, {'id': 99}, {'id': 100}, {'id': 101}, {'id': 102}, {'id': 103}, {'id': 104}, {'id': 105}, {'id': 106}, {'id': 107}, {'id': 108}, {'id': 109}, {'id': 110}, {'id': 111}, {'id': 112}, {'id': 113}, {'id': 114}, {'id': 115}, {'id': 116}, {'id': 117}, {'id': 118}, {'id': 119}, {'id': 120}, {'id': 121}, {'id': 122}, {'id': 123}, {'id': 124}, {'id': 125}, {'id': 126}, {'id': 127}, {'id': 128}, {'id': 129}, {'id': 130}, {'id': 131}, {'id': 132}, {'id': 133}, {'id': 134}, {'id': 135}, {'id': 136}, {'id': 137}, {'id': 138}, {'id': 139}, {'id': 140}, {'id': 141}, {'id': 142}, {'id': 143}, {'id': 144}, {'id': 145}, {'id': 146}, {'id': 147}, {'id': 148}, {'id': 149}, {'id': 150}, {'id': 151}, {'id': 152}, {'id': 153}, {'id': 154}, {'id': 155}, {'id': 156}, {'id': 157}, {'id': 158}, {'id': 159}, {'id': 160}, {'id': 161}, {'id': 162}, {'id': 163}, {'id': 164}, {'id': 165}, {'id': 166}, {'id': 167}, {'id': 168}, {'id': 169}, {'id': 170}, {'id': 171}, {'id': 172}, {'id': 173}, {'id': 174}, {'id': 175}, {'id': 176}, {'id': 177}, {'id': 178}, {'id': 179}, {'id': 180}, {'id': 181}, {'id': 182}, {'id': 183}, {'id': 184}, {'id': 185}, {'id': 186}, {'id': 187}, {'id': 188}, {'id': 189}, {'id': 190}, {'id': 191}, {'id': 192}, {'id': 193}, {'id': 194}, {'id': 195}, {'id': 196}, {'id': 197}, {'id': 198}, {'id': 199}, {'id': 200}, {'id': 201}, {'id': 202}, {'id': 203}, {'id': 204}, {'id': 205}, {'id': 206}, {'id': 207}, {'id': 208}, {'id': 209}, {'id': 210}, {'id': 211}, {'id': 212}, {'id': 213}, {'id': 214}, {'id': 215}, {'id': 216}, {'id': 217}, {'id': 218}, {'id': 219}, {'id': 220}, {'id': 221}, {'id': 222}, {'id': 223}, {'id': 224}, {'id': 225}, {'id': 226}, {'id': 227}, {'id': 228}, {'id': 229}, {'id': 230}, {'id': 231}, {'id': 232}, {'id': 233}, {'id': 234}, {'id': 235}, {'id': 236}, {'id': 237}, {'id': 238}, {'id': 239}], 'links': [{'source': 1, 'target': 26}, {'source': 3, 'target': 104}, {'source': 3, 'target': 186}, {'source': 3, 'target': 96}, {'source': 4, 'target': 228}, {'source': 7, 'target': 51}, {'source': 8, 'target': 95}, {'source': 11, 'target': 60}, {'source': 12, 'target': 80}, {'source': 13, 'target': 29}, {'source': 14, 'target': 194}, {'source': 15, 'target': 9}, {'source': 16, 'target': 81}, {'source': 17, 'target': 237}, {'source': 20, 'target': 222}, {'source': 22, 'target': 73}, {'source': 23, 'target': 211}, {'source': 24, 'target': 58}, {'source': 24, 'target': 71}, {'source': 24, 'target': 140}, {'source': 25, 'target': 210}, {'source': 29, 'target': 131}, {'source': 30, 'target': 42}, {'source': 30, 'target': 158}, {'source': 31, 'target': 212}, {'source': 33, 'target': 227}, {'source': 35, 'target': 181}, {'source': 35, 'target': 207}, {'source': 35, 'target': 224}, {'source': 38, 'target': 141}, {'source': 38, 'target': 199}, {'source': 39, 'target': 116}, {'source': 39, 'target': 89}, {'source': 40, 'target': 46}, {'source': 40, 'target': 216}, {'source': 41, 'target': 88}, {'source': 41, 'target': 102}, {'source': 42, 'target': 14}, {'source': 43, 'target': 61}, {'source': 44, 'target': 82}, {'source': 44, 'target': 195}, {'source': 46, 'target': 178}, {'source': 48, 'target': 191}, {'source': 48, 'target': 225}, {'source': 49, 'target': 13}, {'source': 49, 'target': 229}, {'source': 49, 'target': 200}, {'source': 51, 'target': 129}, {'source': 52, 'target': 139}, {'source': 52, 'target': 203}, {'source': 53, 'target': 239}, {'source': 56, 'target': 8}, {'source': 57, 'target': 85}, {'source': 60, 'target': 2}, {'source': 62, 'target': 65}, {'source': 62, 'target': 84}, {'source': 64, 'target': 23}, {'source': 65, 'target': 43}, {'source': 67, 'target': 34}, {'source': 67, 'target': 188}, {'source': 67, 'target': 157}, {'source': 70, 'target': 135}, {'source': 72, 'target': 56}, {'source': 73, 'target': 152}, {'source': 77, 'target': 3}, {'source': 81, 'target': 33}, {'source': 81, 'target': 235}, {'source': 82, 'target': 118}, {'source': 82, 'target': 57}, {'source': 83, 'target': 70}, {'source': 84, 'target': 124}, {'source': 84, 'target': 213}, {'source': 85, 'target': 27}, {'source': 85, 'target': 234}, {'source': 89, 'target': 165}, {'source': 91, 'target': 142}, {'source': 91, 'target': 202}, {'source': 92, 'target': 68}, {'source': 93, 'target': 12}, {'source': 93, 'target': 161}, {'source': 93, 'target': 171}, {'source': 94, 'target': 214}, {'source': 95, 'target': 144}, {'source': 96, 'target': 153}, {'source': 97, 'target': 113}, {'source': 98, 'target': 147}, {'source': 98, 'target': 159}, {'source': 99, 'target': 150}, {'source': 99, 'target': 100}, {'source': 100, 'target': 62}, {'source': 101, 'target': 172}, {'source': 104, 'target': 59}, {'source': 106, 'target': 55}, {'source': 108, 'target': 149}, {'source': 111, 'target': 233}, {'source': 112, 'target': 127}, {'source': 114, 'target': 54}, {'source': 114, 'target': 231}, {'source': 114, 'target': 163}, {'source': 115, 'target': 201}, {'source': 115, 'target': 38}, {'source': 116, 'target': 105}, {'source': 116, 'target': 24}, {'source': 117, 'target': 182}, {'source': 118, 'target': 11}, {'source': 119, 'target': 37}, {'source': 123, 'target': 45}, {'source': 123, 'target': 98}, {'source': 125, 'target': 5}, {'source': 126, 'target': 36}, {'source': 127, 'target': 76}, {'source': 127, 'target': 72}, {'source': 130, 'target': 47}, {'source': 131, 'target': 125}, {'source': 131, 'target': 40}, {'source': 136, 'target': 192}, {'source': 136, 'target': 219}, {'source': 138, 'target': 151}, {'source': 138, 'target': 44}, {'source': 141, 'target': 28}, {'source': 141, 'target': 174}, {'source': 142, 'target': 117}, {'source': 143, 'target': 87}, {'source': 143, 'target': 103}, {'source': 143, 'target': 107}, {'source': 145, 'target': 74}, {'source': 146, 'target': 230}, {'source': 149, 'target': 52}, {'source': 149, 'target': 48}, {'source': 150, 'target': 21}, {'source': 151, 'target': 136}, {'source': 152, 'target': 166}, {'source': 152, 'target': 197}, {'source': 153, 'target': 10}, {'source': 153, 'target': 4}, {'source': 153, 'target': 39}, {'source': 155, 'target': 205}, {'source': 155, 'target': 196}, {'source': 156, 'target': 184}, {'source': 157, 'target': 169}, {'source': 158, 'target': 111}, {'source': 158, 'target': 138}, {'source': 160, 'target': 208}, {'source': 160, 'target': 223}, {'source': 163, 'target': 185}, {'source': 164, 'target': 120}, {'source': 164, 'target': 25}, {'source': 165, 'target': 20}, {'source': 165, 'target': 238}, {'source': 166, 'target': 108}, {'source': 167, 'target': 63}, {'source': 167, 'target': 122}, {'source': 168, 'target': 69}, {'source': 168, 'target': 218}, {'source': 168, 'target': 30}, {'source': 169, 'target': 97}, {'source': 169, 'target': 64}, {'source': 170, 'target': 77}, {'source': 173, 'target': 75}, {'source': 174, 'target': 156}, {'source': 175, 'target': 206}, {'source': 178, 'target': 179}, {'source': 179, 'target': 92}, {'source': 182, 'target': 50}, {'source': 182, 'target': 66}, {'source': 182, 'target': 134}, {'source': 183, 'target': 106}, {'source': 183, 'target': 164}, {'source': 184, 'target': 0}, {'source': 184, 'target': 133}, {'source': 184, 'target': 123}, {'source': 184, 'target': 173}, {'source': 185, 'target': 137}, {'source': 185, 'target': 168}, {'source': 186, 'target': 31}, {'source': 189, 'target': 67}, {'source': 190, 'target': 175}, {'source': 193, 'target': 7}, {'source': 193, 'target': 160}, {'source': 195, 'target': 190}, {'source': 195, 'target': 94}, {'source': 196, 'target': 49}, {'source': 197, 'target': 220}, {'source': 197, 'target': 114}, {'source': 199, 'target': 15}, {'source': 199, 'target': 17}, {'source': 200, 'target': 236}, {'source': 202, 'target': 86}, {'source': 202, 'target': 109}, {'source': 202, 'target': 155}, {'source': 203, 'target': 187}, {'source': 204, 'target': 145}, {'source': 204, 'target': 101}, {'source': 204, 'target': 176}, {'source': 204, 'target': 16}, {'source': 206, 'target': 99}, {'source': 207, 'target': 90}, {'source': 209, 'target': 146}, {'source': 210, 'target': 198}, {'source': 210, 'target': 35}, {'source': 211, 'target': 19}, {'source': 211, 'target': 110}, {'source': 211, 'target': 143}, {'source': 211, 'target': 215}, {'source': 214, 'target': 115}, {'source': 216, 'target': 154}, {'source': 217, 'target': 119}, {'source': 217, 'target': 193}, {'source': 218, 'target': 78}, {'source': 218, 'target': 132}, {'source': 219, 'target': 79}, {'source': 219, 'target': 41}, {'source': 220, 'target': 232}, {'source': 221, 'target': 22}, {'source': 221, 'target': 53}, {'source': 222, 'target': 18}, {'source': 224, 'target': 130}, {'source': 224, 'target': 189}, {'source': 224, 'target': 204}, {'source': 224, 'target': 91}, {'source': 225, 'target': 128}, {'source': 225, 'target': 83}, {'source': 225, 'target': 183}, {'source': 228, 'target': 217}, {'source': 229, 'target': 148}, {'source': 231, 'target': 126}, {'source': 231, 'target': 112}, {'source': 231, 'target': 177}, {'source': 232, 'target': 167}, {'source': 234, 'target': 180}, {'source': 234, 'target': 209}, {'source': 235, 'target': 93}, {'source': 236, 'target': 6}, {'source': 237, 'target': 162}, {'source': 237, 'target': 226}, {'source': 238, 'target': 221}, {'source': 239, 'target': 1}, {'source': 239, 'target': 32}, {'source': 239, 'target': 121}]}",100
"{'directed': True, 'multigraph': False, 'graph': {}, 'nodes': [{'id': 0}, {'id': 1}, {'id': 2}, {'id': 3}, {'id': 4}, {'id': 5}, {'id': 6}, {'id': 7}, {'id': 8}, {'id': 9}, {'id': 10}, {'id': 11}, {'id': 12}, {'id': 13}, {'id': 14}, {'id': 15}, {'id': 16}, {'id': 17}, {'id': 18}, {'id': 19}, {'id': 20}, {'id': 21}, {'id': 22}, {'id': 23}, {'id': 24}, {'id': 25}, {'id': 26}, {'id': 27}, {'id': 28}, {'id': 29}, {'id': 30}, {'id': 31}, {'id': 32}, {'id': 33}, {'id': 34}, {'id': 35}, {'id': 36}, {'id': 37}, {'id': 38}, {'id': 39}, {'id': 40}, {'id': 41}, {'id': 42}, {'id': 43}, {'id': 44}, {'id': 45}, {'id': 46}, {'id': 47}, {'id': 48}, {'id': 49}, {'id': 50}, {'id': 51}, {'id': 52}, {'id': 53}, {'id': 54}, {'id': 55}, {'id': 56}, {'id': 57}, {'id': 58}, {'id': 59}, {'id': 60}, {'id': 61}, {'id': 62}, {'id': 63}, {'id': 64}, {'id': 65}, {'id': 66}, {'id': 67}, {'id': 68}, {'id': 69}, {'id': 70}, {'id': 71}, {'id': 72}, {'id': 73}, {'id': 74}, {'id': 75}, {'id': 76}, {'id': 77}, {'id': 78}, {'id': 79}, {'id': 80}, {'id': 81}, {'id': 82}, {'id': 83}, {'id': 84}, {'id': 85}, {'id': 86}, {'id': 87}, {'id': 88}, {'id': 89}, {'id': 90}, {'id': 91}, {'id': 92}, {'id': 93}, {'id': 94}, {'id': 95}, {'id': 96}, {'id': 97}, {'id': 98}, {'id': 99}, {'id': 100}, {'id': 101}, {'id': 102}, {'id': 103}, {'id': 104}, {'id': 105}, {'id': 106}, {'id': 107}, {'id': 108}, {'id': 109}, {'id': 110}, {'id': 111}, {'id': 112}, {'id': 113}, {'id': 114}, {'id': 115}, {'id': 116}, {'id': 117}, {'id': 118}, {'id': 119}, {'id': 120}, {'id': 121}, {'id': 122}, {'id': 123}, {'id': 124}, {'id': 125}, {'id': 126}, {'id': 127}, {'id': 128}, {'id': 129}, {'id': 130}, {'id': 131}, {'id': 132}, {'id': 133}, {'id': 134}, {'id': 135}, {'id': 136}, {'id': 137}, {'id': 138}, {'id': 139}, {'id': 140}, {'id': 141}, {'id': 142}, {'id': 143}, {'id': 144}, {'id': 145}, {'id': 146}, {'id': 147}, {'id': 148}, {'id': 149}, {'id': 150}, {'id': 151}, {'id': 152}, {'id': 153}, {'id': 154}, {'id': 155}, {'id': 156}, {'id': 157}, {'id': 158}, {'id': 159}, {'id': 160}, {'id': 161}, {'id': 162}, {'id': 163}, {'id': 164}, {'id': 165}, {'id': 166}, {'id': 167}, {'id': 168}, {'id': 169}, {'id': 170}, {'id': 171}, {'id': 172}, {'id': 173}, {'id': 174}, {'id': 175}, {'id': 176}, {'id': 177}, {'id': 178}, {'id': 179}, {'id': 180}, {'id': 181}, {'id': 182}, {'id': 183}, {'id': 184}, {'id': 185}, {'id': 186}, {'id': 187}, {'id': 188}, {'id': 189}, {'id': 190}, {'id': 191}, {'id': 192}, {'id': 193}, {'id': 194}, {'id': 195}, {'id': 196}, {'id': 197}, {'id': 198}, {'id': 199}, {'id': 200}, {'id': 201}, {'id': 202}, {'id': 203}, {'id': 204}, {'id': 205}, {'id': 206}, {'id': 207}, {'id': 208}, {'id': 209}, {'id': 210}, {'id': 211}, {'id': 212}, {'id': 213}, {'id': 214}, {'id': 215}, {'id': 216}, {'id': 217}, {'id': 218}, {'id': 219}, {'id': 220}, {'id': 221}, {'id': 222}, {'id': 223}, {'id': 224}, {'id': 225}, {'id': 226}, {'id': 227}, {'id': 228}, {'id': 229}, {'id': 230}, {'id': 231}, {'id': 232}, {'id': 233}, {'id': 234}, {'id': 235}, {'id': 236}, {'id': 237}, {'id': 238}, {'id': 239}, {'id': 240}, {'id': 241}, {'id': 242}, {'id': 243}, {'id': 244}, {'id': 245}, {'id': 246}, {'id': 247}, {'id': 248}, {'id': 249}, {'id': 250}, {'id': 251}, {'id': 252}, {'id': 253}, {'id': 254}, {'id': 255}, {'id': 256}, {'id': 257}, {'id': 258}, {'id': 259}, {'id': 260}, {'id': 261}, {'id': 262}, {'id': 263}, {'id': 264}, {'id': 265}, {'id': 266}, {'id': 267}, {'id': 268}, {'id': 269}], 'links': [{'source': 0, 'target': 142}, {'source': 0, 'target': 189}, {'source': 1, 'target': 242}, {'source': 1, 'target': 75}, {'source': 2, 'target': 221}, {'source': 2, 'target': 146}, {'source': 3, 'target': 213}, {'source': 4, 'target': 226}, {'source': 6, 'target': 167}, {'source': 8, 'target': 42}, {'source': 8, 'target': 265}, {'source': 10, 'target': 258}, {'source': 13, 'target': 109}, {'source': 14, 'target': 5}, {'source': 14, 'target': 2}, {'source': 14, 'target': 173}, {'source': 16, 'target': 118}, {'source': 18, 'target': 150}, {'source': 18, 'target': 187}, {'source': 20, 'target': 230}, {'source': 22, 'target': 134}, {'source': 23, 'target': 24}, {'source': 23, 'target': 218}, {'source': 25, 'target': 262}, {'source': 26, 'target': 250}, {'source': 26, 'target': 99}, {'source': 28, 'target': 164}, {'source': 28, 'target': 88}, {'source': 30, 'target': 177}, {'source': 30, 'target': 165}, {'source': 30, 'target': 268}, {'source': 31, 'target': 162}, {'source': 32, 'target': 55}, {'source': 33, 'target': 19}, {'source': 33, 'target': 139}, {'source': 35, 'target': 244}, {'source': 36, 'target': 105}, {'source': 36, 'target': 31}, {'source': 38, 'target': 245}, {'source': 42, 'target': 51}, {'source': 46, 'target': 130}, {'source': 46, 'target': 180}, {'source': 46, 'target': 229}, {'source': 48, 'target': 87}, {'source': 48, 'target': 92}, {'source': 48, 'target': 128}, {'source': 49, 'target': 182}, {'source': 49, 'target': 8}, {'source': 50, 'target': 188}, {'source': 50, 'target': 107}, {'source': 50, 'target': 205}, {'source': 50, 'target': 89}, {'source': 51, 'target': 131}, {'source': 52, 'target': 66}, {'source': 53, 'target': 110}, {'source': 53, 'target': 22}, {'source': 54, 'target': 106}, {'source': 54, 'target': 246}, {'source': 56, 'target': 12}, {'source': 61, 'target': 267}, {'source': 63, 'target': 224}, {'source': 66, 'target': 80}, {'source': 66, 'target': 155}, {'source': 66, 'target': 54}, {'source': 68, 'target': 153}, {'source': 69, 'target': 0}, {'source': 73, 'target': 86}, {'source': 73, 'target': 192}, {'source': 73, 'target': 181}, {'source': 74, 'target': 186}, {'source': 75, 'target': 121}, {'source': 77, 'target': 1}, {'source': 77, 'target': 50}, {'source': 78, 'target': 174}, {'source': 78, 'target': 210}, {'source': 78, 'target': 191}, {'source': 80, 'target': 15}, {'source': 80, 'target': 56}, {'source': 81, 'target': 76}, {'source': 81, 'target': 52}, {'source': 82, 'target': 40}, {'source': 82, 'target': 20}, {'source': 82, 'target': 84}, {'source': 84, 'target': 212}, {'source': 84, 'target': 78}, {'source': 85, 'target': 60}, {'source': 88, 'target': 103}, {'source': 88, 'target': 249}, {'source': 88, 'target': 49}, {'source': 89, 'target': 183}, {'source': 90, 'target': 45}, {'source': 90, 'target': 152}, {'source': 90, 'target': 266}, {'source': 91, 'target': 67}, {'source': 93, 'target': 151}, {'source': 96, 'target': 64}, {'source': 96, 'target': 65}, {'source': 97, 'target': 255}, {'source': 98, 'target': 48}, {'source': 99, 'target': 47}, {'source': 99, 'target': 104}, {'source': 100, 'target': 37}, {'source': 100, 'target': 145}, {'source': 101, 'target': 135}, {'source': 102, 'target': 91}, {'source': 104, 'target': 148}, {'source': 104, 'target': 263}, {'source': 105, 'target': 114}, {'source': 107, 'target': 115}, {'source': 109, 'target': 235}, {'source': 109, 'target': 253}, {'source': 111, 'target': 220}, {'source': 111, 'target': 38}, {'source': 112, 'target': 214}, {'source': 113, 'target': 256}, {'source': 114, 'target': 4}, {'source': 115, 'target': 178}, {'source': 115, 'target': 231}, {'source': 117, 'target': 204}, {'source': 118, 'target': 160}, {'source': 121, 'target': 211}, {'source': 122, 'target': 251}, {'source': 123, 'target': 23}, {'source': 125, 'target': 119}, {'source': 126, 'target': 9}, {'source': 126, 'target': 208}, {'source': 126, 'target': 259}, {'source': 127, 'target': 82}, {'source': 128, 'target': 129}, {'source': 129, 'target': 247}, {'source': 130, 'target': 58}, {'source': 131, 'target': 83}, {'source': 131, 'target': 112}, {'source': 135, 'target': 185}, {'source': 138, 'target': 93}, {'source': 139, 'target': 264}, {'source': 141, 'target': 21}, {'source': 141, 'target': 209}, {'source': 142, 'target': 184}, {'source': 143, 'target': 136}, {'source': 145, 'target': 137}, {'source': 145, 'target': 123}, {'source': 145, 'target': 240}, {'source': 146, 'target': 190}, {'source': 146, 'target': 138}, {'source': 149, 'target': 44}, {'source': 149, 'target': 237}, {'source': 149, 'target': 126}, {'source': 149, 'target': 26}, {'source': 149, 'target': 238}, {'source': 151, 'target': 72}, {'source': 151, 'target': 217}, {'source': 151, 'target': 197}, {'source': 152, 'target': 95}, {'source': 153, 'target': 179}, {'source': 154, 'target': 90}, {'source': 154, 'target': 33}, {'source': 155, 'target': 207}, {'source': 156, 'target': 193}, {'source': 156, 'target': 6}, {'source': 156, 'target': 77}, {'source': 158, 'target': 97}, {'source': 159, 'target': 3}, {'source': 159, 'target': 61}, {'source': 161, 'target': 62}, {'source': 161, 'target': 96}, {'source': 161, 'target': 133}, {'source': 161, 'target': 143}, {'source': 161, 'target': 141}, {'source': 161, 'target': 225}, {'source': 162, 'target': 124}, {'source': 162, 'target': 127}, {'source': 162, 'target': 154}, {'source': 165, 'target': 74}, {'source': 166, 'target': 269}, {'source': 167, 'target': 222}, {'source': 168, 'target': 59}, {'source': 170, 'target': 219}, {'source': 170, 'target': 69}, {'source': 171, 'target': 132}, {'source': 173, 'target': 101}, {'source': 173, 'target': 195}, {'source': 176, 'target': 248}, {'source': 181, 'target': 71}, {'source': 181, 'target': 98}, {'source': 181, 'target': 241}, {'source': 183, 'target': 172}, {'source': 183, 'target': 14}, {'source': 184, 'target': 68}, {'source': 185, 'target': 196}, {'source': 185, 'target': 161}, {'source': 186, 'target': 53}, {'source': 187, 'target': 70}, {'source': 187, 'target': 216}, {'source': 187, 'target': 176}, {'source': 189, 'target': 122}, {'source': 190, 'target': 85}, {'source': 191, 'target': 170}, {'source': 194, 'target': 144}, {'source': 194, 'target': 201}, {'source': 195, 'target': 17}, {'source': 195, 'target': 166}, {'source': 197, 'target': 243}, {'source': 200, 'target': 198}, {'source': 200, 'target': 158}, {'source': 201, 'target': 236}, {'source': 202, 'target': 163}, {'source': 205, 'target': 206}, {'source': 205, 'target': 46}, {'source': 206, 'target': 260}, {'source': 209, 'target': 223}, {'source': 211, 'target': 215}, {'source': 211, 'target': 232}, {'source': 211, 'target': 25}, {'source': 213, 'target': 157}, {'source': 215, 'target': 168}, {'source': 219, 'target': 41}, {'source': 220, 'target': 79}, {'source': 221, 'target': 29}, {'source': 222, 'target': 10}, {'source': 224, 'target': 34}, {'source': 225, 'target': 254}, {'source': 225, 'target': 18}, {'source': 226, 'target': 233}, {'source': 227, 'target': 108}, {'source': 227, 'target': 200}, {'source': 228, 'target': 234}, {'source': 228, 'target': 261}, {'source': 229, 'target': 140}, {'source': 229, 'target': 227}, {'source': 232, 'target': 175}, {'source': 232, 'target': 63}, {'source': 233, 'target': 39}, {'source': 235, 'target': 169}, {'source': 235, 'target': 171}, {'source': 236, 'target': 203}, {'source': 236, 'target': 239}, {'source': 238, 'target': 113}, {'source': 239, 'target': 32}, {'source': 239, 'target': 57}, {'source': 239, 'target': 228}, {'source': 240, 'target': 125}, {'source': 241, 'target': 36}, {'source': 242, 'target': 11}, {'source': 242, 'target': 147}, {'source': 244, 'target': 257}, {'source': 248, 'target': 43}, {'source': 248, 'target': 120}, {'source': 248, 'target': 199}, {'source': 248, 'target': 28}, {'source': 251, 'target': 35}, {'source': 253, 'target': 16}, {'source': 253, 'target': 111}, {'source': 255, 'target': 149}, {'source': 256, 'target': 202}, {'source': 256, 'target': 73}, {'source': 258, 'target': 100}, {'source': 260, 'target': 252}, {'source': 262, 'target': 94}, {'source': 264, 'target': 117}, {'source': 264, 'target': 81}, {'source': 264, 'target': 30}, {'source': 265, 'target': 7}, {'source': 265, 'target': 13}, {'source': 266, 'target': 102}, {'source': 266, 'target': 159}, {'source': 267, 'target': 194}, {'source': 268, 'target': 27}, {'source': 268, 'target': 116}]}",3
"{'directed': True, 'multigraph': False, 'graph': {}, 'nodes': [{'id': 0}, {'id': 1}, {'id': 2}, {'id': 3}, {'id': 4}, {'id': 5}, {'id': 6}, {'id': 7}, {'id': 8}, {'id': 9}, {'id': 10}, {'id': 11}, {'id': 12}, {'id': 13}, {'id': 14}, {'id': 15}, {'id': 16}, {'id': 17}, {'id': 18}, {'id': 19}, {'id': 20}, {'id': 21}, {'id': 22}, {'id': 23}, {'id': 24}, {'id': 25}, {'id': 26}, {'id': 27}, {'id': 28}, {'id': 29}, {'id': 30}, {'id': 31}, {'id': 32}, {'id': 33}, {'id': 34}, {'id': 35}, {'id': 36}, {'id': 37}, {'id': 38}, {'id': 39}, {'id': 40}, {'id': 41}, {'id': 42}, {'id': 43}, {'id': 44}, {'id': 45}, {'id': 46}, {'id': 47}, {'id': 48}, {'id': 49}, {'id': 50}, {'id': 51}, {'id': 52}, {'id': 53}, {'id': 54}, {'id': 55}, {'id': 56}, {'id': 57}, {'id': 58}, {'id': 59}, {'id': 60}, {'id': 61}, {'id': 62}, {'id': 63}, {'id': 64}, {'id': 65}, {'id': 66}, {'id': 67}, {'id': 68}, {'id': 69}, {'id': 70}, {'id': 71}, {'id': 72}, {'id': 73}, {'id': 74}, {'id': 75}, {'id': 76}, {'id': 77}, {'id': 78}, {'id': 79}, {'id': 80}, {'id': 81}, {'id': 82}, {'id': 83}, {'id': 84}, {'id': 85}, {'id': 86}, {'id': 87}, {'id': 88}, {'id': 89}, {'id': 90}, {'id': 91}, {'id': 92}, {'id': 93}, {'id': 94}, {'id': 95}, {'id': 96}, {'id': 97}, {'id': 98}, {'id': 99}, {'id': 100}, {'id': 101}, {'id': 102}, {'id': 103}, {'id': 104}, {'id': 105}, {'id': 106}, {'id': 107}, {'id': 108}, {'id': 109}, {'id': 110}, {'id': 111}, {'id': 112}, {'id': 113}, {'id': 114}, {'id': 115}, {'id': 116}, {'id': 117}, {'id': 118}, {'id': 119}, {'id': 120}, {'id': 121}, {'id': 122}, {'id': 123}, {'id': 124}, {'id': 125}, {'id': 126}, {'id': 127}, {'id': 128}, {'id': 129}, {'id': 130}, {'id': 131}, {'id': 132}, {'id': 133}, {'id': 134}, {'id': 135}, {'id': 136}, {'id': 137}, {'id': 138}, {'id': 139}, {'id': 140}, {'id': 141}, {'id': 142}, {'id': 143}, {'id': 144}, {'id': 145}, {'id': 146}, {'id': 147}, {'id': 148}, {'id': 149}, {'id': 150}, {'id': 151}, {'id': 152}, {'id': 153}, {'id': 154}, {'id': 155}, {'id': 156}, {'id': 157}, {'id': 158}, {'id': 159}, {'id': 160}, {'id': 161}, {'id': 162}, {'id': 163}, {'id': 164}, {'id': 165}, {'id': 166}, {'id': 167}, {'id': 168}, {'id': 169}, {'id': 170}, {'id': 171}, {'id': 172}, {'id': 173}, {'id': 174}, {'id': 175}, {'id': 176}, {'id': 177}, {'id': 178}, {'id': 179}, {'id': 180}, {'id': 181}, {'id': 182}, {'id': 183}, {'id': 184}, {'id': 185}, {'id': 186}, {'id': 187}, {'id': 188}, {'id': 189}, {'id': 190}, {'id': 191}, {'id': 192}, {'id': 193}, {'id': 194}, {'id': 195}, {'id': 196}, {'id': 197}, {'id': 198}, {'id': 199}, {'id': 200}, {'id': 201}, {'id': 202}, {'id': 203}, {'id': 204}, {'id': 205}, {'id': 206}, {'id': 207}, {'id': 208}, {'id': 209}, {'id': 210}, {'id': 211}, {'id': 212}, {'id': 213}, {'id': 214}, {'id': 215}, {'id': 216}, {'id': 217}, {'id': 218}, {'id': 219}, {'id': 220}, {'id': 221}, {'id': 222}, {'id': 223}, {'id': 224}, {'id': 225}, {'id': 226}, {'id': 227}, {'id': 228}, {'id': 229}, {'id': 230}, {'id': 231}, {'id': 232}, {'id': 233}, {'id': 234}, {'id': 235}, {'id': 236}, {'id': 237}, {'id': 238}, {'id': 239}, {'id': 240}, {'id': 241}, {'id': 242}, {'id': 243}, {'id': 244}, {'id': 245}, {'id': 246}, {'id': 247}, {'id': 248}, {'id': 249}, {'id': 250}, {'id': 251}, {'id': 252}, {'id': 253}, {'id': 254}, {'id': 255}, {'id': 256}, {'id': 257}, {'id': 258}, {'id': 259}, {'id': 260}, {'id': 261}, {'id': 262}, {'id': 263}, {'id': 264}, {'id': 265}, {'id': 266}, {'id': 267}, {'id': 268}, {'id': 269}], 'links': [{'source': 0, 'target': 39}, {'source': 1, 'target': 164}, {'source': 1, 'target': 10}, {'source': 2, 'target': 37}, {'source': 2, 'target': 258}, {'source': 4, 'target': 108}, {'source': 4, 'target': 147}, {'source': 5, 'target': 111}, {'source': 6, 'target': 140}, {'source': 6, 'target': 38}, {'source': 10, 'target': 93}, {'source': 10, 'target': 223}, {'source': 12, 'target': 173}, {'source': 13, 'target': 169}, {'source': 15, 'target': 214}, {'source': 15, 'target': 210}, {'source': 15, 'target': 22}, {'source': 16, 'target': 57}, {'source': 17, 'target': 74}, {'source': 17, 'target': 120}, {'source': 19, 'target': 188}, {'source': 20, 'target': 129}, {'source': 22, 'target': 91}, {'source': 22, 'target': 229}, {'source': 22, 'target': 177}, {'source': 22, 'target': 221}, {'source': 23, 'target': 81}, {'source': 25, 'target': 66}, {'source': 26, 'target': 205}, {'source': 27, 'target': 125}, {'source': 29, 'target': 60}, {'source': 29, 'target': 191}, {'source': 29, 'target': 206}, {'source': 32, 'target': 137}, {'source': 33, 'target': 182}, {'source': 35, 'target': 266}, {'source': 36, 'target': 199}, {'source': 36, 'target': 236}, {'source': 37, 'target': 160}, {'source': 38, 'target': 178}, {'source': 41, 'target': 112}, {'source': 42, 'target': 47}, {'source': 43, 'target': 136}, {'source': 43, 'target': 85}, {'source': 43, 'target': 68}, {'source': 46, 'target': 12}, {'source': 47, 'target': 99}, {'source': 47, 'target': 128}, {'source': 48, 'target': 167}, {'source': 49, 'target': 212}, {'source': 49, 'target': 255}, {'source': 50, 'target': 157}, {'source': 52, 'target': 28}, {'source': 52, 'target': 124}, {'source': 52, 'target': 267}, {'source': 54, 'target': 144}, {'source': 54, 'target': 118}, {'source': 56, 'target': 209}, {'source': 59, 'target': 158}, {'source': 61, 'target': 50}, {'source': 62, 'target': 261}, {'source': 62, 'target': 231}, {'source': 63, 'target': 34}, {'source': 63, 'target': 80}, {'source': 65, 'target': 0}, {'source': 65, 'target': 82}, {'source': 66, 'target': 90}, {'source': 67, 'target': 52}, {'source': 68, 'target': 226}, {'source': 68, 'target': 240}, {'source': 69, 'target': 7}, {'source': 70, 'target': 195}, {'source': 72, 'target': 189}, {'source': 72, 'target': 253}, {'source': 73, 'target': 165}, {'source': 74, 'target': 30}, {'source': 74, 'target': 139}, {'source': 75, 'target': 104}, {'source': 75, 'target': 239}, {'source': 76, 'target': 113}, {'source': 77, 'target': 73}, {'source': 77, 'target': 185}, {'source': 77, 'target': 48}, {'source': 79, 'target': 53}, {'source': 79, 'target': 33}, {'source': 79, 'target': 202}, {'source': 79, 'target': 228}, {'source': 80, 'target': 170}, {'source': 80, 'target': 257}, {'source': 81, 'target': 1}, {'source': 83, 'target': 9}, {'source': 83, 'target': 42}, {'source': 83, 'target': 196}, {'source': 83, 'target': 232}, {'source': 85, 'target': 96}, {'source': 86, 'target': 94}, {'source': 91, 'target': 55}, {'source': 91, 'target': 56}, {'source': 91, 'target': 117}, {'source': 91, 'target': 224}, {'source': 92, 'target': 132}, {'source': 94, 'target': 5}, {'source': 96, 'target': 204}, {'source': 97, 'target': 168}, {'source': 98, 'target': 153}, {'source': 100, 'target': 155}, {'source': 107, 'target': 83}, {'source': 108, 'target': 87}, {'source': 110, 'target': 207}, {'source': 111, 'target': 208}, {'source': 111, 'target': 63}, {'source': 113, 'target': 138}, {'source': 113, 'target': 2}, {'source': 116, 'target': 102}, {'source': 116, 'target': 246}, {'source': 117, 'target': 220}, {'source': 118, 'target': 11}, {'source': 118, 'target': 218}, {'source': 118, 'target': 17}, {'source': 119, 'target': 260}, {'source': 119, 'target': 107}, {'source': 120, 'target': 174}, {'source': 120, 'target': 70}, {'source': 121, 'target': 219}, {'source': 121, 'target': 187}, {'source': 121, 'target': 77}, {'source': 122, 'target': 78}, {'source': 122, 'target': 95}, {'source': 122, 'target': 126}, {'source': 122, 'target': 238}, {'source': 123, 'target': 186}, {'source': 123, 'target': 35}, {'source': 124, 'target': 166}, {'source': 124, 'target': 110}, {'source': 127, 'target': 244}, {'source': 128, 'target': 252}, {'source': 129, 'target': 44}, {'source': 130, 'target': 265}, {'source': 131, 'target': 145}, {'source': 131, 'target': 230}, {'source': 139, 'target': 222}, {'source': 140, 'target': 3}, {'source': 141, 'target': 192}, {'source': 142, 'target': 79}, {'source': 144, 'target': 183}, {'source': 145, 'target': 159}, {'source': 146, 'target': 123}, {'source': 148, 'target': 256}, {'source': 148, 'target': 250}, {'source': 149, 'target': 225}, {'source': 149, 'target': 86}, {'source': 150, 'target': 92}, {'source': 151, 'target': 72}, {'source': 152, 'target': 65}, {'source': 152, 'target': 75}, {'source': 154, 'target': 20}, {'source': 154, 'target': 179}, {'source': 157, 'target': 14}, {'source': 157, 'target': 135}, {'source': 157, 'target': 162}, {'source': 157, 'target': 13}, {'source': 158, 'target': 88}, {'source': 158, 'target': 41}, {'source': 158, 'target': 193}, {'source': 161, 'target': 203}, {'source': 161, 'target': 213}, {'source': 166, 'target': 21}, {'source': 167, 'target': 254}, {'source': 170, 'target': 98}, {'source': 170, 'target': 29}, {'source': 170, 'target': 241}, {'source': 171, 'target': 58}, {'source': 171, 'target': 201}, {'source': 171, 'target': 259}, {'source': 172, 'target': 237}, {'source': 173, 'target': 32}, {'source': 176, 'target': 172}, {'source': 177, 'target': 106}, {'source': 177, 'target': 175}, {'source': 177, 'target': 264}, {'source': 179, 'target': 227}, {'source': 179, 'target': 171}, {'source': 181, 'target': 49}, {'source': 182, 'target': 114}, {'source': 184, 'target': 156}, {'source': 186, 'target': 181}, {'source': 187, 'target': 25}, {'source': 187, 'target': 234}, {'source': 195, 'target': 31}, {'source': 195, 'target': 216}, {'source': 196, 'target': 43}, {'source': 196, 'target': 151}, {'source': 198, 'target': 103}, {'source': 199, 'target': 242}, {'source': 199, 'target': 154}, {'source': 201, 'target': 64}, {'source': 202, 'target': 46}, {'source': 203, 'target': 45}, {'source': 208, 'target': 40}, {'source': 210, 'target': 4}, {'source': 210, 'target': 215}, {'source': 211, 'target': 176}, {'source': 213, 'target': 235}, {'source': 216, 'target': 148}, {'source': 217, 'target': 84}, {'source': 217, 'target': 198}, {'source': 218, 'target': 23}, {'source': 221, 'target': 143}, {'source': 221, 'target': 59}, {'source': 221, 'target': 269}, {'source': 227, 'target': 24}, {'source': 227, 'target': 76}, {'source': 228, 'target': 27}, {'source': 228, 'target': 127}, {'source': 230, 'target': 268}, {'source': 230, 'target': 130}, {'source': 231, 'target': 54}, {'source': 232, 'target': 247}, {'source': 232, 'target': 146}, {'source': 235, 'target': 101}, {'source': 235, 'target': 134}, {'source': 236, 'target': 263}, {'source': 238, 'target': 262}, {'source': 239, 'target': 105}, {'source': 239, 'target': 217}, {'source': 240, 'target': 109}, {'source': 241, 'target': 197}, {'source': 242, 'target': 19}, {'source': 243, 'target': 211}, {'source': 245, 'target': 121}, {'source': 246, 'target': 69}, {'source': 247, 'target': 163}, {'source': 247, 'target': 233}, {'source': 249, 'target': 115}, {'source': 250, 'target': 116}, {'source': 250, 'target': 122}, {'source': 251, 'target': 36}, {'source': 252, 'target': 133}, {'source': 252, 'target': 194}, {'source': 252, 'target': 161}, {'source': 254, 'target': 243}, {'source': 254, 'target': 248}, {'source': 254, 'target': 149}, {'source': 255, 'target': 150}, {'source': 255, 'target': 61}, {'source': 256, 'target': 16}, {'source': 256, 'target': 152}, {'source': 257, 'target': 71}, {'source': 257, 'target': 15}, {'source': 258, 'target': 100}, {'source': 259, 'target': 89}, {'source': 260, 'target': 18}, {'source': 260, 'target': 97}, {'source': 260, 'target': 180}, {'source': 261, 'target': 8}, {'source': 261, 'target': 51}, {'source': 262, 'target': 190}, {'source': 262, 'target': 26}, {'source': 263, 'target': 200}, {'source': 263, 'target': 131}, {'source': 265, 'target': 119}, {'source': 266, 'target': 6}, {'source': 266, 'target': 142}, {'source': 266, 'target': 245}, {'source': 267, 'target': 184}, {'source': 267, 'target': 62}, {'source': 268, 'target': 249}, {'source': 269, 'target': 141}, {'source': 269, 'target': 67}]}",3
"{'directed': True, 'multigraph': False, 'graph': {}, 'nodes': [{'id': 0}, {'id': 1}, {'id': 2}, {'id': 3}, {'id': 4}, {'id': 5}, {'id': 6}, {'id': 7}, {'id': 8}, {'id': 9}, {'id': 10}, {'id': 11}, {'id': 12}, {'id': 13}, {'id': 14}, {'id': 15}, {'id': 16}, {'id': 17}, {'id': 18}, {'id': 19}, {'id': 20}, {'id': 21}, {'id': 22}, {'id': 23}, {'id': 24}, {'id': 25}, {'id': 26}, {'id': 27}, {'id': 28}, {'id': 29}, {'id': 30}, {'id': 31}, {'id': 32}, {'id': 33}, {'id': 34}, {'id': 35}, {'id': 36}, {'id': 37}, {'id': 38}, {'id': 39}, {'id': 40}, {'id': 41}, {'id': 42}, {'id': 43}, {'id': 44}, {'id': 45}, {'id': 46}, {'id': 47}, {'id': 48}, {'id': 49}, {'id': 50}, {'id': 51}, {'id': 52}, {'id': 53}, {'id': 54}, {'id': 55}, {'id': 56}, {'id': 57}, {'id': 58}, {'id': 59}, {'id': 60}, {'id': 61}, {'id': 62}, {'id': 63}, {'id': 64}, {'id': 65}, {'id': 66}, {'id': 67}, {'id': 68}, {'id': 69}, {'id': 70}, {'id': 71}, {'id': 72}, {'id': 73}, {'id': 74}, {'id': 75}, {'id': 76}, {'id': 77}, {'id': 78}, {'id': 79}, {'id': 80}, {'id': 81}, {'id': 82}, {'id': 83}, {'id': 84}, {'id': 85}, {'id': 86}, {'id': 87}, {'id': 88}, {'id': 89}, {'id': 90}, {'id': 91}, {'id': 92}, {'id': 93}, {'id': 94}, {'id': 95}, {'id': 96}, {'id': 97}, {'id': 98}, {'id': 99}, {'id': 100}, {'id': 101}, {'id': 102}, {'id': 103}, {'id': 104}, {'id': 105}, {'id': 106}, {'id': 107}, {'id': 108}, {'id': 109}, {'id': 110}, {'id': 111}, {'id': 112}, {'id': 113}, {'id': 114}, {'id': 115}, {'id': 116}, {'id': 117}, {'id': 118}, {'id': 119}, {'id': 120}, {'id': 121}, {'id': 122}, {'id': 123}, {'id': 124}, {'id': 125}, {'id': 126}, {'id': 127}, {'id': 128}, {'id': 129}, {'id': 130}, {'id': 131}, {'id': 132}, {'id': 133}, {'id': 134}, {'id': 135}, {'id': 136}, {'id': 137}, {'id': 138}, {'id': 139}, {'id': 140}, {'id': 141}, {'id': 142}, {'id': 143}, {'id': 144}, {'id': 145}, {'id': 146}, {'id': 147}, {'id': 148}, {'id': 149}, {'id': 150}, {'id': 151}, {'id': 152}, {'id': 153}, {'id': 154}, {'id': 155}, {'id': 156}, {'id': 157}, {'id': 158}, {'id': 159}, {'id': 160}, {'id': 161}, {'id': 162}, {'id': 163}, {'id': 164}, {'id': 165}, {'id': 166}, {'id': 167}, {'id': 168}, {'id': 169}, {'id': 170}, {'id': 171}, {'id': 172}, {'id': 173}, {'id': 174}, {'id': 175}, {'id': 176}, {'id': 177}, {'id': 178}, {'id': 179}, {'id': 180}, {'id': 181}, {'id': 182}, {'id': 183}, {'id': 184}, {'id': 185}, {'id': 186}, {'id': 187}, {'id': 188}, {'id': 189}, {'id': 190}, {'id': 191}, {'id': 192}, {'id': 193}, {'id': 194}, {'id': 195}, {'id': 196}, {'id': 197}, {'id': 198}, {'id': 199}, {'id': 200}, {'id': 201}, {'id': 202}, {'id': 203}, {'id': 204}, {'id': 205}, {'id': 206}, {'id': 207}, {'id': 208}, {'id': 209}, {'id': 210}, {'id': 211}, {'id': 212}, {'id': 213}, {'id': 214}, {'id': 215}, {'id': 216}, {'id': 217}, {'id': 218}, {'id': 219}, {'id': 220}, {'id': 221}, {'id': 222}, {'id': 223}, {'id': 224}, {'id': 225}, {'id': 226}, {'id': 227}, {'id': 228}, {'id': 229}, {'id': 230}, {'id': 231}, {'id': 232}, {'id': 233}, {'id': 234}, {'id': 235}, {'id': 236}, {'id': 237}, {'id': 238}, {'id': 239}, {'id': 240}, {'id': 241}, {'id': 242}, {'id': 243}, {'id': 244}, {'id': 245}, {'id': 246}, {'id': 247}, {'id': 248}, {'id': 249}, {'id': 250}, {'id': 251}, {'id': 252}, {'id': 253}, {'id': 254}, {'id': 255}, {'id': 256}, {'id': 257}, {'id': 258}, {'id': 259}, {'id': 260}, {'id': 261}, {'id': 262}, {'id': 263}, {'id': 264}, {'id': 265}, {'id': 266}, {'id': 267}, {'id': 268}, {'id': 269}], 'links': [{'source': 1, 'target': 51}, {'source': 1, 'target': 49}, {'source': 2, 'target': 55}, {'source': 2, 'target': 197}, {'source': 3, 'target': 185}, {'source': 4, 'target': 11}, {'source': 6, 'target': 24}, {'source': 9, 'target': 5}, {'source': 10, 'target': 81}, {'source': 10, 'target': 150}, {'source': 12, 'target': 72}, {'source': 12, 'target': 36}, {'source': 12, 'target': 251}, {'source': 13, 'target': 245}, {'source': 15, 'target': 145}, {'source': 15, 'target': 108}, {'source': 16, 'target': 202}, {'source': 16, 'target': 239}, {'source': 17, 'target': 100}, {'source': 17, 'target': 213}, {'source': 18, 'target': 91}, {'source': 21, 'target': 63}, {'source': 21, 'target': 238}, {'source': 22, 'target': 96}, {'source': 22, 'target': 201}, {'source': 24, 'target': 167}, {'source': 24, 'target': 170}, {'source': 25, 'target': 115}, {'source': 25, 'target': 190}, {'source': 26, 'target': 109}, {'source': 27, 'target': 152}, {'source': 27, 'target': 67}, {'source': 28, 'target': 107}, {'source': 29, 'target': 175}, {'source': 32, 'target': 138}, {'source': 32, 'target': 208}, {'source': 32, 'target': 146}, {'source': 34, 'target': 20}, {'source': 34, 'target': 142}, {'source': 35, 'target': 46}, {'source': 35, 'target': 228}, {'source': 35, 'target': 252}, {'source': 36, 'target': 82}, {'source': 37, 'target': 182}, {'source': 38, 'target': 54}, {'source': 41, 'target': 61}, {'source': 41, 'target': 172}, {'source': 43, 'target': 227}, {'source': 44, 'target': 6}, {'source': 45, 'target': 13}, {'source': 48, 'target': 17}, {'source': 48, 'target': 234}, {'source': 48, 'target': 117}, {'source': 49, 'target': 111}, {'source': 50, 'target': 241}, {'source': 50, 'target': 236}, {'source': 52, 'target': 12}, {'source': 54, 'target': 90}, {'source': 54, 'target': 246}, {'source': 57, 'target': 161}, {'source': 57, 'target': 151}, {'source': 57, 'target': 186}, {'source': 60, 'target': 257}, {'source': 63, 'target': 47}, {'source': 63, 'target': 133}, {'source': 65, 'target': 163}, {'source': 67, 'target': 21}, {'source': 68, 'target': 144}, {'source': 69, 'target': 33}, {'source': 69, 'target': 159}, {'source': 69, 'target': 2}, {'source': 70, 'target': 120}, {'source': 71, 'target': 140}, {'source': 71, 'target': 176}, {'source': 71, 'target': 191}, {'source': 73, 'target': 188}, {'source': 74, 'target': 7}, {'source': 74, 'target': 34}, {'source': 76, 'target': 184}, {'source': 76, 'target': 143}, {'source': 76, 'target': 177}, {'source': 77, 'target': 165}, {'source': 78, 'target': 233}, {'source': 78, 'target': 57}, {'source': 79, 'target': 85}, {'source': 79, 'target': 255}, {'source': 80, 'target': 37}, {'source': 81, 'target': 102}, {'source': 81, 'target': 113}, {'source': 82, 'target': 147}, {'source': 82, 'target': 127}, {'source': 85, 'target': 135}, {'source': 86, 'target': 9}, {'source': 87, 'target': 132}, {'source': 88, 'target': 76}, {'source': 89, 'target': 110}, {'source': 90, 'target': 28}, {'source': 91, 'target': 22}, {'source': 91, 'target': 253}, {'source': 93, 'target': 129}, {'source': 93, 'target': 29}, {'source': 94, 'target': 99}, {'source': 94, 'target': 262}, {'source': 98, 'target': 221}, {'source': 99, 'target': 223}, {'source': 101, 'target': 216}, {'source': 104, 'target': 211}, {'source': 106, 'target': 35}, {'source': 108, 'target': 174}, {'source': 108, 'target': 48}, {'source': 108, 'target': 156}, {'source': 110, 'target': 84}, {'source': 110, 'target': 162}, {'source': 111, 'target': 4}, {'source': 114, 'target': 58}, {'source': 114, 'target': 64}, {'source': 115, 'target': 59}, {'source': 117, 'target': 220}, {'source': 117, 'target': 258}, {'source': 119, 'target': 116}, {'source': 119, 'target': 189}, {'source': 121, 'target': 14}, {'source': 121, 'target': 87}, {'source': 121, 'target': 240}, {'source': 122, 'target': 70}, {'source': 123, 'target': 79}, {'source': 124, 'target': 229}, {'source': 127, 'target': 224}, {'source': 128, 'target': 261}, {'source': 129, 'target': 180}, {'source': 131, 'target': 153}, {'source': 132, 'target': 237}, {'source': 133, 'target': 30}, {'source': 133, 'target': 18}, {'source': 137, 'target': 19}, {'source': 137, 'target': 60}, {'source': 138, 'target': 171}, {'source': 140, 'target': 95}, {'source': 141, 'target': 41}, {'source': 142, 'target': 265}, {'source': 142, 'target': 268}, {'source': 143, 'target': 155}, {'source': 143, 'target': 73}, {'source': 143, 'target': 231}, {'source': 144, 'target': 118}, {'source': 145, 'target': 204}, {'source': 146, 'target': 212}, {'source': 148, 'target': 78}, {'source': 149, 'target': 105}, {'source': 151, 'target': 209}, {'source': 152, 'target': 23}, {'source': 152, 'target': 126}, {'source': 153, 'target': 169}, {'source': 153, 'target': 183}, {'source': 154, 'target': 62}, {'source': 156, 'target': 195}, {'source': 157, 'target': 65}, {'source': 158, 'target': 66}, {'source': 158, 'target': 119}, {'source': 159, 'target': 39}, {'source': 160, 'target': 71}, {'source': 164, 'target': 75}, {'source': 164, 'target': 168}, {'source': 165, 'target': 45}, {'source': 168, 'target': 97}, {'source': 170, 'target': 192}, {'source': 170, 'target': 242}, {'source': 173, 'target': 263}, {'source': 174, 'target': 31}, {'source': 175, 'target': 230}, {'source': 175, 'target': 124}, {'source': 176, 'target': 86}, {'source': 177, 'target': 27}, {'source': 178, 'target': 196}, {'source': 178, 'target': 148}, {'source': 178, 'target': 160}, {'source': 180, 'target': 98}, {'source': 181, 'target': 25}, {'source': 182, 'target': 92}, {'source': 182, 'target': 112}, {'source': 182, 'target': 139}, {'source': 182, 'target': 256}, {'source': 184, 'target': 43}, {'source': 185, 'target': 80}, {'source': 185, 'target': 104}, {'source': 185, 'target': 214}, {'source': 186, 'target': 3}, {'source': 187, 'target': 94}, {'source': 189, 'target': 83}, {'source': 190, 'target': 56}, {'source': 191, 'target': 218}, {'source': 191, 'target': 123}, {'source': 193, 'target': 125}, {'source': 193, 'target': 260}, {'source': 193, 'target': 178}, {'source': 194, 'target': 157}, {'source': 195, 'target': 205}, {'source': 195, 'target': 44}, {'source': 195, 'target': 247}, {'source': 195, 'target': 264}, {'source': 198, 'target': 42}, {'source': 199, 'target': 215}, {'source': 203, 'target': 200}, {'source': 203, 'target': 74}, {'source': 204, 'target': 181}, {'source': 204, 'target': 226}, {'source': 205, 'target': 199}, {'source': 206, 'target': 136}, {'source': 206, 'target': 158}, {'source': 209, 'target': 114}, {'source': 209, 'target': 187}, {'source': 209, 'target': 266}, {'source': 210, 'target': 40}, {'source': 210, 'target': 254}, {'source': 211, 'target': 15}, {'source': 212, 'target': 103}, {'source': 212, 'target': 69}, {'source': 213, 'target': 10}, {'source': 214, 'target': 38}, {'source': 214, 'target': 248}, {'source': 217, 'target': 225}, {'source': 217, 'target': 50}, {'source': 218, 'target': 250}, {'source': 219, 'target': 222}, {'source': 220, 'target': 53}, {'source': 221, 'target': 32}, {'source': 222, 'target': 249}, {'source': 225, 'target': 0}, {'source': 229, 'target': 16}, {'source': 232, 'target': 207}, {'source': 233, 'target': 26}, {'source': 236, 'target': 193}, {'source': 238, 'target': 68}, {'source': 238, 'target': 141}, {'source': 238, 'target': 210}, {'source': 238, 'target': 137}, {'source': 239, 'target': 122}, {'source': 239, 'target': 130}, {'source': 239, 'target': 235}, {'source': 240, 'target': 244}, {'source': 241, 'target': 149}, {'source': 241, 'target': 166}, {'source': 241, 'target': 131}, {'source': 241, 'target': 101}, {'source': 242, 'target': 154}, {'source': 242, 'target': 232}, {'source': 244, 'target': 267}, {'source': 245, 'target': 121}, {'source': 247, 'target': 243}, {'source': 248, 'target': 1}, {'source': 248, 'target': 77}, {'source': 249, 'target': 217}, {'source': 251, 'target': 194}, {'source': 252, 'target': 8}, {'source': 253, 'target': 206}, {'source': 253, 'target': 52}, {'source': 255, 'target': 198}, {'source': 255, 'target': 106}, {'source': 255, 'target': 269}, {'source': 256, 'target': 89}, {'source': 256, 'target': 179}, {'source': 259, 'target': 93}, {'source': 261, 'target': 134}, {'source': 262, 'target': 88}, {'source': 262, 'target': 259}, {'source': 262, 'target': 173}, {'source': 267, 'target': 128}, {'source': 267, 'target': 203}, {'source': 269, 'target': 164}]}",3
"{'directed': True, 'multigraph': False, 'graph': {}, 'nodes': [{'id': 0}, {'id': 1}, {'id': 2}, {'id': 3}, {'id': 4}, {'id': 5}, {'id': 6}, {'id': 7}, {'id': 8}, {'id': 9}, {'id': 10}, {'id': 11}, {'id': 12}, {'id': 13}, {'id': 14}, {'id': 15}, {'id': 16}, {'id': 17}, {'id': 18}, {'id': 19}, {'id': 20}, {'id': 21}, {'id': 22}, {'id': 23}, {'id': 24}, {'id': 25}, {'id': 26}, {'id': 27}, {'id': 28}, {'id': 29}, {'id': 30}, {'id': 31}, {'id': 32}, {'id': 33}, {'id': 34}, {'id': 35}, {'id': 36}, {'id': 37}, {'id': 38}, {'id': 39}, {'id': 40}, {'id': 41}, {'id': 42}, {'id': 43}, {'id': 44}, {'id': 45}, {'id': 46}, {'id': 47}, {'id': 48}, {'id': 49}, {'id': 50}, {'id': 51}, {'id': 52}, {'id': 53}, {'id': 54}, {'id': 55}, {'id': 56}, {'id': 57}, {'id': 58}, {'id': 59}, {'id': 60}, {'id': 61}, {'id': 62}, {'id': 63}, {'id': 64}, {'id': 65}, {'id': 66}, {'id': 67}, {'id': 68}, {'id': 69}, {'id': 70}, {'id': 71}, {'id': 72}, {'id': 73}, {'id': 74}, {'id': 75}, {'id': 76}, {'id': 77}, {'id': 78}, {'id': 79}, {'id': 80}, {'id': 81}, {'id': 82}, {'id': 83}, {'id': 84}, {'id': 85}, {'id': 86}, {'id': 87}, {'id': 88}, {'id': 89}, {'id': 90}, {'id': 91}, {'id': 92}, {'id': 93}, {'id': 94}, {'id': 95}, {'id': 96}, {'id': 97}, {'id': 98}, {'id': 99}, {'id': 100}, {'id': 101}, {'id': 102}, {'id': 103}, {'id': 104}, {'id': 105}, {'id': 106}, {'id': 107}, {'id': 108}, {'id': 109}, {'id': 110}, {'id': 111}, {'id': 112}, {'id': 113}, {'id': 114}, {'id': 115}, {'id': 116}, {'id': 117}, {'id': 118}, {'id': 119}, {'id': 120}, {'id': 121}, {'id': 122}, {'id': 123}, {'id': 124}, {'id': 125}, {'id': 126}, {'id': 127}, {'id': 128}, {'id': 129}, {'id': 130}, {'id': 131}, {'id': 132}, {'id': 133}, {'id': 134}, {'id': 135}, {'id': 136}, {'id': 137}, {'id': 138}, {'id': 139}, {'id': 140}, {'id': 141}, {'id': 142}, {'id': 143}, {'id': 144}, {'id': 145}, {'id': 146}, {'id': 147}, {'id': 148}, {'id': 149}, {'id': 150}, {'id': 151}, {'id': 152}, {'id': 153}, {'id': 154}, {'id': 155}, {'id': 156}, {'id': 157}, {'id': 158}, {'id': 159}, {'id': 160}, {'id': 161}, {'id': 162}, {'id': 163}, {'id': 164}, {'id': 165}, {'id': 166}, {'id': 167}, {'id': 168}, {'id': 169}, {'id': 170}, {'id': 171}, {'id': 172}, {'id': 173}, {'id': 174}, {'id': 175}, {'id': 176}, {'id': 177}, {'id': 178}, {'id': 179}, {'id': 180}, {'id': 181}, {'id': 182}, {'id': 183}, {'id': 184}, {'id': 185}, {'id': 186}, {'id': 187}, {'id': 188}, {'id': 189}, {'id': 190}, {'id': 191}, {'id': 192}, {'id': 193}, {'id': 194}, {'id': 195}, {'id': 196}, {'id': 197}, {'id': 198}, {'id': 199}, {'id': 200}, {'id': 201}, {'id': 202}, {'id': 203}, {'id': 204}, {'id': 205}, {'id': 206}, {'id': 207}, {'id': 208}, {'id': 209}, {'id': 210}, {'id': 211}, {'id': 212}, {'id': 213}, {'id': 214}, {'id': 215}, {'id': 216}, {'id': 217}, {'id': 218}, {'id': 219}, {'id': 220}, {'id': 221}, {'id': 222}, {'id': 223}, {'id': 224}, {'id': 225}, {'id': 226}, {'id': 227}, {'id': 228}, {'id': 229}, {'id': 230}, {'id': 231}, {'id': 232}, {'id': 233}, {'id': 234}, {'id': 235}, {'id': 236}, {'id': 237}, {'id': 238}, {'id': 239}, {'id': 240}, {'id': 241}, {'id': 242}, {'id': 243}, {'id': 244}, {'id': 245}, {'id': 246}, {'id': 247}, {'id': 248}, {'id': 249}, {'id': 250}, {'id': 251}, {'id': 252}, {'id': 253}, {'id': 254}, {'id': 255}, {'id': 256}, {'id': 257}, {'id': 258}, {'id': 259}, {'id': 260}, {'id': 261}, {'id': 262}, {'id': 263}, {'id': 264}, {'id': 265}, {'id': 266}, {'id': 267}, {'id': 268}, {'id': 269}], 'links': [{'source': 0, 'target': 3}, {'source': 1, 'target': 115}, {'source': 3, 'target': 255}, {'source': 3, 'target': 1}, {'source': 5, 'target': 25}, {'source': 5, 'target': 202}, {'source': 5, 'target': 98}, {'source': 6, 'target': 256}, {'source': 8, 'target': 258}, {'source': 8, 'target': 154}, {'source': 11, 'target': 96}, {'source': 14, 'target': 247}, {'source': 15, 'target': 222}, {'source': 16, 'target': 248}, {'source': 16, 'target': 267}, {'source': 17, 'target': 54}, {'source': 17, 'target': 253}, {'source': 19, 'target': 168}, {'source': 19, 'target': 14}, {'source': 20, 'target': 57}, {'source': 23, 'target': 200}, {'source': 23, 'target': 121}, {'source': 24, 'target': 45}, {'source': 25, 'target': 77}, {'source': 25, 'target': 102}, {'source': 28, 'target': 36}, {'source': 28, 'target': 112}, {'source': 31, 'target': 165}, {'source': 33, 'target': 55}, {'source': 34, 'target': 129}, {'source': 35, 'target': 127}, {'source': 35, 'target': 109}, {'source': 38, 'target': 191}, {'source': 39, 'target': 71}, {'source': 39, 'target': 204}, {'source': 39, 'target': 138}, {'source': 40, 'target': 51}, {'source': 41, 'target': 61}, {'source': 43, 'target': 150}, {'source': 43, 'target': 228}, {'source': 43, 'target': 233}, {'source': 44, 'target': 116}, {'source': 46, 'target': 130}, {'source': 47, 'target': 132}, {'source': 49, 'target': 53}, {'source': 50, 'target': 111}, {'source': 50, 'target': 136}, {'source': 51, 'target': 175}, {'source': 51, 'target': 249}, {'source': 52, 'target': 209}, {'source': 53, 'target': 205}, {'source': 53, 'target': 143}, {'source': 55, 'target': 94}, {'source': 55, 'target': 74}, {'source': 57, 'target': 106}, {'source': 57, 'target': 186}, {'source': 58, 'target': 32}, {'source': 59, 'target': 230}, {'source': 59, 'target': 251}, {'source': 60, 'target': 7}, {'source': 60, 'target': 189}, {'source': 61, 'target': 241}, {'source': 61, 'target': 199}, {'source': 62, 'target': 254}, {'source': 64, 'target': 104}, {'source': 64, 'target': 139}, {'source': 64, 'target': 83}, {'source': 66, 'target': 183}, {'source': 68, 'target': 15}, {'source': 69, 'target': 140}, {'source': 70, 'target': 49}, {'source': 71, 'target': 23}, {'source': 72, 'target': 146}, {'source': 73, 'target': 87}, {'source': 74, 'target': 159}, {'source': 74, 'target': 226}, {'source': 75, 'target': 148}, {'source': 76, 'target': 262}, {'source': 76, 'target': 264}, {'source': 78, 'target': 147}, {'source': 80, 'target': 123}, {'source': 80, 'target': 244}, {'source': 81, 'target': 103}, {'source': 82, 'target': 100}, {'source': 83, 'target': 50}, {'source': 84, 'target': 117}, {'source': 84, 'target': 120}, {'source': 84, 'target': 78}, {'source': 86, 'target': 99}, {'source': 87, 'target': 179}, {'source': 88, 'target': 149}, {'source': 88, 'target': 52}, {'source': 89, 'target': 156}, {'source': 92, 'target': 208}, {'source': 93, 'target': 72}, {'source': 93, 'target': 164}, {'source': 94, 'target': 34}, {'source': 94, 'target': 188}, {'source': 95, 'target': 27}, {'source': 96, 'target': 19}, {'source': 97, 'target': 6}, {'source': 98, 'target': 232}, {'source': 100, 'target': 269}, {'source': 101, 'target': 21}, {'source': 103, 'target': 125}, {'source': 103, 'target': 162}, {'source': 103, 'target': 201}, {'source': 103, 'target': 211}, {'source': 105, 'target': 17}, {'source': 107, 'target': 266}, {'source': 109, 'target': 245}, {'source': 109, 'target': 268}, {'source': 111, 'target': 10}, {'source': 112, 'target': 141}, {'source': 114, 'target': 20}, {'source': 114, 'target': 181}, {'source': 114, 'target': 212}, {'source': 115, 'target': 206}, {'source': 115, 'target': 92}, {'source': 118, 'target': 131}, {'source': 118, 'target': 182}, {'source': 119, 'target': 0}, {'source': 121, 'target': 9}, {'source': 121, 'target': 85}, {'source': 121, 'target': 105}, {'source': 122, 'target': 37}, {'source': 122, 'target': 193}, {'source': 124, 'target': 227}, {'source': 124, 'target': 234}, {'source': 130, 'target': 44}, {'source': 130, 'target': 261}, {'source': 132, 'target': 155}, {'source': 132, 'target': 68}, {'source': 133, 'target': 5}, {'source': 135, 'target': 13}, {'source': 136, 'target': 265}, {'source': 137, 'target': 260}, {'source': 138, 'target': 166}, {'source': 139, 'target': 26}, {'source': 139, 'target': 63}, {'source': 139, 'target': 240}, {'source': 141, 'target': 91}, {'source': 141, 'target': 158}, {'source': 141, 'target': 133}, {'source': 142, 'target': 221}, {'source': 143, 'target': 151}, {'source': 144, 'target': 39}, {'source': 145, 'target': 198}, {'source': 146, 'target': 110}, {'source': 148, 'target': 236}, {'source': 150, 'target': 215}, {'source': 151, 'target': 152}, {'source': 152, 'target': 2}, {'source': 152, 'target': 81}, {'source': 152, 'target': 263}, {'source': 152, 'target': 180}, {'source': 154, 'target': 67}, {'source': 154, 'target': 97}, {'source': 157, 'target': 216}, {'source': 157, 'target': 190}, {'source': 157, 'target': 144}, {'source': 159, 'target': 135}, {'source': 162, 'target': 95}, {'source': 165, 'target': 22}, {'source': 166, 'target': 126}, {'source': 166, 'target': 160}, {'source': 166, 'target': 176}, {'source': 166, 'target': 237}, {'source': 167, 'target': 170}, {'source': 168, 'target': 69}, {'source': 170, 'target': 161}, {'source': 170, 'target': 197}, {'source': 170, 'target': 35}, {'source': 171, 'target': 84}, {'source': 171, 'target': 59}, {'source': 172, 'target': 235}, {'source': 174, 'target': 203}, {'source': 174, 'target': 224}, {'source': 176, 'target': 48}, {'source': 176, 'target': 238}, {'source': 178, 'target': 65}, {'source': 178, 'target': 47}, {'source': 179, 'target': 90}, {'source': 179, 'target': 163}, {'source': 180, 'target': 64}, {'source': 181, 'target': 31}, {'source': 181, 'target': 38}, {'source': 184, 'target': 56}, {'source': 186, 'target': 184}, {'source': 188, 'target': 118}, {'source': 189, 'target': 124}, {'source': 190, 'target': 239}, {'source': 191, 'target': 250}, {'source': 193, 'target': 213}, {'source': 193, 'target': 231}, {'source': 194, 'target': 169}, {'source': 195, 'target': 24}, {'source': 197, 'target': 12}, {'source': 199, 'target': 128}, {'source': 199, 'target': 62}, {'source': 200, 'target': 89}, {'source': 201, 'target': 196}, {'source': 204, 'target': 30}, {'source': 204, 'target': 172}, {'source': 204, 'target': 257}, {'source': 205, 'target': 229}, {'source': 208, 'target': 185}, {'source': 208, 'target': 43}, {'source': 208, 'target': 259}, {'source': 209, 'target': 194}, {'source': 210, 'target': 40}, {'source': 211, 'target': 18}, {'source': 211, 'target': 29}, {'source': 212, 'target': 217}, {'source': 212, 'target': 16}, {'source': 215, 'target': 218}, {'source': 216, 'target': 145}, {'source': 217, 'target': 66}, {'source': 218, 'target': 195}, {'source': 219, 'target': 4}, {'source': 219, 'target': 73}, {'source': 221, 'target': 246}, {'source': 222, 'target': 192}, {'source': 222, 'target': 167}, {'source': 225, 'target': 108}, {'source': 225, 'target': 76}, {'source': 230, 'target': 80}, {'source': 231, 'target': 113}, {'source': 231, 'target': 178}, {'source': 234, 'target': 107}, {'source': 235, 'target': 153}, {'source': 236, 'target': 11}, {'source': 236, 'target': 137}, {'source': 237, 'target': 60}, {'source': 239, 'target': 223}, {'source': 239, 'target': 242}, {'source': 241, 'target': 93}, {'source': 241, 'target': 214}, {'source': 242, 'target': 70}, {'source': 243, 'target': 79}, {'source': 243, 'target': 46}, {'source': 243, 'target': 225}, {'source': 243, 'target': 82}, {'source': 244, 'target': 177}, {'source': 244, 'target': 174}, {'source': 246, 'target': 210}, {'source': 246, 'target': 252}, {'source': 248, 'target': 101}, {'source': 248, 'target': 8}, {'source': 249, 'target': 171}, {'source': 250, 'target': 33}, {'source': 253, 'target': 42}, {'source': 253, 'target': 86}, {'source': 253, 'target': 207}, {'source': 254, 'target': 88}, {'source': 256, 'target': 119}, {'source': 257, 'target': 173}, {'source': 258, 'target': 58}, {'source': 258, 'target': 75}, {'source': 259, 'target': 122}, {'source': 260, 'target': 220}, {'source': 263, 'target': 134}, {'source': 264, 'target': 219}, {'source': 266, 'target': 41}, {'source': 266, 'target': 114}, {'source': 267, 'target': 187}, {'source': 267, 'target': 243}, {'source': 268, 'target': 28}, {'source': 269, 'target': 142}]}",10
"{'directed': True, 'multigraph': False, 'graph': {}, 'nodes': [{'id': 0}, {'id': 1}, {'id': 2}, {'id': 3}, {'id': 4}, {'id': 5}, {'id': 6}, {'id': 7}, {'id': 8}, {'id': 9}, {'id': 10}, {'id': 11}, {'id': 12}, {'id': 13}, {'id': 14}, {'id': 15}, {'id': 16}, {'id': 17}, {'id': 18}, {'id': 19}, {'id': 20}, {'id': 21}, {'id': 22}, {'id': 23}, {'id': 24}, {'id': 25}, {'id': 26}, {'id': 27}, {'id': 28}, {'id': 29}, {'id': 30}, {'id': 31}, {'id': 32}, {'id': 33}, {'id': 34}, {'id': 35}, {'id': 36}, {'id': 37}, {'id': 38}, {'id': 39}, {'id': 40}, {'id': 41}, {'id': 42}, {'id': 43}, {'id': 44}, {'id': 45}, {'id': 46}, {'id': 47}, {'id': 48}, {'id': 49}, {'id': 50}, {'id': 51}, {'id': 52}, {'id': 53}, {'id': 54}, {'id': 55}, {'id': 56}, {'id': 57}, {'id': 58}, {'id': 59}, {'id': 60}, {'id': 61}, {'id': 62}, {'id': 63}, {'id': 64}, {'id': 65}, {'id': 66}, {'id': 67}, {'id': 68}, {'id': 69}, {'id': 70}, {'id': 71}, {'id': 72}, {'id': 73}, {'id': 74}, {'id': 75}, {'id': 76}, {'id': 77}, {'id': 78}, {'id': 79}, {'id': 80}, {'id': 81}, {'id': 82}, {'id': 83}, {'id': 84}, {'id': 85}, {'id': 86}, {'id': 87}, {'id': 88}, {'id': 89}, {'id': 90}, {'id': 91}, {'id': 92}, {'id': 93}, {'id': 94}, {'id': 95}, {'id': 96}, {'id': 97}, {'id': 98}, {'id': 99}, {'id': 100}, {'id': 101}, {'id': 102}, {'id': 103}, {'id': 104}, {'id': 105}, {'id': 106}, {'id': 107}, {'id': 108}, {'id': 109}, {'id': 110}, {'id': 111}, {'id': 112}, {'id': 113}, {'id': 114}, {'id': 115}, {'id': 116}, {'id': 117}, {'id': 118}, {'id': 119}, {'id': 120}, {'id': 121}, {'id': 122}, {'id': 123}, {'id': 124}, {'id': 125}, {'id': 126}, {'id': 127}, {'id': 128}, {'id': 129}, {'id': 130}, {'id': 131}, {'id': 132}, {'id': 133}, {'id': 134}, {'id': 135}, {'id': 136}, {'id': 137}, {'id': 138}, {'id': 139}, {'id': 140}, {'id': 141}, {'id': 142}, {'id': 143}, {'id': 144}, {'id': 145}, {'id': 146}, {'id': 147}, {'id': 148}, {'id': 149}, {'id': 150}, {'id': 151}, {'id': 152}, {'id': 153}, {'id': 154}, {'id': 155}, {'id': 156}, {'id': 157}, {'id': 158}, {'id': 159}, {'id': 160}, {'id': 161}, {'id': 162}, {'id': 163}, {'id': 164}, {'id': 165}, {'id': 166}, {'id': 167}, {'id': 168}, {'id': 169}, {'id': 170}, {'id': 171}, {'id': 172}, {'id': 173}, {'id': 174}, {'id': 175}, {'id': 176}, {'id': 177}, {'id': 178}, {'id': 179}, {'id': 180}, {'id': 181}, {'id': 182}, {'id': 183}, {'id': 184}, {'id': 185}, {'id': 186}, {'id': 187}, {'id': 188}, {'id': 189}, {'id': 190}, {'id': 191}, {'id': 192}, {'id': 193}, {'id': 194}, {'id': 195}, {'id': 196}, {'id': 197}, {'id': 198}, {'id': 199}, {'id': 200}, {'id': 201}, {'id': 202}, {'id': 203}, {'id': 204}, {'id': 205}, {'id': 206}, {'id': 207}, {'id': 208}, {'id': 209}, {'id': 210}, {'id': 211}, {'id': 212}, {'id': 213}, {'id': 214}, {'id': 215}, {'id': 216}, {'id': 217}, {'id': 218}, {'id': 219}, {'id': 220}, {'id': 221}, {'id': 222}, {'id': 223}, {'id': 224}, {'id': 225}, {'id': 226}, {'id': 227}, {'id': 228}, {'id': 229}, {'id': 230}, {'id': 231}, {'id': 232}, {'id': 233}, {'id': 234}, {'id': 235}, {'id': 236}, {'id': 237}, {'id': 238}, {'id': 239}, {'id': 240}, {'id': 241}, {'id': 242}, {'id': 243}, {'id': 244}, {'id': 245}, {'id': 246}, {'id': 247}, {'id': 248}, {'id': 249}, {'id': 250}, {'id': 251}, {'id': 252}, {'id': 253}, {'id': 254}, {'id': 255}, {'id': 256}, {'id': 257}, {'id': 258}, {'id': 259}, {'id': 260}, {'id': 261}, {'id': 262}, {'id': 263}, {'id': 264}, {'id': 265}, {'id': 266}, {'id': 267}, {'id': 268}, {'id': 269}], 'links': [{'source': 0, 'target': 135}, {'source': 1, 'target': 22}, {'source': 1, 'target': 48}, {'source': 1, 'target': 54}, {'source': 1, 'target': 131}, {'source': 2, 'target': 66}, {'source': 3, 'target': 97}, {'source': 4, 'target': 175}, {'source': 5, 'target': 140}, {'source': 6, 'target': 214}, {'source': 6, 'target': 124}, {'source': 8, 'target': 31}, {'source': 8, 'target': 173}, {'source': 8, 'target': 197}, {'source': 10, 'target': 39}, {'source': 11, 'target': 111}, {'source': 14, 'target': 34}, {'source': 18, 'target': 185}, {'source': 18, 'target': 256}, {'source': 19, 'target': 17}, {'source': 20, 'target': 177}, {'source': 25, 'target': 36}, {'source': 25, 'target': 62}, {'source': 27, 'target': 162}, {'source': 31, 'target': 249}, {'source': 33, 'target': 10}, {'source': 37, 'target': 42}, {'source': 37, 'target': 238}, {'source': 38, 'target': 72}, {'source': 39, 'target': 61}, {'source': 39, 'target': 260}, {'source': 40, 'target': 182}, {'source': 41, 'target': 174}, {'source': 43, 'target': 83}, {'source': 44, 'target': 110}, {'source': 45, 'target': 69}, {'source': 45, 'target': 96}, {'source': 45, 'target': 126}, {'source': 46, 'target': 267}, {'source': 50, 'target': 40}, {'source': 50, 'target': 262}, {'source': 52, 'target': 117}, {'source': 53, 'target': 219}, {'source': 58, 'target': 164}, {'source': 59, 'target': 230}, {'source': 59, 'target': 172}, {'source': 59, 'target': 6}, {'source': 60, 'target': 43}, {'source': 61, 'target': 0}, {'source': 62, 'target': 166}, {'source': 63, 'target': 20}, {'source': 67, 'target': 58}, {'source': 68, 'target': 13}, {'source': 68, 'target': 28}, {'source': 68, 'target': 93}, {'source': 70, 'target': 254}, {'source': 72, 'target': 106}, {'source': 73, 'target': 65}, {'source': 73, 'target': 253}, {'source': 74, 'target': 60}, {'source': 75, 'target': 11}, {'source': 78, 'target': 224}, {'source': 82, 'target': 116}, {'source': 83, 'target': 105}, {'source': 85, 'target': 7}, {'source': 85, 'target': 82}, {'source': 85, 'target': 181}, {'source': 85, 'target': 50}, {'source': 88, 'target': 15}, {'source': 88, 'target': 190}, {'source': 88, 'target': 125}, {'source': 89, 'target': 32}, {'source': 90, 'target': 107}, {'source': 91, 'target': 149}, {'source': 91, 'target': 211}, {'source': 91, 'target': 146}, {'source': 92, 'target': 5}, {'source': 93, 'target': 220}, {'source': 96, 'target': 19}, {'source': 97, 'target': 136}, {'source': 98, 'target': 115}, {'source': 98, 'target': 258}, {'source': 99, 'target': 223}, {'source': 100, 'target': 227}, {'source': 101, 'target': 79}, {'source': 101, 'target': 239}, {'source': 102, 'target': 204}, {'source': 102, 'target': 99}, {'source': 103, 'target': 47}, {'source': 103, 'target': 246}, {'source': 104, 'target': 170}, {'source': 105, 'target': 84}, {'source': 107, 'target': 194}, {'source': 108, 'target': 183}, {'source': 108, 'target': 102}, {'source': 109, 'target': 147}, {'source': 110, 'target': 80}, {'source': 110, 'target': 210}, {'source': 110, 'target': 217}, {'source': 113, 'target': 74}, {'source': 113, 'target': 160}, {'source': 113, 'target': 208}, {'source': 114, 'target': 207}, {'source': 115, 'target': 180}, {'source': 115, 'target': 233}, {'source': 116, 'target': 231}, {'source': 117, 'target': 49}, {'source': 117, 'target': 3}, {'source': 118, 'target': 134}, {'source': 118, 'target': 245}, {'source': 122, 'target': 75}, {'source': 122, 'target': 123}, {'source': 124, 'target': 163}, {'source': 125, 'target': 91}, {'source': 125, 'target': 269}, {'source': 127, 'target': 187}, {'source': 127, 'target': 259}, {'source': 132, 'target': 198}, {'source': 135, 'target': 152}, {'source': 136, 'target': 56}, {'source': 137, 'target': 9}, {'source': 137, 'target': 122}, {'source': 137, 'target': 103}, {'source': 139, 'target': 45}, {'source': 139, 'target': 142}, {'source': 139, 'target': 216}, {'source': 140, 'target': 25}, {'source': 141, 'target': 243}, {'source': 146, 'target': 156}, {'source': 146, 'target': 251}, {'source': 147, 'target': 89}, {'source': 148, 'target': 143}, {'source': 150, 'target': 196}, {'source': 150, 'target': 18}, {'source': 151, 'target': 188}, {'source': 154, 'target': 148}, {'source': 154, 'target': 151}, {'source': 155, 'target': 248}, {'source': 157, 'target': 209}, {'source': 157, 'target': 244}, {'source': 159, 'target': 155}, {'source': 160, 'target': 16}, {'source': 161, 'target': 138}, {'source': 163, 'target': 108}, {'source': 163, 'target': 252}, {'source': 163, 'target': 184}, {'source': 163, 'target': 167}, {'source': 164, 'target': 14}, {'source': 164, 'target': 226}, {'source': 166, 'target': 78}, {'source': 166, 'target': 229}, {'source': 166, 'target': 137}, {'source': 167, 'target': 85}, {'source': 168, 'target': 128}, {'source': 171, 'target': 222}, {'source': 172, 'target': 76}, {'source': 172, 'target': 153}, {'source': 172, 'target': 68}, {'source': 172, 'target': 139}, {'source': 173, 'target': 59}, {'source': 173, 'target': 265}, {'source': 175, 'target': 95}, {'source': 175, 'target': 73}, {'source': 176, 'target': 165}, {'source': 176, 'target': 202}, {'source': 176, 'target': 114}, {'source': 177, 'target': 263}, {'source': 177, 'target': 264}, {'source': 179, 'target': 150}, {'source': 179, 'target': 268}, {'source': 181, 'target': 261}, {'source': 182, 'target': 206}, {'source': 183, 'target': 2}, {'source': 184, 'target': 257}, {'source': 185, 'target': 159}, {'source': 186, 'target': 64}, {'source': 186, 'target': 112}, {'source': 187, 'target': 250}, {'source': 188, 'target': 21}, {'source': 188, 'target': 24}, {'source': 188, 'target': 94}, {'source': 188, 'target': 157}, {'source': 189, 'target': 121}, {'source': 189, 'target': 225}, {'source': 190, 'target': 132}, {'source': 194, 'target': 70}, {'source': 195, 'target': 215}, {'source': 197, 'target': 203}, {'source': 197, 'target': 154}, {'source': 198, 'target': 26}, {'source': 199, 'target': 55}, {'source': 201, 'target': 119}, {'source': 202, 'target': 23}, {'source': 202, 'target': 38}, {'source': 203, 'target': 236}, {'source': 204, 'target': 120}, {'source': 205, 'target': 33}, {'source': 206, 'target': 104}, {'source': 206, 'target': 201}, {'source': 206, 'target': 205}, {'source': 207, 'target': 27}, {'source': 207, 'target': 92}, {'source': 209, 'target': 191}, {'source': 211, 'target': 53}, {'source': 212, 'target': 52}, {'source': 212, 'target': 44}, {'source': 213, 'target': 141}, {'source': 214, 'target': 4}, {'source': 215, 'target': 30}, {'source': 216, 'target': 129}, {'source': 216, 'target': 247}, {'source': 217, 'target': 200}, {'source': 218, 'target': 213}, {'source': 218, 'target': 8}, {'source': 219, 'target': 169}, {'source': 219, 'target': 46}, {'source': 220, 'target': 178}, {'source': 224, 'target': 193}, {'source': 224, 'target': 199}, {'source': 225, 'target': 158}, {'source': 225, 'target': 100}, {'source': 226, 'target': 12}, {'source': 226, 'target': 63}, {'source': 227, 'target': 57}, {'source': 227, 'target': 86}, {'source': 232, 'target': 218}, {'source': 234, 'target': 192}, {'source': 234, 'target': 171}, {'source': 234, 'target': 67}, {'source': 236, 'target': 212}, {'source': 236, 'target': 237}, {'source': 237, 'target': 266}, {'source': 240, 'target': 189}, {'source': 240, 'target': 176}, {'source': 242, 'target': 81}, {'source': 242, 'target': 232}, {'source': 243, 'target': 235}, {'source': 244, 'target': 161}, {'source': 244, 'target': 179}, {'source': 246, 'target': 98}, {'source': 250, 'target': 255}, {'source': 251, 'target': 242}, {'source': 252, 'target': 51}, {'source': 252, 'target': 109}, {'source': 252, 'target': 186}, {'source': 252, 'target': 228}, {'source': 253, 'target': 101}, {'source': 254, 'target': 77}, {'source': 254, 'target': 144}, {'source': 254, 'target': 88}, {'source': 255, 'target': 71}, {'source': 255, 'target': 145}, {'source': 258, 'target': 113}, {'source': 259, 'target': 35}, {'source': 259, 'target': 168}, {'source': 261, 'target': 130}, {'source': 261, 'target': 127}, {'source': 262, 'target': 221}, {'source': 262, 'target': 37}, {'source': 262, 'target': 118}, {'source': 264, 'target': 1}, {'source': 264, 'target': 90}, {'source': 265, 'target': 41}, {'source': 267, 'target': 87}, {'source': 267, 'target': 133}, {'source': 267, 'target': 195}, {'source': 267, 'target': 241}, {'source': 267, 'target': 240}, {'source': 269, 'target': 29}]}",10
"{'directed': True, 'multigraph': False, 'graph': {}, 'nodes': [{'id': 0}, {'id': 1}, {'id': 2}, {'id': 3}, {'id': 4}, {'id': 5}, {'id': 6}, {'id': 7}, {'id': 8}, {'id': 9}, {'id': 10}, {'id': 11}, {'id': 12}, {'id': 13}, {'id': 14}, {'id': 15}, {'id': 16}, {'id': 17}, {'id': 18}, {'id': 19}, {'id': 20}, {'id': 21}, {'id': 22}, {'id': 23}, {'id': 24}, {'id': 25}, {'id': 26}, {'id': 27}, {'id': 28}, {'id': 29}, {'id': 30}, {'id': 31}, {'id': 32}, {'id': 33}, {'id': 34}, {'id': 35}, {'id': 36}, {'id': 37}, {'id': 38}, {'id': 39}, {'id': 40}, {'id': 41}, {'id': 42}, {'id': 43}, {'id': 44}, {'id': 45}, {'id': 46}, {'id': 47}, {'id': 48}, {'id': 49}, {'id': 50}, {'id': 51}, {'id': 52}, {'id': 53}, {'id': 54}, {'id': 55}, {'id': 56}, {'id': 57}, {'id': 58}, {'id': 59}, {'id': 60}, {'id': 61}, {'id': 62}, {'id': 63}, {'id': 64}, {'id': 65}, {'id': 66}, {'id': 67}, {'id': 68}, {'id': 69}, {'id': 70}, {'id': 71}, {'id': 72}, {'id': 73}, {'id': 74}, {'id': 75}, {'id': 76}, {'id': 77}, {'id': 78}, {'id': 79}, {'id': 80}, {'id': 81}, {'id': 82}, {'id': 83}, {'id': 84}, {'id': 85}, {'id': 86}, {'id': 87}, {'id': 88}, {'id': 89}, {'id': 90}, {'id': 91}, {'id': 92}, {'id': 93}, {'id': 94}, {'id': 95}, {'id': 96}, {'id': 97}, {'id': 98}, {'id': 99}, {'id': 100}, {'id': 101}, {'id': 102}, {'id': 103}, {'id': 104}, {'id': 105}, {'id': 106}, {'id': 107}, {'id': 108}, {'id': 109}, {'id': 110}, {'id': 111}, {'id': 112}, {'id': 113}, {'id': 114}, {'id': 115}, {'id': 116}, {'id': 117}, {'id': 118}, {'id': 119}, {'id': 120}, {'id': 121}, {'id': 122}, {'id': 123}, {'id': 124}, {'id': 125}, {'id': 126}, {'id': 127}, {'id': 128}, {'id': 129}, {'id': 130}, {'id': 131}, {'id': 132}, {'id': 133}, {'id': 134}, {'id': 135}, {'id': 136}, {'id': 137}, {'id': 138}, {'id': 139}, {'id': 140}, {'id': 141}, {'id': 142}, {'id': 143}, {'id': 144}, {'id': 145}, {'id': 146}, {'id': 147}, {'id': 148}, {'id': 149}, {'id': 150}, {'id': 151}, {'id': 152}, {'id': 153}, {'id': 154}, {'id': 155}, {'id': 156}, {'id': 157}, {'id': 158}, {'id': 159}, {'id': 160}, {'id': 161}, {'id': 162}, {'id': 163}, {'id': 164}, {'id': 165}, {'id': 166}, {'id': 167}, {'id': 168}, {'id': 169}, {'id': 170}, {'id': 171}, {'id': 172}, {'id': 173}, {'id': 174}, {'id': 175}, {'id': 176}, {'id': 177}, {'id': 178}, {'id': 179}, {'id': 180}, {'id': 181}, {'id': 182}, {'id': 183}, {'id': 184}, {'id': 185}, {'id': 186}, {'id': 187}, {'id': 188}, {'id': 189}, {'id': 190}, {'id': 191}, {'id': 192}, {'id': 193}, {'id': 194}, {'id': 195}, {'id': 196}, {'id': 197}, {'id': 198}, {'id': 199}, {'id': 200}, {'id': 201}, {'id': 202}, {'id': 203}, {'id': 204}, {'id': 205}, {'id': 206}, {'id': 207}, {'id': 208}, {'id': 209}, {'id': 210}, {'id': 211}, {'id': 212}, {'id': 213}, {'id': 214}, {'id': 215}, {'id': 216}, {'id': 217}, {'id': 218}, {'id': 219}, {'id': 220}, {'id': 221}, {'id': 222}, {'id': 223}, {'id': 224}, {'id': 225}, {'id': 226}, {'id': 227}, {'id': 228}, {'id': 229}, {'id': 230}, {'id': 231}, {'id': 232}, {'id': 233}, {'id': 234}, {'id': 235}, {'id': 236}, {'id': 237}, {'id': 238}, {'id': 239}, {'id': 240}, {'id': 241}, {'id': 242}, {'id': 243}, {'id': 244}, {'id': 245}, {'id': 246}, {'id': 247}, {'id': 248}, {'id': 249}, {'id': 250}, {'id': 251}, {'id': 252}, {'id': 253}, {'id': 254}, {'id': 255}, {'id': 256}, {'id': 257}, {'id': 258}, {'id': 259}, {'id': 260}, {'id': 261}, {'id': 262}, {'id': 263}, {'id': 264}, {'id': 265}, {'id': 266}, {'id': 267}, {'id': 268}, {'id': 269}], 'links': [{'source': 0, 'target': 3}, {'source': 0, 'target': 177}, {'source': 1, 'target': 193}, {'source': 2, 'target': 31}, {'source': 2, 'target': 247}, {'source': 2, 'target': 80}, {'source': 3, 'target': 226}, {'source': 3, 'target': 19}, {'source': 6, 'target': 167}, {'source': 6, 'target': 81}, {'source': 6, 'target': 262}, {'source': 8, 'target': 202}, {'source': 9, 'target': 211}, {'source': 10, 'target': 200}, {'source': 10, 'target': 24}, {'source': 11, 'target': 142}, {'source': 12, 'target': 224}, {'source': 13, 'target': 151}, {'source': 13, 'target': 267}, {'source': 14, 'target': 36}, {'source': 16, 'target': 138}, {'source': 16, 'target': 264}, {'source': 16, 'target': 50}, {'source': 18, 'target': 201}, {'source': 19, 'target': 213}, {'source': 21, 'target': 20}, {'source': 21, 'target': 148}, {'source': 21, 'target': 162}, {'source': 21, 'target': 169}, {'source': 21, 'target': 214}, {'source': 23, 'target': 126}, {'source': 23, 'target': 133}, {'source': 23, 'target': 255}, {'source': 24, 'target': 175}, {'source': 26, 'target': 209}, {'source': 30, 'target': 25}, {'source': 31, 'target': 236}, {'source': 32, 'target': 235}, {'source': 33, 'target': 176}, {'source': 34, 'target': 229}, {'source': 34, 'target': 230}, {'source': 35, 'target': 164}, {'source': 35, 'target': 233}, {'source': 37, 'target': 259}, {'source': 38, 'target': 173}, {'source': 40, 'target': 153}, {'source': 41, 'target': 115}, {'source': 41, 'target': 217}, {'source': 42, 'target': 78}, {'source': 42, 'target': 33}, {'source': 43, 'target': 15}, {'source': 44, 'target': 52}, {'source': 47, 'target': 95}, {'source': 48, 'target': 85}, {'source': 49, 'target': 131}, {'source': 50, 'target': 223}, {'source': 50, 'target': 154}, {'source': 51, 'target': 238}, {'source': 52, 'target': 6}, {'source': 53, 'target': 39}, {'source': 55, 'target': 111}, {'source': 55, 'target': 38}, {'source': 56, 'target': 120}, {'source': 56, 'target': 241}, {'source': 56, 'target': 9}, {'source': 57, 'target': 4}, {'source': 58, 'target': 181}, {'source': 58, 'target': 41}, {'source': 58, 'target': 268}, {'source': 58, 'target': 2}, {'source': 59, 'target': 104}, {'source': 59, 'target': 172}, {'source': 61, 'target': 141}, {'source': 62, 'target': 152}, {'source': 63, 'target': 10}, {'source': 65, 'target': 64}, {'source': 65, 'target': 218}, {'source': 65, 'target': 98}, {'source': 66, 'target': 94}, {'source': 66, 'target': 49}, {'source': 67, 'target': 87}, {'source': 67, 'target': 188}, {'source': 71, 'target': 204}, {'source': 71, 'target': 207}, {'source': 72, 'target': 244}, {'source': 73, 'target': 71}, {'source': 75, 'target': 86}, {'source': 76, 'target': 63}, {'source': 77, 'target': 190}, {'source': 78, 'target': 157}, {'source': 78, 'target': 59}, {'source': 80, 'target': 260}, {'source': 80, 'target': 8}, {'source': 81, 'target': 21}, {'source': 85, 'target': 108}, {'source': 86, 'target': 232}, {'source': 87, 'target': 128}, {'source': 88, 'target': 105}, {'source': 90, 'target': 57}, {'source': 90, 'target': 55}, {'source': 90, 'target': 178}, {'source': 90, 'target': 206}, {'source': 90, 'target': 67}, {'source': 92, 'target': 82}, {'source': 92, 'target': 265}, {'source': 93, 'target': 192}, {'source': 95, 'target': 62}, {'source': 98, 'target': 93}, {'source': 98, 'target': 143}, {'source': 98, 'target': 73}, {'source': 99, 'target': 91}, {'source': 99, 'target': 256}, {'source': 101, 'target': 123}, {'source': 101, 'target': 134}, {'source': 103, 'target': 121}, {'source': 103, 'target': 222}, {'source': 105, 'target': 137}, {'source': 107, 'target': 203}, {'source': 108, 'target': 239}, {'source': 108, 'target': 225}, {'source': 109, 'target': 149}, {'source': 112, 'target': 58}, {'source': 113, 'target': 158}, {'source': 118, 'target': 32}, {'source': 119, 'target': 197}, {'source': 119, 'target': 246}, {'source': 122, 'target': 194}, {'source': 122, 'target': 263}, {'source': 125, 'target': 261}, {'source': 130, 'target': 100}, {'source': 130, 'target': 199}, {'source': 130, 'target': 34}, {'source': 132, 'target': 102}, {'source': 133, 'target': 114}, {'source': 135, 'target': 237}, {'source': 135, 'target': 228}, {'source': 136, 'target': 180}, {'source': 137, 'target': 147}, {'source': 137, 'target': 269}, {'source': 139, 'target': 17}, {'source': 139, 'target': 155}, {'source': 139, 'target': 234}, {'source': 143, 'target': 227}, {'source': 144, 'target': 136}, {'source': 145, 'target': 212}, {'source': 147, 'target': 170}, {'source': 150, 'target': 72}, {'source': 151, 'target': 240}, {'source': 152, 'target': 124}, {'source': 152, 'target': 184}, {'source': 152, 'target': 191}, {'source': 152, 'target': 44}, {'source': 153, 'target': 22}, {'source': 153, 'target': 139}, {'source': 153, 'target': 0}, {'source': 154, 'target': 51}, {'source': 154, 'target': 252}, {'source': 154, 'target': 88}, {'source': 159, 'target': 79}, {'source': 160, 'target': 129}, {'source': 161, 'target': 54}, {'source': 162, 'target': 66}, {'source': 162, 'target': 171}, {'source': 163, 'target': 116}, {'source': 163, 'target': 125}, {'source': 165, 'target': 97}, {'source': 166, 'target': 60}, {'source': 167, 'target': 61}, {'source': 167, 'target': 189}, {'source': 168, 'target': 112}, {'source': 169, 'target': 118}, {'source': 170, 'target': 90}, {'source': 173, 'target': 43}, {'source': 174, 'target': 46}, {'source': 175, 'target': 257}, {'source': 176, 'target': 65}, {'source': 177, 'target': 1}, {'source': 177, 'target': 231}, {'source': 179, 'target': 159}, {'source': 181, 'target': 127}, {'source': 181, 'target': 101}, {'source': 183, 'target': 53}, {'source': 183, 'target': 89}, {'source': 183, 'target': 174}, {'source': 185, 'target': 5}, {'source': 185, 'target': 28}, {'source': 185, 'target': 26}, {'source': 185, 'target': 245}, {'source': 185, 'target': 47}, {'source': 186, 'target': 166}, {'source': 187, 'target': 196}, {'source': 188, 'target': 40}, {'source': 188, 'target': 12}, {'source': 189, 'target': 132}, {'source': 190, 'target': 109}, {'source': 191, 'target': 242}, {'source': 191, 'target': 250}, {'source': 194, 'target': 156}, {'source': 195, 'target': 16}, {'source': 198, 'target': 110}, {'source': 198, 'target': 258}, {'source': 199, 'target': 221}, {'source': 199, 'target': 248}, {'source': 200, 'target': 165}, {'source': 202, 'target': 14}, {'source': 202, 'target': 56}, {'source': 202, 'target': 195}, {'source': 203, 'target': 77}, {'source': 206, 'target': 185}, {'source': 206, 'target': 75}, {'source': 207, 'target': 168}, {'source': 208, 'target': 7}, {'source': 209, 'target': 160}, {'source': 209, 'target': 220}, {'source': 210, 'target': 30}, {'source': 210, 'target': 145}, {'source': 210, 'target': 243}, {'source': 211, 'target': 119}, {'source': 213, 'target': 210}, {'source': 214, 'target': 107}, {'source': 214, 'target': 35}, {'source': 214, 'target': 254}, {'source': 214, 'target': 130}, {'source': 216, 'target': 186}, {'source': 220, 'target': 182}, {'source': 223, 'target': 83}, {'source': 223, 'target': 187}, {'source': 223, 'target': 219}, {'source': 224, 'target': 74}, {'source': 224, 'target': 183}, {'source': 224, 'target': 37}, {'source': 224, 'target': 13}, {'source': 225, 'target': 198}, {'source': 228, 'target': 249}, {'source': 228, 'target': 42}, {'source': 230, 'target': 69}, {'source': 230, 'target': 99}, {'source': 231, 'target': 23}, {'source': 232, 'target': 68}, {'source': 232, 'target': 76}, {'source': 232, 'target': 122}, {'source': 235, 'target': 161}, {'source': 236, 'target': 84}, {'source': 239, 'target': 146}, {'source': 239, 'target': 179}, {'source': 241, 'target': 103}, {'source': 243, 'target': 251}, {'source': 244, 'target': 117}, {'source': 244, 'target': 205}, {'source': 244, 'target': 208}, {'source': 248, 'target': 140}, {'source': 249, 'target': 11}, {'source': 254, 'target': 45}, {'source': 255, 'target': 70}, {'source': 257, 'target': 253}, {'source': 257, 'target': 92}, {'source': 258, 'target': 144}, {'source': 261, 'target': 135}, {'source': 263, 'target': 215}, {'source': 263, 'target': 266}, {'source': 264, 'target': 96}, {'source': 264, 'target': 106}, {'source': 264, 'target': 216}, {'source': 266, 'target': 18}, {'source': 266, 'target': 150}, {'source': 267, 'target': 27}, {'source': 268, 'target': 113}, {'source': 269, 'target': 29}, {'source': 269, 'target': 48}]}",10
"{'directed': True, 'multigraph': False, 'graph': {}, 'nodes': [{'id': 0}, {'id': 1}, {'id': 2}, {'id': 3}, {'id': 4}, {'id': 5}, {'id': 6}, {'id': 7}, {'id': 8}, {'id': 9}, {'id': 10}, {'id': 11}, {'id': 12}, {'id': 13}, {'id': 14}, {'id': 15}, {'id': 16}, {'id': 17}, {'id': 18}, {'id': 19}, {'id': 20}, {'id': 21}, {'id': 22}, {'id': 23}, {'id': 24}, {'id': 25}, {'id': 26}, {'id': 27}, {'id': 28}, {'id': 29}, {'id': 30}, {'id': 31}, {'id': 32}, {'id': 33}, {'id': 34}, {'id': 35}, {'id': 36}, {'id': 37}, {'id': 38}, {'id': 39}, {'id': 40}, {'id': 41}, {'id': 42}, {'id': 43}, {'id': 44}, {'id': 45}, {'id': 46}, {'id': 47}, {'id': 48}, {'id': 49}, {'id': 50}, {'id': 51}, {'id': 52}, {'id': 53}, {'id': 54}, {'id': 55}, {'id': 56}, {'id': 57}, {'id': 58}, {'id': 59}, {'id': 60}, {'id': 61}, {'id': 62}, {'id': 63}, {'id': 64}, {'id': 65}, {'id': 66}, {'id': 67}, {'id': 68}, {'id': 69}, {'id': 70}, {'id': 71}, {'id': 72}, {'id': 73}, {'id': 74}, {'id': 75}, {'id': 76}, {'id': 77}, {'id': 78}, {'id': 79}, {'id': 80}, {'id': 81}, {'id': 82}, {'id': 83}, {'id': 84}, {'id': 85}, {'id': 86}, {'id': 87}, {'id': 88}, {'id': 89}, {'id': 90}, {'id': 91}, {'id': 92}, {'id': 93}, {'id': 94}, {'id': 95}, {'id': 96}, {'id': 97}, {'id': 98}, {'id': 99}, {'id': 100}, {'id': 101}, {'id': 102}, {'id': 103}, {'id': 104}, {'id': 105}, {'id': 106}, {'id': 107}, {'id': 108}, {'id': 109}, {'id': 110}, {'id': 111}, {'id': 112}, {'id': 113}, {'id': 114}, {'id': 115}, {'id': 116}, {'id': 117}, {'id': 118}, {'id': 119}, {'id': 120}, {'id': 121}, {'id': 122}, {'id': 123}, {'id': 124}, {'id': 125}, {'id': 126}, {'id': 127}, {'id': 128}, {'id': 129}, {'id': 130}, {'id': 131}, {'id': 132}, {'id': 133}, {'id': 134}, {'id': 135}, {'id': 136}, {'id': 137}, {'id': 138}, {'id': 139}, {'id': 140}, {'id': 141}, {'id': 142}, {'id': 143}, {'id': 144}, {'id': 145}, {'id': 146}, {'id': 147}, {'id': 148}, {'id': 149}, {'id': 150}, {'id': 151}, {'id': 152}, {'id': 153}, {'id': 154}, {'id': 155}, {'id': 156}, {'id': 157}, {'id': 158}, {'id': 159}, {'id': 160}, {'id': 161}, {'id': 162}, {'id': 163}, {'id': 164}, {'id': 165}, {'id': 166}, {'id': 167}, {'id': 168}, {'id': 169}, {'id': 170}, {'id': 171}, {'id': 172}, {'id': 173}, {'id': 174}, {'id': 175}, {'id': 176}, {'id': 177}, {'id': 178}, {'id': 179}, {'id': 180}, {'id': 181}, {'id': 182}, {'id': 183}, {'id': 184}, {'id': 185}, {'id': 186}, {'id': 187}, {'id': 188}, {'id': 189}, {'id': 190}, {'id': 191}, {'id': 192}, {'id': 193}, {'id': 194}, {'id': 195}, {'id': 196}, {'id': 197}, {'id': 198}, {'id': 199}, {'id': 200}, {'id': 201}, {'id': 202}, {'id': 203}, {'id': 204}, {'id': 205}, {'id': 206}, {'id': 207}, {'id': 208}, {'id': 209}, {'id': 210}, {'id': 211}, {'id': 212}, {'id': 213}, {'id': 214}, {'id': 215}, {'id': 216}, {'id': 217}, {'id': 218}, {'id': 219}, {'id': 220}, {'id': 221}, {'id': 222}, {'id': 223}, {'id': 224}, {'id': 225}, {'id': 226}, {'id': 227}, {'id': 228}, {'id': 229}, {'id': 230}, {'id': 231}, {'id': 232}, {'id': 233}, {'id': 234}, {'id': 235}, {'id': 236}, {'id': 237}, {'id': 238}, {'id': 239}, {'id': 240}, {'id': 241}, {'id': 242}, {'id': 243}, {'id': 244}, {'id': 245}, {'id': 246}, {'id': 247}, {'id': 248}, {'id': 249}, {'id': 250}, {'id': 251}, {'id': 252}, {'id': 253}, {'id': 254}, {'id': 255}, {'id': 256}, {'id': 257}, {'id': 258}, {'id': 259}, {'id': 260}, {'id': 261}, {'id': 262}, {'id': 263}, {'id': 264}, {'id': 265}, {'id': 266}, {'id': 267}, {'id': 268}, {'id': 269}], 'links': [{'source': 0, 'target': 59}, {'source': 0, 'target': 165}, {'source': 2, 'target': 161}, {'source': 3, 'target': 234}, {'source': 3, 'target': 142}, {'source': 4, 'target': 53}, {'source': 5, 'target': 14}, {'source': 5, 'target': 28}, {'source': 5, 'target': 192}, {'source': 6, 'target': 72}, {'source': 9, 'target': 22}, {'source': 9, 'target': 197}, {'source': 9, 'target': 232}, {'source': 10, 'target': 30}, {'source': 13, 'target': 32}, {'source': 13, 'target': 123}, {'source': 14, 'target': 19}, {'source': 17, 'target': 133}, {'source': 17, 'target': 146}, {'source': 18, 'target': 212}, {'source': 18, 'target': 229}, {'source': 18, 'target': 148}, {'source': 20, 'target': 105}, {'source': 21, 'target': 93}, {'source': 22, 'target': 82}, {'source': 22, 'target': 26}, {'source': 26, 'target': 89}, {'source': 27, 'target': 52}, {'source': 27, 'target': 35}, {'source': 33, 'target': 51}, {'source': 33, 'target': 233}, {'source': 34, 'target': 36}, {'source': 35, 'target': 63}, {'source': 35, 'target': 104}, {'source': 38, 'target': 1}, {'source': 38, 'target': 40}, {'source': 39, 'target': 180}, {'source': 40, 'target': 217}, {'source': 41, 'target': 204}, {'source': 44, 'target': 112}, {'source': 44, 'target': 102}, {'source': 45, 'target': 4}, {'source': 48, 'target': 122}, {'source': 49, 'target': 147}, {'source': 49, 'target': 220}, {'source': 51, 'target': 203}, {'source': 54, 'target': 11}, {'source': 54, 'target': 80}, {'source': 54, 'target': 90}, {'source': 54, 'target': 125}, {'source': 55, 'target': 167}, {'source': 56, 'target': 17}, {'source': 56, 'target': 181}, {'source': 57, 'target': 155}, {'source': 57, 'target': 202}, {'source': 58, 'target': 97}, {'source': 60, 'target': 16}, {'source': 62, 'target': 168}, {'source': 63, 'target': 48}, {'source': 63, 'target': 134}, {'source': 63, 'target': 193}, {'source': 64, 'target': 241}, {'source': 65, 'target': 100}, {'source': 69, 'target': 18}, {'source': 70, 'target': 156}, {'source': 71, 'target': 188}, {'source': 71, 'target': 216}, {'source': 72, 'target': 126}, {'source': 75, 'target': 61}, {'source': 75, 'target': 140}, {'source': 75, 'target': 98}, {'source': 79, 'target': 62}, {'source': 81, 'target': 175}, {'source': 83, 'target': 243}, {'source': 83, 'target': 5}, {'source': 85, 'target': 173}, {'source': 85, 'target': 199}, {'source': 87, 'target': 267}, {'source': 89, 'target': 106}, {'source': 90, 'target': 77}, {'source': 90, 'target': 101}, {'source': 91, 'target': 246}, {'source': 92, 'target': 43}, {'source': 92, 'target': 205}, {'source': 94, 'target': 182}, {'source': 94, 'target': 0}, {'source': 94, 'target': 191}, {'source': 94, 'target': 254}, {'source': 95, 'target': 269}, {'source': 98, 'target': 78}, {'source': 98, 'target': 183}, {'source': 99, 'target': 139}, {'source': 99, 'target': 38}, {'source': 101, 'target': 166}, {'source': 102, 'target': 209}, {'source': 103, 'target': 41}, {'source': 103, 'target': 218}, {'source': 104, 'target': 214}, {'source': 104, 'target': 265}, {'source': 105, 'target': 31}, {'source': 107, 'target': 110}, {'source': 107, 'target': 261}, {'source': 107, 'target': 240}, {'source': 107, 'target': 178}, {'source': 109, 'target': 253}, {'source': 109, 'target': 149}, {'source': 115, 'target': 67}, {'source': 116, 'target': 157}, {'source': 116, 'target': 160}, {'source': 117, 'target': 260}, {'source': 120, 'target': 247}, {'source': 120, 'target': 266}, {'source': 124, 'target': 29}, {'source': 125, 'target': 179}, {'source': 127, 'target': 108}, {'source': 127, 'target': 64}, {'source': 138, 'target': 15}, {'source': 138, 'target': 47}, {'source': 138, 'target': 248}, {'source': 138, 'target': 190}, {'source': 140, 'target': 230}, {'source': 142, 'target': 196}, {'source': 143, 'target': 184}, {'source': 144, 'target': 45}, {'source': 144, 'target': 115}, {'source': 144, 'target': 159}, {'source': 147, 'target': 255}, {'source': 148, 'target': 206}, {'source': 149, 'target': 264}, {'source': 153, 'target': 70}, {'source': 153, 'target': 207}, {'source': 153, 'target': 187}, {'source': 155, 'target': 13}, {'source': 156, 'target': 211}, {'source': 157, 'target': 25}, {'source': 159, 'target': 141}, {'source': 160, 'target': 37}, {'source': 160, 'target': 111}, {'source': 163, 'target': 58}, {'source': 163, 'target': 103}, {'source': 163, 'target': 27}, {'source': 164, 'target': 92}, {'source': 165, 'target': 116}, {'source': 165, 'target': 186}, {'source': 167, 'target': 23}, {'source': 167, 'target': 172}, {'source': 168, 'target': 119}, {'source': 168, 'target': 252}, {'source': 169, 'target': 164}, {'source': 169, 'target': 9}, {'source': 169, 'target': 225}, {'source': 172, 'target': 263}, {'source': 173, 'target': 2}, {'source': 173, 'target': 268}, {'source': 176, 'target': 185}, {'source': 176, 'target': 249}, {'source': 177, 'target': 132}, {'source': 178, 'target': 250}, {'source': 178, 'target': 85}, {'source': 180, 'target': 42}, {'source': 183, 'target': 128}, {'source': 183, 'target': 236}, {'source': 184, 'target': 50}, {'source': 184, 'target': 136}, {'source': 184, 'target': 219}, {'source': 185, 'target': 131}, {'source': 186, 'target': 135}, {'source': 187, 'target': 66}, {'source': 187, 'target': 129}, {'source': 187, 'target': 200}, {'source': 189, 'target': 57}, {'source': 190, 'target': 121}, {'source': 190, 'target': 231}, {'source': 190, 'target': 242}, {'source': 191, 'target': 12}, {'source': 191, 'target': 44}, {'source': 192, 'target': 6}, {'source': 192, 'target': 244}, {'source': 192, 'target': 257}, {'source': 192, 'target': 95}, {'source': 194, 'target': 114}, {'source': 194, 'target': 189}, {'source': 196, 'target': 251}, {'source': 196, 'target': 259}, {'source': 197, 'target': 158}, {'source': 197, 'target': 143}, {'source': 199, 'target': 138}, {'source': 200, 'target': 154}, {'source': 200, 'target': 238}, {'source': 200, 'target': 94}, {'source': 200, 'target': 227}, {'source': 205, 'target': 201}, {'source': 206, 'target': 262}, {'source': 207, 'target': 21}, {'source': 207, 'target': 91}, {'source': 209, 'target': 8}, {'source': 210, 'target': 88}, {'source': 214, 'target': 33}, {'source': 215, 'target': 65}, {'source': 216, 'target': 68}, {'source': 217, 'target': 151}, {'source': 217, 'target': 235}, {'source': 217, 'target': 109}, {'source': 218, 'target': 10}, {'source': 218, 'target': 223}, {'source': 219, 'target': 145}, {'source': 220, 'target': 256}, {'source': 221, 'target': 69}, {'source': 223, 'target': 228}, {'source': 224, 'target': 76}, {'source': 224, 'target': 195}, {'source': 225, 'target': 130}, {'source': 225, 'target': 176}, {'source': 226, 'target': 137}, {'source': 227, 'target': 7}, {'source': 227, 'target': 239}, {'source': 227, 'target': 117}, {'source': 228, 'target': 79}, {'source': 229, 'target': 162}, {'source': 231, 'target': 84}, {'source': 232, 'target': 213}, {'source': 235, 'target': 170}, {'source': 235, 'target': 226}, {'source': 236, 'target': 124}, {'source': 236, 'target': 107}, {'source': 237, 'target': 75}, {'source': 238, 'target': 118}, {'source': 238, 'target': 150}, {'source': 238, 'target': 177}, {'source': 238, 'target': 245}, {'source': 239, 'target': 224}, {'source': 240, 'target': 99}, {'source': 240, 'target': 55}, {'source': 240, 'target': 49}, {'source': 241, 'target': 208}, {'source': 241, 'target': 258}, {'source': 242, 'target': 127}, {'source': 243, 'target': 113}, {'source': 245, 'target': 96}, {'source': 246, 'target': 222}, {'source': 247, 'target': 144}, {'source': 249, 'target': 73}, {'source': 250, 'target': 34}, {'source': 251, 'target': 86}, {'source': 251, 'target': 54}, {'source': 251, 'target': 210}, {'source': 252, 'target': 74}, {'source': 252, 'target': 153}, {'source': 255, 'target': 163}, {'source': 256, 'target': 20}, {'source': 256, 'target': 39}, {'source': 256, 'target': 3}, {'source': 256, 'target': 87}, {'source': 257, 'target': 174}, {'source': 257, 'target': 56}, {'source': 258, 'target': 71}, {'source': 258, 'target': 83}, {'source': 260, 'target': 24}, {'source': 260, 'target': 46}, {'source': 260, 'target': 215}, {'source': 263, 'target': 169}, {'source': 263, 'target': 120}, {'source': 264, 'target': 171}, {'source': 264, 'target': 81}, {'source': 264, 'target': 198}, {'source': 264, 'target': 221}, {'source': 268, 'target': 194}, {'source': 269, 'target': 60}, {'source': 269, 'target': 152}]}",50
"{'directed': True, 'multigraph': False, 'graph': {}, 'nodes': [{'id': 0}, {'id': 1}, {'id': 2}, {'id': 3}, {'id': 4}, {'id': 5}, {'id': 6}, {'id': 7}, {'id': 8}, {'id': 9}, {'id': 10}, {'id': 11}, {'id': 12}, {'id': 13}, {'id': 14}, {'id': 15}, {'id': 16}, {'id': 17}, {'id': 18}, {'id': 19}, {'id': 20}, {'id': 21}, {'id': 22}, {'id': 23}, {'id': 24}, {'id': 25}, {'id': 26}, {'id': 27}, {'id': 28}, {'id': 29}, {'id': 30}, {'id': 31}, {'id': 32}, {'id': 33}, {'id': 34}, {'id': 35}, {'id': 36}, {'id': 37}, {'id': 38}, {'id': 39}, {'id': 40}, {'id': 41}, {'id': 42}, {'id': 43}, {'id': 44}, {'id': 45}, {'id': 46}, {'id': 47}, {'id': 48}, {'id': 49}, {'id': 50}, {'id': 51}, {'id': 52}, {'id': 53}, {'id': 54}, {'id': 55}, {'id': 56}, {'id': 57}, {'id': 58}, {'id': 59}, {'id': 60}, {'id': 61}, {'id': 62}, {'id': 63}, {'id': 64}, {'id': 65}, {'id': 66}, {'id': 67}, {'id': 68}, {'id': 69}, {'id': 70}, {'id': 71}, {'id': 72}, {'id': 73}, {'id': 74}, {'id': 75}, {'id': 76}, {'id': 77}, {'id': 78}, {'id': 79}, {'id': 80}, {'id': 81}, {'id': 82}, {'id': 83}, {'id': 84}, {'id': 85}, {'id': 86}, {'id': 87}, {'id': 88}, {'id': 89}, {'id': 90}, {'id': 91}, {'id': 92}, {'id': 93}, {'id': 94}, {'id': 95}, {'id': 96}, {'id': 97}, {'id': 98}, {'id': 99}, {'id': 100}, {'id': 101}, {'id': 102}, {'id': 103}, {'id': 104}, {'id': 105}, {'id': 106}, {'id': 107}, {'id': 108}, {'id': 109}, {'id': 110}, {'id': 111}, {'id': 112}, {'id': 113}, {'id': 114}, {'id': 115}, {'id': 116}, {'id': 117}, {'id': 118}, {'id': 119}, {'id': 120}, {'id': 121}, {'id': 122}, {'id': 123}, {'id': 124}, {'id': 125}, {'id': 126}, {'id': 127}, {'id': 128}, {'id': 129}, {'id': 130}, {'id': 131}, {'id': 132}, {'id': 133}, {'id': 134}, {'id': 135}, {'id': 136}, {'id': 137}, {'id': 138}, {'id': 139}, {'id': 140}, {'id': 141}, {'id': 142}, {'id': 143}, {'id': 144}, {'id': 145}, {'id': 146}, {'id': 147}, {'id': 148}, {'id': 149}, {'id': 150}, {'id': 151}, {'id': 152}, {'id': 153}, {'id': 154}, {'id': 155}, {'id': 156}, {'id': 157}, {'id': 158}, {'id': 159}, {'id': 160}, {'id': 161}, {'id': 162}, {'id': 163}, {'id': 164}, {'id': 165}, {'id': 166}, {'id': 167}, {'id': 168}, {'id': 169}, {'id': 170}, {'id': 171}, {'id': 172}, {'id': 173}, {'id': 174}, {'id': 175}, {'id': 176}, {'id': 177}, {'id': 178}, {'id': 179}, {'id': 180}, {'id': 181}, {'id': 182}, {'id': 183}, {'id': 184}, {'id': 185}, {'id': 186}, {'id': 187}, {'id': 188}, {'id': 189}, {'id': 190}, {'id': 191}, {'id': 192}, {'id': 193}, {'id': 194}, {'id': 195}, {'id': 196}, {'id': 197}, {'id': 198}, {'id': 199}, {'id': 200}, {'id': 201}, {'id': 202}, {'id': 203}, {'id': 204}, {'id': 205}, {'id': 206}, {'id': 207}, {'id': 208}, {'id': 209}, {'id': 210}, {'id': 211}, {'id': 212}, {'id': 213}, {'id': 214}, {'id': 215}, {'id': 216}, {'id': 217}, {'id': 218}, {'id': 219}, {'id': 220}, {'id': 221}, {'id': 222}, {'id': 223}, {'id': 224}, {'id': 225}, {'id': 226}, {'id': 227}, {'id': 228}, {'id': 229}, {'id': 230}, {'id': 231}, {'id': 232}, {'id': 233}, {'id': 234}, {'id': 235}, {'id': 236}, {'id': 237}, {'id': 238}, {'id': 239}, {'id': 240}, {'id': 241}, {'id': 242}, {'id': 243}, {'id': 244}, {'id': 245}, {'id': 246}, {'id': 247}, {'id': 248}, {'id': 249}, {'id': 250}, {'id': 251}, {'id': 252}, {'id': 253}, {'id': 254}, {'id': 255}, {'id': 256}, {'id': 257}, {'id': 258}, {'id': 259}, {'id': 260}, {'id': 261}, {'id': 262}, {'id': 263}, {'id': 264}, {'id': 265}, {'id': 266}, {'id': 267}, {'id': 268}, {'id': 269}], 'links': [{'source': 0, 'target': 241}, {'source': 2, 'target': 104}, {'source': 3, 'target': 40}, {'source': 5, 'target': 16}, {'source': 5, 'target': 243}, {'source': 8, 'target': 150}, {'source': 12, 'target': 226}, {'source': 14, 'target': 237}, {'source': 15, 'target': 191}, {'source': 16, 'target': 157}, {'source': 16, 'target': 190}, {'source': 17, 'target': 49}, {'source': 18, 'target': 99}, {'source': 18, 'target': 126}, {'source': 18, 'target': 47}, {'source': 19, 'target': 3}, {'source': 21, 'target': 184}, {'source': 22, 'target': 130}, {'source': 22, 'target': 239}, {'source': 23, 'target': 172}, {'source': 23, 'target': 129}, {'source': 24, 'target': 88}, {'source': 26, 'target': 236}, {'source': 27, 'target': 198}, {'source': 35, 'target': 131}, {'source': 35, 'target': 82}, {'source': 36, 'target': 227}, {'source': 37, 'target': 154}, {'source': 37, 'target': 67}, {'source': 37, 'target': 121}, {'source': 40, 'target': 200}, {'source': 41, 'target': 62}, {'source': 41, 'target': 141}, {'source': 42, 'target': 24}, {'source': 43, 'target': 94}, {'source': 43, 'target': 211}, {'source': 43, 'target': 68}, {'source': 44, 'target': 228}, {'source': 44, 'target': 106}, {'source': 45, 'target': 169}, {'source': 47, 'target': 50}, {'source': 47, 'target': 142}, {'source': 48, 'target': 253}, {'source': 50, 'target': 65}, {'source': 52, 'target': 122}, {'source': 52, 'target': 22}, {'source': 53, 'target': 134}, {'source': 55, 'target': 13}, {'source': 58, 'target': 23}, {'source': 59, 'target': 10}, {'source': 59, 'target': 97}, {'source': 59, 'target': 265}, {'source': 61, 'target': 259}, {'source': 62, 'target': 112}, {'source': 62, 'target': 180}, {'source': 64, 'target': 233}, {'source': 66, 'target': 258}, {'source': 67, 'target': 43}, {'source': 68, 'target': 249}, {'source': 69, 'target': 91}, {'source': 71, 'target': 27}, {'source': 71, 'target': 37}, {'source': 71, 'target': 269}, {'source': 72, 'target': 78}, {'source': 72, 'target': 254}, {'source': 73, 'target': 95}, {'source': 73, 'target': 69}, {'source': 73, 'target': 248}, {'source': 74, 'target': 118}, {'source': 74, 'target': 36}, {'source': 74, 'target': 0}, {'source': 76, 'target': 31}, {'source': 77, 'target': 160}, {'source': 78, 'target': 196}, {'source': 79, 'target': 257}, {'source': 80, 'target': 73}, {'source': 81, 'target': 56}, {'source': 81, 'target': 128}, {'source': 82, 'target': 225}, {'source': 83, 'target': 127}, {'source': 83, 'target': 159}, {'source': 83, 'target': 156}, {'source': 84, 'target': 247}, {'source': 87, 'target': 1}, {'source': 87, 'target': 25}, {'source': 87, 'target': 264}, {'source': 88, 'target': 89}, {'source': 88, 'target': 201}, {'source': 89, 'target': 15}, {'source': 90, 'target': 84}, {'source': 91, 'target': 183}, {'source': 92, 'target': 256}, {'source': 93, 'target': 59}, {'source': 93, 'target': 266}, {'source': 100, 'target': 115}, {'source': 101, 'target': 39}, {'source': 102, 'target': 33}, {'source': 103, 'target': 263}, {'source': 105, 'target': 193}, {'source': 106, 'target': 161}, {'source': 106, 'target': 14}, {'source': 106, 'target': 52}, {'source': 107, 'target': 175}, {'source': 110, 'target': 75}, {'source': 110, 'target': 117}, {'source': 111, 'target': 182}, {'source': 112, 'target': 76}, {'source': 113, 'target': 155}, {'source': 113, 'target': 81}, {'source': 113, 'target': 61}, {'source': 116, 'target': 219}, {'source': 116, 'target': 71}, {'source': 117, 'target': 100}, {'source': 118, 'target': 46}, {'source': 118, 'target': 166}, {'source': 118, 'target': 214}, {'source': 119, 'target': 35}, {'source': 120, 'target': 163}, {'source': 120, 'target': 72}, {'source': 121, 'target': 240}, {'source': 122, 'target': 8}, {'source': 122, 'target': 87}, {'source': 124, 'target': 20}, {'source': 128, 'target': 38}, {'source': 128, 'target': 137}, {'source': 128, 'target': 202}, {'source': 129, 'target': 120}, {'source': 130, 'target': 105}, {'source': 130, 'target': 261}, {'source': 132, 'target': 5}, {'source': 135, 'target': 213}, {'source': 136, 'target': 113}, {'source': 139, 'target': 199}, {'source': 140, 'target': 206}, {'source': 141, 'target': 255}, {'source': 142, 'target': 101}, {'source': 143, 'target': 29}, {'source': 144, 'target': 138}, {'source': 144, 'target': 139}, {'source': 144, 'target': 250}, {'source': 145, 'target': 148}, {'source': 146, 'target': 216}, {'source': 146, 'target': 77}, {'source': 148, 'target': 57}, {'source': 148, 'target': 189}, {'source': 150, 'target': 197}, {'source': 156, 'target': 158}, {'source': 156, 'target': 207}, {'source': 157, 'target': 34}, {'source': 159, 'target': 9}, {'source': 160, 'target': 125}, {'source': 160, 'target': 44}, {'source': 160, 'target': 83}, {'source': 161, 'target': 45}, {'source': 161, 'target': 107}, {'source': 162, 'target': 7}, {'source': 162, 'target': 177}, {'source': 163, 'target': 53}, {'source': 164, 'target': 108}, {'source': 167, 'target': 96}, {'source': 167, 'target': 185}, {'source': 168, 'target': 251}, {'source': 170, 'target': 149}, {'source': 170, 'target': 220}, {'source': 170, 'target': 66}, {'source': 170, 'target': 209}, {'source': 171, 'target': 144}, {'source': 172, 'target': 32}, {'source': 172, 'target': 147}, {'source': 173, 'target': 152}, {'source': 174, 'target': 230}, {'source': 175, 'target': 21}, {'source': 176, 'target': 143}, {'source': 177, 'target': 64}, {'source': 178, 'target': 4}, {'source': 178, 'target': 221}, {'source': 179, 'target': 92}, {'source': 181, 'target': 26}, {'source': 182, 'target': 41}, {'source': 185, 'target': 218}, {'source': 186, 'target': 238}, {'source': 186, 'target': 195}, {'source': 189, 'target': 51}, {'source': 189, 'target': 48}, {'source': 193, 'target': 133}, {'source': 193, 'target': 111}, {'source': 195, 'target': 165}, {'source': 195, 'target': 232}, {'source': 196, 'target': 178}, {'source': 200, 'target': 205}, {'source': 204, 'target': 110}, {'source': 205, 'target': 222}, {'source': 207, 'target': 229}, {'source': 207, 'target': 267}, {'source': 207, 'target': 116}, {'source': 208, 'target': 136}, {'source': 209, 'target': 102}, {'source': 209, 'target': 187}, {'source': 209, 'target': 212}, {'source': 209, 'target': 58}, {'source': 209, 'target': 93}, {'source': 209, 'target': 268}, {'source': 210, 'target': 114}, {'source': 210, 'target': 192}, {'source': 210, 'target': 12}, {'source': 212, 'target': 18}, {'source': 212, 'target': 173}, {'source': 212, 'target': 224}, {'source': 213, 'target': 231}, {'source': 214, 'target': 153}, {'source': 217, 'target': 188}, {'source': 218, 'target': 244}, {'source': 220, 'target': 85}, {'source': 221, 'target': 168}, {'source': 222, 'target': 260}, {'source': 224, 'target': 151}, {'source': 225, 'target': 217}, {'source': 225, 'target': 103}, {'source': 230, 'target': 63}, {'source': 230, 'target': 70}, {'source': 231, 'target': 124}, {'source': 232, 'target': 245}, {'source': 233, 'target': 90}, {'source': 234, 'target': 262}, {'source': 236, 'target': 145}, {'source': 236, 'target': 119}, {'source': 237, 'target': 55}, {'source': 237, 'target': 162}, {'source': 238, 'target': 2}, {'source': 238, 'target': 176}, {'source': 238, 'target': 204}, {'source': 239, 'target': 123}, {'source': 239, 'target': 170}, {'source': 240, 'target': 208}, {'source': 241, 'target': 109}, {'source': 241, 'target': 174}, {'source': 243, 'target': 167}, {'source': 244, 'target': 28}, {'source': 245, 'target': 246}, {'source': 248, 'target': 11}, {'source': 248, 'target': 186}, {'source': 249, 'target': 164}, {'source': 249, 'target': 252}, {'source': 251, 'target': 74}, {'source': 252, 'target': 30}, {'source': 252, 'target': 60}, {'source': 252, 'target': 171}, {'source': 254, 'target': 242}, {'source': 256, 'target': 234}, {'source': 258, 'target': 79}, {'source': 260, 'target': 17}, {'source': 261, 'target': 80}, {'source': 261, 'target': 19}, {'source': 262, 'target': 6}, {'source': 262, 'target': 181}, {'source': 263, 'target': 98}, {'source': 263, 'target': 215}, {'source': 264, 'target': 223}, {'source': 264, 'target': 235}, {'source': 264, 'target': 132}, {'source': 265, 'target': 203}, {'source': 265, 'target': 135}, {'source': 266, 'target': 194}, {'source': 267, 'target': 86}, {'source': 267, 'target': 140}, {'source': 267, 'target': 179}, {'source': 268, 'target': 54}, {'source': 268, 'target': 42}, {'source': 268, 'target': 210}]}",50
"{'directed': True, 'multigraph': False, 'graph': {}, 'nodes': [{'id': 0}, {'id': 1}, {'id': 2}, {'id': 3}, {'id': 4}, {'id': 5}, {'id': 6}, {'id': 7}, {'id': 8}, {'id': 9}, {'id': 10}, {'id': 11}, {'id': 12}, {'id': 13}, {'id': 14}, {'id': 15}, {'id': 16}, {'id': 17}, {'id': 18}, {'id': 19}, {'id': 20}, {'id': 21}, {'id': 22}, {'id': 23}, {'id': 24}, {'id': 25}, {'id': 26}, {'id': 27}, {'id': 28}, {'id': 29}, {'id': 30}, {'id': 31}, {'id': 32}, {'id': 33}, {'id': 34}, {'id': 35}, {'id': 36}, {'id': 37}, {'id': 38}, {'id': 39}, {'id': 40}, {'id': 41}, {'id': 42}, {'id': 43}, {'id': 44}, {'id': 45}, {'id': 46}, {'id': 47}, {'id': 48}, {'id': 49}, {'id': 50}, {'id': 51}, {'id': 52}, {'id': 53}, {'id': 54}, {'id': 55}, {'id': 56}, {'id': 57}, {'id': 58}, {'id': 59}, {'id': 60}, {'id': 61}, {'id': 62}, {'id': 63}, {'id': 64}, {'id': 65}, {'id': 66}, {'id': 67}, {'id': 68}, {'id': 69}, {'id': 70}, {'id': 71}, {'id': 72}, {'id': 73}, {'id': 74}, {'id': 75}, {'id': 76}, {'id': 77}, {'id': 78}, {'id': 79}, {'id': 80}, {'id': 81}, {'id': 82}, {'id': 83}, {'id': 84}, {'id': 85}, {'id': 86}, {'id': 87}, {'id': 88}, {'id': 89}, {'id': 90}, {'id': 91}, {'id': 92}, {'id': 93}, {'id': 94}, {'id': 95}, {'id': 96}, {'id': 97}, {'id': 98}, {'id': 99}, {'id': 100}, {'id': 101}, {'id': 102}, {'id': 103}, {'id': 104}, {'id': 105}, {'id': 106}, {'id': 107}, {'id': 108}, {'id': 109}, {'id': 110}, {'id': 111}, {'id': 112}, {'id': 113}, {'id': 114}, {'id': 115}, {'id': 116}, {'id': 117}, {'id': 118}, {'id': 119}, {'id': 120}, {'id': 121}, {'id': 122}, {'id': 123}, {'id': 124}, {'id': 125}, {'id': 126}, {'id': 127}, {'id': 128}, {'id': 129}, {'id': 130}, {'id': 131}, {'id': 132}, {'id': 133}, {'id': 134}, {'id': 135}, {'id': 136}, {'id': 137}, {'id': 138}, {'id': 139}, {'id': 140}, {'id': 141}, {'id': 142}, {'id': 143}, {'id': 144}, {'id': 145}, {'id': 146}, {'id': 147}, {'id': 148}, {'id': 149}, {'id': 150}, {'id': 151}, {'id': 152}, {'id': 153}, {'id': 154}, {'id': 155}, {'id': 156}, {'id': 157}, {'id': 158}, {'id': 159}, {'id': 160}, {'id': 161}, {'id': 162}, {'id': 163}, {'id': 164}, {'id': 165}, {'id': 166}, {'id': 167}, {'id': 168}, {'id': 169}, {'id': 170}, {'id': 171}, {'id': 172}, {'id': 173}, {'id': 174}, {'id': 175}, {'id': 176}, {'id': 177}, {'id': 178}, {'id': 179}, {'id': 180}, {'id': 181}, {'id': 182}, {'id': 183}, {'id': 184}, {'id': 185}, {'id': 186}, {'id': 187}, {'id': 188}, {'id': 189}, {'id': 190}, {'id': 191}, {'id': 192}, {'id': 193}, {'id': 194}, {'id': 195}, {'id': 196}, {'id': 197}, {'id': 198}, {'id': 199}, {'id': 200}, {'id': 201}, {'id': 202}, {'id': 203}, {'id': 204}, {'id': 205}, {'id': 206}, {'id': 207}, {'id': 208}, {'id': 209}, {'id': 210}, {'id': 211}, {'id': 212}, {'id': 213}, {'id': 214}, {'id': 215}, {'id': 216}, {'id': 217}, {'id': 218}, {'id': 219}, {'id': 220}, {'id': 221}, {'id': 222}, {'id': 223}, {'id': 224}, {'id': 225}, {'id': 226}, {'id': 227}, {'id': 228}, {'id': 229}, {'id': 230}, {'id': 231}, {'id': 232}, {'id': 233}, {'id': 234}, {'id': 235}, {'id': 236}, {'id': 237}, {'id': 238}, {'id': 239}, {'id': 240}, {'id': 241}, {'id': 242}, {'id': 243}, {'id': 244}, {'id': 245}, {'id': 246}, {'id': 247}, {'id': 248}, {'id': 249}, {'id': 250}, {'id': 251}, {'id': 252}, {'id': 253}, {'id': 254}, {'id': 255}, {'id': 256}, {'id': 257}, {'id': 258}, {'id': 259}, {'id': 260}, {'id': 261}, {'id': 262}, {'id': 263}, {'id': 264}, {'id': 265}, {'id': 266}, {'id': 267}, {'id': 268}, {'id': 269}], 'links': [{'source': 0, 'target': 206}, {'source': 2, 'target': 50}, {'source': 2, 'target': 5}, {'source': 2, 'target': 75}, {'source': 3, 'target': 129}, {'source': 5, 'target': 202}, {'source': 6, 'target': 164}, {'source': 6, 'target': 228}, {'source': 7, 'target': 39}, {'source': 8, 'target': 1}, {'source': 8, 'target': 25}, {'source': 9, 'target': 51}, {'source': 12, 'target': 209}, {'source': 14, 'target': 97}, {'source': 16, 'target': 72}, {'source': 16, 'target': 116}, {'source': 16, 'target': 109}, {'source': 18, 'target': 55}, {'source': 19, 'target': 82}, {'source': 21, 'target': 218}, {'source': 21, 'target': 214}, {'source': 22, 'target': 99}, {'source': 22, 'target': 136}, {'source': 22, 'target': 240}, {'source': 23, 'target': 130}, {'source': 24, 'target': 265}, {'source': 25, 'target': 154}, {'source': 28, 'target': 160}, {'source': 31, 'target': 79}, {'source': 32, 'target': 44}, {'source': 32, 'target': 163}, {'source': 32, 'target': 264}, {'source': 33, 'target': 27}, {'source': 33, 'target': 232}, {'source': 36, 'target': 9}, {'source': 37, 'target': 30}, {'source': 37, 'target': 113}, {'source': 38, 'target': 3}, {'source': 38, 'target': 256}, {'source': 39, 'target': 62}, {'source': 39, 'target': 45}, {'source': 40, 'target': 4}, {'source': 40, 'target': 93}, {'source': 41, 'target': 217}, {'source': 42, 'target': 169}, {'source': 44, 'target': 216}, {'source': 45, 'target': 152}, {'source': 45, 'target': 52}, {'source': 46, 'target': 29}, {'source': 49, 'target': 104}, {'source': 51, 'target': 49}, {'source': 52, 'target': 89}, {'source': 52, 'target': 135}, {'source': 52, 'target': 174}, {'source': 53, 'target': 188}, {'source': 54, 'target': 173}, {'source': 57, 'target': 7}, {'source': 58, 'target': 26}, {'source': 58, 'target': 42}, {'source': 60, 'target': 38}, {'source': 61, 'target': 24}, {'source': 62, 'target': 187}, {'source': 62, 'target': 213}, {'source': 63, 'target': 255}, {'source': 64, 'target': 101}, {'source': 64, 'target': 57}, {'source': 65, 'target': 35}, {'source': 68, 'target': 138}, {'source': 68, 'target': 36}, {'source': 68, 'target': 268}, {'source': 70, 'target': 10}, {'source': 70, 'target': 43}, {'source': 70, 'target': 175}, {'source': 71, 'target': 245}, {'source': 72, 'target': 253}, {'source': 75, 'target': 239}, {'source': 76, 'target': 80}, {'source': 78, 'target': 61}, {'source': 79, 'target': 261}, {'source': 80, 'target': 150}, {'source': 80, 'target': 41}, {'source': 81, 'target': 148}, {'source': 81, 'target': 194}, {'source': 82, 'target': 167}, {'source': 85, 'target': 74}, {'source': 85, 'target': 199}, {'source': 85, 'target': 8}, {'source': 86, 'target': 78}, {'source': 90, 'target': 159}, {'source': 91, 'target': 257}, {'source': 93, 'target': 157}, {'source': 94, 'target': 149}, {'source': 95, 'target': 69}, {'source': 97, 'target': 170}, {'source': 98, 'target': 182}, {'source': 98, 'target': 70}, {'source': 98, 'target': 54}, {'source': 99, 'target': 128}, {'source': 100, 'target': 106}, {'source': 101, 'target': 179}, {'source': 102, 'target': 107}, {'source': 102, 'target': 63}, {'source': 103, 'target': 2}, {'source': 103, 'target': 266}, {'source': 104, 'target': 17}, {'source': 104, 'target': 219}, {'source': 104, 'target': 225}, {'source': 106, 'target': 233}, {'source': 107, 'target': 56}, {'source': 107, 'target': 147}, {'source': 107, 'target': 241}, {'source': 108, 'target': 226}, {'source': 109, 'target': 86}, {'source': 110, 'target': 92}, {'source': 111, 'target': 229}, {'source': 115, 'target': 96}, {'source': 115, 'target': 108}, {'source': 116, 'target': 94}, {'source': 116, 'target': 185}, {'source': 116, 'target': 125}, {'source': 117, 'target': 186}, {'source': 117, 'target': 235}, {'source': 119, 'target': 60}, {'source': 120, 'target': 177}, {'source': 120, 'target': 230}, {'source': 122, 'target': 19}, {'source': 124, 'target': 31}, {'source': 125, 'target': 221}, {'source': 127, 'target': 124}, {'source': 129, 'target': 132}, {'source': 129, 'target': 81}, {'source': 129, 'target': 16}, {'source': 130, 'target': 11}, {'source': 133, 'target': 0}, {'source': 136, 'target': 48}, {'source': 136, 'target': 112}, {'source': 140, 'target': 37}, {'source': 140, 'target': 166}, {'source': 143, 'target': 40}, {'source': 143, 'target': 203}, {'source': 145, 'target': 184}, {'source': 145, 'target': 222}, {'source': 148, 'target': 207}, {'source': 151, 'target': 98}, {'source': 153, 'target': 189}, {'source': 153, 'target': 243}, {'source': 154, 'target': 201}, {'source': 154, 'target': 244}, {'source': 157, 'target': 134}, {'source': 158, 'target': 121}, {'source': 158, 'target': 23}, {'source': 158, 'target': 58}, {'source': 159, 'target': 212}, {'source': 159, 'target': 153}, {'source': 160, 'target': 141}, {'source': 160, 'target': 127}, {'source': 160, 'target': 181}, {'source': 161, 'target': 162}, {'source': 162, 'target': 15}, {'source': 162, 'target': 224}, {'source': 163, 'target': 210}, {'source': 165, 'target': 190}, {'source': 166, 'target': 14}, {'source': 167, 'target': 223}, {'source': 167, 'target': 103}, {'source': 168, 'target': 84}, {'source': 168, 'target': 237}, {'source': 169, 'target': 65}, {'source': 169, 'target': 142}, {'source': 169, 'target': 183}, {'source': 170, 'target': 83}, {'source': 170, 'target': 87}, {'source': 170, 'target': 155}, {'source': 171, 'target': 196}, {'source': 171, 'target': 53}, {'source': 172, 'target': 258}, {'source': 173, 'target': 198}, {'source': 173, 'target': 249}, {'source': 173, 'target': 168}, {'source': 174, 'target': 178}, {'source': 175, 'target': 33}, {'source': 178, 'target': 227}, {'source': 179, 'target': 146}, {'source': 179, 'target': 180}, {'source': 181, 'target': 22}, {'source': 181, 'target': 234}, {'source': 183, 'target': 91}, {'source': 185, 'target': 105}, {'source': 185, 'target': 123}, {'source': 185, 'target': 197}, {'source': 185, 'target': 193}, {'source': 186, 'target': 34}, {'source': 186, 'target': 251}, {'source': 188, 'target': 200}, {'source': 188, 'target': 143}, {'source': 189, 'target': 191}, {'source': 193, 'target': 248}, {'source': 194, 'target': 100}, {'source': 198, 'target': 204}, {'source': 200, 'target': 165}, {'source': 203, 'target': 242}, {'source': 204, 'target': 120}, {'source': 205, 'target': 110}, {'source': 206, 'target': 195}, {'source': 206, 'target': 236}, {'source': 208, 'target': 247}, {'source': 209, 'target': 211}, {'source': 209, 'target': 6}, {'source': 210, 'target': 12}, {'source': 214, 'target': 90}, {'source': 217, 'target': 145}, {'source': 221, 'target': 76}, {'source': 221, 'target': 102}, {'source': 222, 'target': 144}, {'source': 222, 'target': 32}, {'source': 223, 'target': 18}, {'source': 223, 'target': 246}, {'source': 226, 'target': 133}, {'source': 226, 'target': 122}, {'source': 226, 'target': 267}, {'source': 227, 'target': 117}, {'source': 231, 'target': 205}, {'source': 231, 'target': 71}, {'source': 233, 'target': 126}, {'source': 234, 'target': 73}, {'source': 234, 'target': 238}, {'source': 235, 'target': 137}, {'source': 235, 'target': 158}, {'source': 236, 'target': 13}, {'source': 237, 'target': 131}, {'source': 237, 'target': 171}, {'source': 237, 'target': 254}, {'source': 238, 'target': 21}, {'source': 239, 'target': 156}, {'source': 242, 'target': 118}, {'source': 242, 'target': 64}, {'source': 242, 'target': 263}, {'source': 243, 'target': 77}, {'source': 243, 'target': 68}, {'source': 246, 'target': 262}, {'source': 249, 'target': 114}, {'source': 251, 'target': 250}, {'source': 252, 'target': 47}, {'source': 252, 'target': 88}, {'source': 253, 'target': 215}, {'source': 253, 'target': 208}, {'source': 254, 'target': 46}, {'source': 254, 'target': 119}, {'source': 255, 'target': 85}, {'source': 255, 'target': 115}, {'source': 256, 'target': 20}, {'source': 256, 'target': 269}, {'source': 257, 'target': 139}, {'source': 260, 'target': 66}, {'source': 260, 'target': 140}, {'source': 260, 'target': 172}, {'source': 261, 'target': 176}, {'source': 261, 'target': 231}, {'source': 263, 'target': 192}, {'source': 263, 'target': 260}, {'source': 264, 'target': 95}, {'source': 264, 'target': 111}, {'source': 265, 'target': 59}, {'source': 265, 'target': 28}, {'source': 267, 'target': 67}, {'source': 267, 'target': 252}, {'source': 268, 'target': 259}, {'source': 269, 'target': 220}, {'source': 269, 'target': 161}]}",50
"{'directed': True, 'multigraph': False, 'graph': {}, 'nodes': [{'id': 0}, {'id': 1}, {'id': 2}, {'id': 3}, {'id': 4}, {'id': 5}, {'id': 6}, {'id': 7}, {'id': 8}, {'id': 9}, {'id': 10}, {'id': 11}, {'id': 12}, {'id': 13}, {'id': 14}, {'id': 15}, {'id': 16}, {'id': 17}, {'id': 18}, {'id': 19}, {'id': 20}, {'id': 21}, {'id': 22}, {'id': 23}, {'id': 24}, {'id': 25}, {'id': 26}, {'id': 27}, {'id': 28}, {'id': 29}, {'id': 30}, {'id': 31}, {'id': 32}, {'id': 33}, {'id': 34}, {'id': 35}, {'id': 36}, {'id': 37}, {'id': 38}, {'id': 39}, {'id': 40}, {'id': 41}, {'id': 42}, {'id': 43}, {'id': 44}, {'id': 45}, {'id': 46}, {'id': 47}, {'id': 48}, {'id': 49}, {'id': 50}, {'id': 51}, {'id': 52}, {'id': 53}, {'id': 54}, {'id': 55}, {'id': 56}, {'id': 57}, {'id': 58}, {'id': 59}, {'id': 60}, {'id': 61}, {'id': 62}, {'id': 63}, {'id': 64}, {'id': 65}, {'id': 66}, {'id': 67}, {'id': 68}, {'id': 69}, {'id': 70}, {'id': 71}, {'id': 72}, {'id': 73}, {'id': 74}, {'id': 75}, {'id': 76}, {'id': 77}, {'id': 78}, {'id': 79}, {'id': 80}, {'id': 81}, {'id': 82}, {'id': 83}, {'id': 84}, {'id': 85}, {'id': 86}, {'id': 87}, {'id': 88}, {'id': 89}, {'id': 90}, {'id': 91}, {'id': 92}, {'id': 93}, {'id': 94}, {'id': 95}, {'id': 96}, {'id': 97}, {'id': 98}, {'id': 99}, {'id': 100}, {'id': 101}, {'id': 102}, {'id': 103}, {'id': 104}, {'id': 105}, {'id': 106}, {'id': 107}, {'id': 108}, {'id': 109}, {'id': 110}, {'id': 111}, {'id': 112}, {'id': 113}, {'id': 114}, {'id': 115}, {'id': 116}, {'id': 117}, {'id': 118}, {'id': 119}, {'id': 120}, {'id': 121}, {'id': 122}, {'id': 123}, {'id': 124}, {'id': 125}, {'id': 126}, {'id': 127}, {'id': 128}, {'id': 129}, {'id': 130}, {'id': 131}, {'id': 132}, {'id': 133}, {'id': 134}, {'id': 135}, {'id': 136}, {'id': 137}, {'id': 138}, {'id': 139}, {'id': 140}, {'id': 141}, {'id': 142}, {'id': 143}, {'id': 144}, {'id': 145}, {'id': 146}, {'id': 147}, {'id': 148}, {'id': 149}, {'id': 150}, {'id': 151}, {'id': 152}, {'id': 153}, {'id': 154}, {'id': 155}, {'id': 156}, {'id': 157}, {'id': 158}, {'id': 159}, {'id': 160}, {'id': 161}, {'id': 162}, {'id': 163}, {'id': 164}, {'id': 165}, {'id': 166}, {'id': 167}, {'id': 168}, {'id': 169}, {'id': 170}, {'id': 171}, {'id': 172}, {'id': 173}, {'id': 174}, {'id': 175}, {'id': 176}, {'id': 177}, {'id': 178}, {'id': 179}, {'id': 180}, {'id': 181}, {'id': 182}, {'id': 183}, {'id': 184}, {'id': 185}, {'id': 186}, {'id': 187}, {'id': 188}, {'id': 189}, {'id': 190}, {'id': 191}, {'id': 192}, {'id': 193}, {'id': 194}, {'id': 195}, {'id': 196}, {'id': 197}, {'id': 198}, {'id': 199}, {'id': 200}, {'id': 201}, {'id': 202}, {'id': 203}, {'id': 204}, {'id': 205}, {'id': 206}, {'id': 207}, {'id': 208}, {'id': 209}, {'id': 210}, {'id': 211}, {'id': 212}, {'id': 213}, {'id': 214}, {'id': 215}, {'id': 216}, {'id': 217}, {'id': 218}, {'id': 219}, {'id': 220}, {'id': 221}, {'id': 222}, {'id': 223}, {'id': 224}, {'id': 225}, {'id': 226}, {'id': 227}, {'id': 228}, {'id': 229}, {'id': 230}, {'id': 231}, {'id': 232}, {'id': 233}, {'id': 234}, {'id': 235}, {'id': 236}, {'id': 237}, {'id': 238}, {'id': 239}, {'id': 240}, {'id': 241}, {'id': 242}, {'id': 243}, {'id': 244}, {'id': 245}, {'id': 246}, {'id': 247}, {'id': 248}, {'id': 249}, {'id': 250}, {'id': 251}, {'id': 252}, {'id': 253}, {'id': 254}, {'id': 255}, {'id': 256}, {'id': 257}, {'id': 258}, {'id': 259}, {'id': 260}, {'id': 261}, {'id': 262}, {'id': 263}, {'id': 264}, {'id': 265}, {'id': 266}, {'id': 267}, {'id': 268}, {'id': 269}], 'links': [{'source': 0, 'target': 13}, {'source': 0, 'target': 188}, {'source': 0, 'target': 245}, {'source': 1, 'target': 149}, {'source': 2, 'target': 106}, {'source': 2, 'target': 240}, {'source': 3, 'target': 176}, {'source': 4, 'target': 68}, {'source': 4, 'target': 255}, {'source': 6, 'target': 45}, {'source': 6, 'target': 204}, {'source': 6, 'target': 252}, {'source': 8, 'target': 154}, {'source': 8, 'target': 211}, {'source': 8, 'target': 55}, {'source': 9, 'target': 151}, {'source': 11, 'target': 93}, {'source': 14, 'target': 202}, {'source': 15, 'target': 10}, {'source': 15, 'target': 52}, {'source': 16, 'target': 162}, {'source': 16, 'target': 163}, {'source': 19, 'target': 60}, {'source': 19, 'target': 81}, {'source': 19, 'target': 215}, {'source': 20, 'target': 124}, {'source': 20, 'target': 135}, {'source': 21, 'target': 183}, {'source': 21, 'target': 221}, {'source': 22, 'target': 8}, {'source': 23, 'target': 216}, {'source': 24, 'target': 37}, {'source': 25, 'target': 264}, {'source': 26, 'target': 7}, {'source': 27, 'target': 168}, {'source': 28, 'target': 172}, {'source': 31, 'target': 117}, {'source': 32, 'target': 136}, {'source': 32, 'target': 156}, {'source': 32, 'target': 235}, {'source': 35, 'target': 100}, {'source': 36, 'target': 232}, {'source': 41, 'target': 250}, {'source': 41, 'target': 126}, {'source': 42, 'target': 105}, {'source': 42, 'target': 242}, {'source': 44, 'target': 227}, {'source': 44, 'target': 21}, {'source': 47, 'target': 224}, {'source': 47, 'target': 147}, {'source': 51, 'target': 65}, {'source': 52, 'target': 144}, {'source': 53, 'target': 42}, {'source': 54, 'target': 84}, {'source': 54, 'target': 209}, {'source': 54, 'target': 194}, {'source': 55, 'target': 142}, {'source': 55, 'target': 256}, {'source': 56, 'target': 115}, {'source': 57, 'target': 123}, {'source': 58, 'target': 140}, {'source': 62, 'target': 184}, {'source': 66, 'target': 109}, {'source': 67, 'target': 5}, {'source': 68, 'target': 131}, {'source': 69, 'target': 192}, {'source': 69, 'target': 170}, {'source': 72, 'target': 118}, {'source': 74, 'target': 246}, {'source': 75, 'target': 17}, {'source': 75, 'target': 201}, {'source': 78, 'target': 113}, {'source': 79, 'target': 127}, {'source': 79, 'target': 248}, {'source': 80, 'target': 77}, {'source': 84, 'target': 67}, {'source': 85, 'target': 165}, {'source': 86, 'target': 103}, {'source': 86, 'target': 198}, {'source': 87, 'target': 141}, {'source': 88, 'target': 150}, {'source': 89, 'target': 244}, {'source': 89, 'target': 231}, {'source': 90, 'target': 15}, {'source': 92, 'target': 191}, {'source': 93, 'target': 253}, {'source': 97, 'target': 3}, {'source': 97, 'target': 6}, {'source': 98, 'target': 110}, {'source': 99, 'target': 254}, {'source': 99, 'target': 112}, {'source': 101, 'target': 243}, {'source': 105, 'target': 43}, {'source': 106, 'target': 12}, {'source': 107, 'target': 46}, {'source': 107, 'target': 152}, {'source': 107, 'target': 175}, {'source': 107, 'target': 36}, {'source': 109, 'target': 34}, {'source': 109, 'target': 185}, {'source': 111, 'target': 121}, {'source': 112, 'target': 267}, {'source': 112, 'target': 120}, {'source': 113, 'target': 208}, {'source': 115, 'target': 61}, {'source': 115, 'target': 116}, {'source': 116, 'target': 20}, {'source': 118, 'target': 96}, {'source': 118, 'target': 88}, {'source': 119, 'target': 220}, {'source': 120, 'target': 63}, {'source': 120, 'target': 1}, {'source': 120, 'target': 225}, {'source': 125, 'target': 130}, {'source': 125, 'target': 146}, {'source': 125, 'target': 206}, {'source': 125, 'target': 236}, {'source': 126, 'target': 174}, {'source': 126, 'target': 92}, {'source': 127, 'target': 129}, {'source': 128, 'target': 50}, {'source': 129, 'target': 35}, {'source': 131, 'target': 155}, {'source': 133, 'target': 238}, {'source': 133, 'target': 54}, {'source': 134, 'target': 104}, {'source': 134, 'target': 258}, {'source': 134, 'target': 41}, {'source': 137, 'target': 251}, {'source': 139, 'target': 166}, {'source': 139, 'target': 167}, {'source': 140, 'target': 158}, {'source': 141, 'target': 173}, {'source': 141, 'target': 169}, {'source': 141, 'target': 207}, {'source': 142, 'target': 249}, {'source': 145, 'target': 222}, {'source': 147, 'target': 29}, {'source': 147, 'target': 119}, {'source': 149, 'target': 82}, {'source': 149, 'target': 196}, {'source': 150, 'target': 59}, {'source': 150, 'target': 98}, {'source': 154, 'target': 30}, {'source': 155, 'target': 161}, {'source': 155, 'target': 234}, {'source': 156, 'target': 66}, {'source': 156, 'target': 230}, {'source': 157, 'target': 53}, {'source': 157, 'target': 259}, {'source': 160, 'target': 179}, {'source': 162, 'target': 164}, {'source': 163, 'target': 91}, {'source': 163, 'target': 138}, {'source': 163, 'target': 22}, {'source': 165, 'target': 180}, {'source': 165, 'target': 19}, {'source': 165, 'target': 261}, {'source': 167, 'target': 24}, {'source': 167, 'target': 39}, {'source': 167, 'target': 153}, {'source': 167, 'target': 28}, {'source': 168, 'target': 18}, {'source': 168, 'target': 213}, {'source': 168, 'target': 62}, {'source': 169, 'target': 73}, {'source': 169, 'target': 177}, {'source': 170, 'target': 223}, {'source': 171, 'target': 78}, {'source': 172, 'target': 197}, {'source': 174, 'target': 145}, {'source': 176, 'target': 108}, {'source': 176, 'target': 2}, {'source': 177, 'target': 95}, {'source': 177, 'target': 210}, {'source': 178, 'target': 83}, {'source': 182, 'target': 160}, {'source': 183, 'target': 71}, {'source': 184, 'target': 33}, {'source': 184, 'target': 51}, {'source': 184, 'target': 237}, {'source': 186, 'target': 26}, {'source': 186, 'target': 76}, {'source': 187, 'target': 64}, {'source': 188, 'target': 75}, {'source': 188, 'target': 74}, {'source': 191, 'target': 263}, {'source': 193, 'target': 226}, {'source': 194, 'target': 11}, {'source': 199, 'target': 266}, {'source': 200, 'target': 23}, {'source': 201, 'target': 58}, {'source': 203, 'target': 70}, {'source': 205, 'target': 159}, {'source': 207, 'target': 233}, {'source': 207, 'target': 101}, {'source': 209, 'target': 189}, {'source': 212, 'target': 260}, {'source': 213, 'target': 40}, {'source': 213, 'target': 190}, {'source': 214, 'target': 239}, {'source': 214, 'target': 87}, {'source': 217, 'target': 85}, {'source': 218, 'target': 32}, {'source': 219, 'target': 228}, {'source': 220, 'target': 89}, {'source': 221, 'target': 212}, {'source': 222, 'target': 195}, {'source': 222, 'target': 241}, {'source': 223, 'target': 114}, {'source': 223, 'target': 171}, {'source': 223, 'target': 0}, {'source': 224, 'target': 9}, {'source': 224, 'target': 69}, {'source': 224, 'target': 265}, {'source': 225, 'target': 44}, {'source': 226, 'target': 132}, {'source': 226, 'target': 14}, {'source': 229, 'target': 31}, {'source': 229, 'target': 157}, {'source': 230, 'target': 148}, {'source': 231, 'target': 80}, {'source': 231, 'target': 128}, {'source': 231, 'target': 79}, {'source': 232, 'target': 257}, {'source': 232, 'target': 269}, {'source': 234, 'target': 102}, {'source': 234, 'target': 111}, {'source': 236, 'target': 182}, {'source': 236, 'target': 86}, {'source': 237, 'target': 94}, {'source': 237, 'target': 143}, {'source': 237, 'target': 214}, {'source': 237, 'target': 97}, {'source': 237, 'target': 107}, {'source': 238, 'target': 90}, {'source': 241, 'target': 181}, {'source': 242, 'target': 38}, {'source': 244, 'target': 56}, {'source': 245, 'target': 72}, {'source': 245, 'target': 133}, {'source': 246, 'target': 186}, {'source': 248, 'target': 49}, {'source': 248, 'target': 125}, {'source': 248, 'target': 25}, {'source': 249, 'target': 187}, {'source': 249, 'target': 218}, {'source': 250, 'target': 247}, {'source': 251, 'target': 229}, {'source': 251, 'target': 47}, {'source': 253, 'target': 48}, {'source': 253, 'target': 178}, {'source': 254, 'target': 139}, {'source': 255, 'target': 122}, {'source': 255, 'target': 217}, {'source': 257, 'target': 268}, {'source': 259, 'target': 200}, {'source': 260, 'target': 57}, {'source': 260, 'target': 4}, {'source': 261, 'target': 262}, {'source': 261, 'target': 27}, {'source': 262, 'target': 193}, {'source': 262, 'target': 16}, {'source': 263, 'target': 219}, {'source': 263, 'target': 137}, {'source': 264, 'target': 199}, {'source': 265, 'target': 203}, {'source': 267, 'target': 134}, {'source': 269, 'target': 205}]}",100
"{'directed': True, 'multigraph': False, 'graph': {}, 'nodes': [{'id': 0}, {'id': 1}, {'id': 2}, {'id': 3}, {'id': 4}, {'id': 5}, {'id': 6}, {'id': 7}, {'id': 8}, {'id': 9}, {'id': 10}, {'id': 11}, {'id': 12}, {'id': 13}, {'id': 14}, {'id': 15}, {'id': 16}, {'id': 17}, {'id': 18}, {'id': 19}, {'id': 20}, {'id': 21}, {'id': 22}, {'id': 23}, {'id': 24}, {'id': 25}, {'id': 26}, {'id': 27}, {'id': 28}, {'id': 29}, {'id': 30}, {'id': 31}, {'id': 32}, {'id': 33}, {'id': 34}, {'id': 35}, {'id': 36}, {'id': 37}, {'id': 38}, {'id': 39}, {'id': 40}, {'id': 41}, {'id': 42}, {'id': 43}, {'id': 44}, {'id': 45}, {'id': 46}, {'id': 47}, {'id': 48}, {'id': 49}, {'id': 50}, {'id': 51}, {'id': 52}, {'id': 53}, {'id': 54}, {'id': 55}, {'id': 56}, {'id': 57}, {'id': 58}, {'id': 59}, {'id': 60}, {'id': 61}, {'id': 62}, {'id': 63}, {'id': 64}, {'id': 65}, {'id': 66}, {'id': 67}, {'id': 68}, {'id': 69}, {'id': 70}, {'id': 71}, {'id': 72}, {'id': 73}, {'id': 74}, {'id': 75}, {'id': 76}, {'id': 77}, {'id': 78}, {'id': 79}, {'id': 80}, {'id': 81}, {'id': 82}, {'id': 83}, {'id': 84}, {'id': 85}, {'id': 86}, {'id': 87}, {'id': 88}, {'id': 89}, {'id': 90}, {'id': 91}, {'id': 92}, {'id': 93}, {'id': 94}, {'id': 95}, {'id': 96}, {'id': 97}, {'id': 98}, {'id': 99}, {'id': 100}, {'id': 101}, {'id': 102}, {'id': 103}, {'id': 104}, {'id': 105}, {'id': 106}, {'id': 107}, {'id': 108}, {'id': 109}, {'id': 110}, {'id': 111}, {'id': 112}, {'id': 113}, {'id': 114}, {'id': 115}, {'id': 116}, {'id': 117}, {'id': 118}, {'id': 119}, {'id': 120}, {'id': 121}, {'id': 122}, {'id': 123}, {'id': 124}, {'id': 125}, {'id': 126}, {'id': 127}, {'id': 128}, {'id': 129}, {'id': 130}, {'id': 131}, {'id': 132}, {'id': 133}, {'id': 134}, {'id': 135}, {'id': 136}, {'id': 137}, {'id': 138}, {'id': 139}, {'id': 140}, {'id': 141}, {'id': 142}, {'id': 143}, {'id': 144}, {'id': 145}, {'id': 146}, {'id': 147}, {'id': 148}, {'id': 149}, {'id': 150}, {'id': 151}, {'id': 152}, {'id': 153}, {'id': 154}, {'id': 155}, {'id': 156}, {'id': 157}, {'id': 158}, {'id': 159}, {'id': 160}, {'id': 161}, {'id': 162}, {'id': 163}, {'id': 164}, {'id': 165}, {'id': 166}, {'id': 167}, {'id': 168}, {'id': 169}, {'id': 170}, {'id': 171}, {'id': 172}, {'id': 173}, {'id': 174}, {'id': 175}, {'id': 176}, {'id': 177}, {'id': 178}, {'id': 179}, {'id': 180}, {'id': 181}, {'id': 182}, {'id': 183}, {'id': 184}, {'id': 185}, {'id': 186}, {'id': 187}, {'id': 188}, {'id': 189}, {'id': 190}, {'id': 191}, {'id': 192}, {'id': 193}, {'id': 194}, {'id': 195}, {'id': 196}, {'id': 197}, {'id': 198}, {'id': 199}, {'id': 200}, {'id': 201}, {'id': 202}, {'id': 203}, {'id': 204}, {'id': 205}, {'id': 206}, {'id': 207}, {'id': 208}, {'id': 209}, {'id': 210}, {'id': 211}, {'id': 212}, {'id': 213}, {'id': 214}, {'id': 215}, {'id': 216}, {'id': 217}, {'id': 218}, {'id': 219}, {'id': 220}, {'id': 221}, {'id': 222}, {'id': 223}, {'id': 224}, {'id': 225}, {'id': 226}, {'id': 227}, {'id': 228}, {'id': 229}, {'id': 230}, {'id': 231}, {'id': 232}, {'id': 233}, {'id': 234}, {'id': 235}, {'id': 236}, {'id': 237}, {'id': 238}, {'id': 239}, {'id': 240}, {'id': 241}, {'id': 242}, {'id': 243}, {'id': 244}, {'id': 245}, {'id': 246}, {'id': 247}, {'id': 248}, {'id': 249}, {'id': 250}, {'id': 251}, {'id': 252}, {'id': 253}, {'id': 254}, {'id': 255}, {'id': 256}, {'id': 257}, {'id': 258}, {'id': 259}, {'id': 260}, {'id': 261}, {'id': 262}, {'id': 263}, {'id': 264}, {'id': 265}, {'id': 266}, {'id': 267}, {'id': 268}, {'id': 269}], 'links': [{'source': 0, 'target': 59}, {'source': 1, 'target': 243}, {'source': 2, 'target': 143}, {'source': 2, 'target': 149}, {'source': 3, 'target': 151}, {'source': 3, 'target': 207}, {'source': 4, 'target': 25}, {'source': 4, 'target': 14}, {'source': 5, 'target': 58}, {'source': 5, 'target': 152}, {'source': 5, 'target': 1}, {'source': 5, 'target': 90}, {'source': 6, 'target': 36}, {'source': 7, 'target': 37}, {'source': 7, 'target': 120}, {'source': 8, 'target': 142}, {'source': 10, 'target': 125}, {'source': 10, 'target': 53}, {'source': 11, 'target': 41}, {'source': 13, 'target': 48}, {'source': 13, 'target': 23}, {'source': 13, 'target': 220}, {'source': 14, 'target': 106}, {'source': 15, 'target': 63}, {'source': 15, 'target': 178}, {'source': 15, 'target': 209}, {'source': 17, 'target': 18}, {'source': 17, 'target': 95}, {'source': 17, 'target': 258}, {'source': 20, 'target': 145}, {'source': 20, 'target': 116}, {'source': 21, 'target': 72}, {'source': 23, 'target': 184}, {'source': 23, 'target': 201}, {'source': 25, 'target': 68}, {'source': 27, 'target': 76}, {'source': 28, 'target': 70}, {'source': 28, 'target': 91}, {'source': 30, 'target': 177}, {'source': 30, 'target': 213}, {'source': 32, 'target': 7}, {'source': 36, 'target': 40}, {'source': 37, 'target': 171}, {'source': 38, 'target': 83}, {'source': 38, 'target': 98}, {'source': 38, 'target': 13}, {'source': 38, 'target': 249}, {'source': 39, 'target': 121}, {'source': 39, 'target': 150}, {'source': 40, 'target': 67}, {'source': 40, 'target': 64}, {'source': 41, 'target': 175}, {'source': 42, 'target': 164}, {'source': 43, 'target': 35}, {'source': 44, 'target': 78}, {'source': 46, 'target': 2}, {'source': 46, 'target': 237}, {'source': 46, 'target': 234}, {'source': 47, 'target': 158}, {'source': 47, 'target': 198}, {'source': 47, 'target': 264}, {'source': 50, 'target': 107}, {'source': 51, 'target': 211}, {'source': 51, 'target': 28}, {'source': 52, 'target': 65}, {'source': 53, 'target': 203}, {'source': 54, 'target': 119}, {'source': 54, 'target': 69}, {'source': 55, 'target': 17}, {'source': 58, 'target': 148}, {'source': 62, 'target': 49}, {'source': 63, 'target': 9}, {'source': 63, 'target': 85}, {'source': 63, 'target': 140}, {'source': 64, 'target': 236}, {'source': 64, 'target': 54}, {'source': 64, 'target': 221}, {'source': 65, 'target': 97}, {'source': 65, 'target': 252}, {'source': 67, 'target': 196}, {'source': 68, 'target': 214}, {'source': 69, 'target': 62}, {'source': 69, 'target': 170}, {'source': 69, 'target': 250}, {'source': 72, 'target': 84}, {'source': 73, 'target': 222}, {'source': 74, 'target': 42}, {'source': 75, 'target': 235}, {'source': 76, 'target': 215}, {'source': 77, 'target': 105}, {'source': 77, 'target': 193}, {'source': 77, 'target': 202}, {'source': 78, 'target': 33}, {'source': 79, 'target': 245}, {'source': 81, 'target': 124}, {'source': 84, 'target': 3}, {'source': 84, 'target': 229}, {'source': 86, 'target': 204}, {'source': 87, 'target': 265}, {'source': 88, 'target': 169}, {'source': 89, 'target': 99}, {'source': 90, 'target': 212}, {'source': 91, 'target': 47}, {'source': 91, 'target': 15}, {'source': 93, 'target': 168}, {'source': 94, 'target': 45}, {'source': 94, 'target': 32}, {'source': 99, 'target': 44}, {'source': 99, 'target': 50}, {'source': 101, 'target': 268}, {'source': 102, 'target': 228}, {'source': 103, 'target': 12}, {'source': 103, 'target': 176}, {'source': 103, 'target': 262}, {'source': 104, 'target': 75}, {'source': 104, 'target': 174}, {'source': 106, 'target': 132}, {'source': 106, 'target': 226}, {'source': 107, 'target': 136}, {'source': 108, 'target': 172}, {'source': 109, 'target': 135}, {'source': 109, 'target': 137}, {'source': 109, 'target': 230}, {'source': 110, 'target': 194}, {'source': 111, 'target': 248}, {'source': 112, 'target': 24}, {'source': 112, 'target': 114}, {'source': 114, 'target': 144}, {'source': 115, 'target': 244}, {'source': 116, 'target': 157}, {'source': 118, 'target': 206}, {'source': 119, 'target': 238}, {'source': 120, 'target': 195}, {'source': 121, 'target': 205}, {'source': 123, 'target': 216}, {'source': 126, 'target': 51}, {'source': 126, 'target': 127}, {'source': 127, 'target': 239}, {'source': 128, 'target': 246}, {'source': 129, 'target': 153}, {'source': 129, 'target': 240}, {'source': 129, 'target': 255}, {'source': 129, 'target': 182}, {'source': 129, 'target': 126}, {'source': 131, 'target': 223}, {'source': 135, 'target': 113}, {'source': 139, 'target': 266}, {'source': 141, 'target': 16}, {'source': 142, 'target': 123}, {'source': 142, 'target': 55}, {'source': 144, 'target': 52}, {'source': 145, 'target': 31}, {'source': 147, 'target': 186}, {'source': 150, 'target': 233}, {'source': 153, 'target': 19}, {'source': 153, 'target': 4}, {'source': 154, 'target': 247}, {'source': 158, 'target': 159}, {'source': 158, 'target': 191}, {'source': 160, 'target': 88}, {'source': 160, 'target': 185}, {'source': 161, 'target': 218}, {'source': 161, 'target': 199}, {'source': 162, 'target': 20}, {'source': 162, 'target': 188}, {'source': 163, 'target': 122}, {'source': 163, 'target': 101}, {'source': 163, 'target': 5}, {'source': 165, 'target': 96}, {'source': 166, 'target': 260}, {'source': 167, 'target': 56}, {'source': 168, 'target': 165}, {'source': 168, 'target': 111}, {'source': 171, 'target': 118}, {'source': 174, 'target': 147}, {'source': 175, 'target': 139}, {'source': 181, 'target': 60}, {'source': 181, 'target': 117}, {'source': 181, 'target': 38}, {'source': 182, 'target': 189}, {'source': 185, 'target': 89}, {'source': 185, 'target': 263}, {'source': 186, 'target': 57}, {'source': 186, 'target': 138}, {'source': 186, 'target': 73}, {'source': 187, 'target': 6}, {'source': 187, 'target': 269}, {'source': 188, 'target': 130}, {'source': 188, 'target': 131}, {'source': 188, 'target': 257}, {'source': 188, 'target': 251}, {'source': 189, 'target': 109}, {'source': 189, 'target': 21}, {'source': 190, 'target': 179}, {'source': 190, 'target': 30}, {'source': 191, 'target': 146}, {'source': 192, 'target': 22}, {'source': 194, 'target': 39}, {'source': 195, 'target': 208}, {'source': 195, 'target': 104}, {'source': 198, 'target': 166}, {'source': 199, 'target': 232}, {'source': 199, 'target': 242}, {'source': 202, 'target': 26}, {'source': 202, 'target': 103}, {'source': 207, 'target': 43}, {'source': 207, 'target': 81}, {'source': 207, 'target': 128}, {'source': 208, 'target': 256}, {'source': 209, 'target': 267}, {'source': 211, 'target': 141}, {'source': 212, 'target': 162}, {'source': 212, 'target': 77}, {'source': 212, 'target': 187}, {'source': 213, 'target': 200}, {'source': 213, 'target': 210}, {'source': 216, 'target': 61}, {'source': 216, 'target': 254}, {'source': 217, 'target': 156}, {'source': 217, 'target': 219}, {'source': 217, 'target': 46}, {'source': 219, 'target': 66}, {'source': 221, 'target': 161}, {'source': 221, 'target': 217}, {'source': 222, 'target': 167}, {'source': 222, 'target': 163}, {'source': 223, 'target': 227}, {'source': 223, 'target': 253}, {'source': 224, 'target': 0}, {'source': 228, 'target': 93}, {'source': 229, 'target': 108}, {'source': 229, 'target': 180}, {'source': 229, 'target': 87}, {'source': 230, 'target': 100}, {'source': 230, 'target': 102}, {'source': 231, 'target': 82}, {'source': 232, 'target': 29}, {'source': 232, 'target': 92}, {'source': 234, 'target': 11}, {'source': 235, 'target': 155}, {'source': 235, 'target': 231}, {'source': 235, 'target': 261}, {'source': 237, 'target': 241}, {'source': 238, 'target': 115}, {'source': 239, 'target': 94}, {'source': 242, 'target': 197}, {'source': 243, 'target': 224}, {'source': 243, 'target': 112}, {'source': 245, 'target': 8}, {'source': 246, 'target': 86}, {'source': 247, 'target': 134}, {'source': 248, 'target': 71}, {'source': 249, 'target': 10}, {'source': 250, 'target': 133}, {'source': 251, 'target': 225}, {'source': 251, 'target': 79}, {'source': 252, 'target': 160}, {'source': 254, 'target': 80}, {'source': 255, 'target': 183}, {'source': 256, 'target': 192}, {'source': 256, 'target': 259}, {'source': 258, 'target': 34}, {'source': 259, 'target': 190}, {'source': 262, 'target': 181}, {'source': 264, 'target': 74}, {'source': 265, 'target': 27}, {'source': 266, 'target': 154}, {'source': 267, 'target': 173}, {'source': 267, 'target': 110}]}",100
"{'directed': True, 'multigraph': False, 'graph': {}, 'nodes': [{'id': 0}, {'id': 1}, {'id': 2}, {'id': 3}, {'id': 4}, {'id': 5}, {'id': 6}, {'id': 7}, {'id': 8}, {'id': 9}, {'id': 10}, {'id': 11}, {'id': 12}, {'id': 13}, {'id': 14}, {'id': 15}, {'id': 16}, {'id': 17}, {'id': 18}, {'id': 19}, {'id': 20}, {'id': 21}, {'id': 22}, {'id': 23}, {'id': 24}, {'id': 25}, {'id': 26}, {'id': 27}, {'id': 28}, {'id': 29}, {'id': 30}, {'id': 31}, {'id': 32}, {'id': 33}, {'id': 34}, {'id': 35}, {'id': 36}, {'id': 37}, {'id': 38}, {'id': 39}, {'id': 40}, {'id': 41}, {'id': 42}, {'id': 43}, {'id': 44}, {'id': 45}, {'id': 46}, {'id': 47}, {'id': 48}, {'id': 49}, {'id': 50}, {'id': 51}, {'id': 52}, {'id': 53}, {'id': 54}, {'id': 55}, {'id': 56}, {'id': 57}, {'id': 58}, {'id': 59}, {'id': 60}, {'id': 61}, {'id': 62}, {'id': 63}, {'id': 64}, {'id': 65}, {'id': 66}, {'id': 67}, {'id': 68}, {'id': 69}, {'id': 70}, {'id': 71}, {'id': 72}, {'id': 73}, {'id': 74}, {'id': 75}, {'id': 76}, {'id': 77}, {'id': 78}, {'id': 79}, {'id': 80}, {'id': 81}, {'id': 82}, {'id': 83}, {'id': 84}, {'id': 85}, {'id': 86}, {'id': 87}, {'id': 88}, {'id': 89}, {'id': 90}, {'id': 91}, {'id': 92}, {'id': 93}, {'id': 94}, {'id': 95}, {'id': 96}, {'id': 97}, {'id': 98}, {'id': 99}, {'id': 100}, {'id': 101}, {'id': 102}, {'id': 103}, {'id': 104}, {'id': 105}, {'id': 106}, {'id': 107}, {'id': 108}, {'id': 109}, {'id': 110}, {'id': 111}, {'id': 112}, {'id': 113}, {'id': 114}, {'id': 115}, {'id': 116}, {'id': 117}, {'id': 118}, {'id': 119}, {'id': 120}, {'id': 121}, {'id': 122}, {'id': 123}, {'id': 124}, {'id': 125}, {'id': 126}, {'id': 127}, {'id': 128}, {'id': 129}, {'id': 130}, {'id': 131}, {'id': 132}, {'id': 133}, {'id': 134}, {'id': 135}, {'id': 136}, {'id': 137}, {'id': 138}, {'id': 139}, {'id': 140}, {'id': 141}, {'id': 142}, {'id': 143}, {'id': 144}, {'id': 145}, {'id': 146}, {'id': 147}, {'id': 148}, {'id': 149}, {'id': 150}, {'id': 151}, {'id': 152}, {'id': 153}, {'id': 154}, {'id': 155}, {'id': 156}, {'id': 157}, {'id': 158}, {'id': 159}, {'id': 160}, {'id': 161}, {'id': 162}, {'id': 163}, {'id': 164}, {'id': 165}, {'id': 166}, {'id': 167}, {'id': 168}, {'id': 169}, {'id': 170}, {'id': 171}, {'id': 172}, {'id': 173}, {'id': 174}, {'id': 175}, {'id': 176}, {'id': 177}, {'id': 178}, {'id': 179}, {'id': 180}, {'id': 181}, {'id': 182}, {'id': 183}, {'id': 184}, {'id': 185}, {'id': 186}, {'id': 187}, {'id': 188}, {'id': 189}, {'id': 190}, {'id': 191}, {'id': 192}, {'id': 193}, {'id': 194}, {'id': 195}, {'id': 196}, {'id': 197}, {'id': 198}, {'id': 199}, {'id': 200}, {'id': 201}, {'id': 202}, {'id': 203}, {'id': 204}, {'id': 205}, {'id': 206}, {'id': 207}, {'id': 208}, {'id': 209}, {'id': 210}, {'id': 211}, {'id': 212}, {'id': 213}, {'id': 214}, {'id': 215}, {'id': 216}, {'id': 217}, {'id': 218}, {'id': 219}, {'id': 220}, {'id': 221}, {'id': 222}, {'id': 223}, {'id': 224}, {'id': 225}, {'id': 226}, {'id': 227}, {'id': 228}, {'id': 229}, {'id': 230}, {'id': 231}, {'id': 232}, {'id': 233}, {'id': 234}, {'id': 235}, {'id': 236}, {'id': 237}, {'id': 238}, {'id': 239}, {'id': 240}, {'id': 241}, {'id': 242}, {'id': 243}, {'id': 244}, {'id': 245}, {'id': 246}, {'id': 247}, {'id': 248}, {'id': 249}, {'id': 250}, {'id': 251}, {'id': 252}, {'id': 253}, {'id': 254}, {'id': 255}, {'id': 256}, {'id': 257}, {'id': 258}, {'id': 259}, {'id': 260}, {'id': 261}, {'id': 262}, {'id': 263}, {'id': 264}, {'id': 265}, {'id': 266}, {'id': 267}, {'id': 268}, {'id': 269}], 'links': [{'source': 0, 'target': 25}, {'source': 0, 'target': 148}, {'source': 1, 'target': 224}, {'source': 2, 'target': 47}, {'source': 3, 'target': 112}, {'source': 7, 'target': 214}, {'source': 10, 'target': 203}, {'source': 10, 'target': 39}, {'source': 10, 'target': 121}, {'source': 11, 'target': 101}, {'source': 11, 'target': 19}, {'source': 12, 'target': 77}, {'source': 12, 'target': 145}, {'source': 12, 'target': 254}, {'source': 14, 'target': 122}, {'source': 14, 'target': 244}, {'source': 15, 'target': 103}, {'source': 15, 'target': 235}, {'source': 17, 'target': 209}, {'source': 18, 'target': 95}, {'source': 18, 'target': 172}, {'source': 18, 'target': 247}, {'source': 19, 'target': 146}, {'source': 19, 'target': 44}, {'source': 20, 'target': 43}, {'source': 20, 'target': 167}, {'source': 23, 'target': 24}, {'source': 23, 'target': 251}, {'source': 23, 'target': 45}, {'source': 24, 'target': 164}, {'source': 26, 'target': 215}, {'source': 26, 'target': 38}, {'source': 31, 'target': 188}, {'source': 31, 'target': 266}, {'source': 37, 'target': 64}, {'source': 37, 'target': 15}, {'source': 37, 'target': 114}, {'source': 38, 'target': 126}, {'source': 39, 'target': 123}, {'source': 39, 'target': 261}, {'source': 40, 'target': 72}, {'source': 40, 'target': 58}, {'source': 44, 'target': 193}, {'source': 45, 'target': 175}, {'source': 45, 'target': 264}, {'source': 46, 'target': 128}, {'source': 47, 'target': 65}, {'source': 48, 'target': 198}, {'source': 48, 'target': 168}, {'source': 49, 'target': 36}, {'source': 50, 'target': 94}, {'source': 50, 'target': 182}, {'source': 50, 'target': 178}, {'source': 51, 'target': 242}, {'source': 52, 'target': 33}, {'source': 55, 'target': 225}, {'source': 55, 'target': 196}, {'source': 56, 'target': 75}, {'source': 57, 'target': 138}, {'source': 57, 'target': 246}, {'source': 58, 'target': 226}, {'source': 60, 'target': 219}, {'source': 60, 'target': 222}, {'source': 60, 'target': 141}, {'source': 60, 'target': 220}, {'source': 63, 'target': 60}, {'source': 64, 'target': 93}, {'source': 65, 'target': 210}, {'source': 65, 'target': 50}, {'source': 65, 'target': 238}, {'source': 66, 'target': 115}, {'source': 66, 'target': 140}, {'source': 67, 'target': 82}, {'source': 68, 'target': 61}, {'source': 68, 'target': 11}, {'source': 68, 'target': 116}, {'source': 73, 'target': 10}, {'source': 77, 'target': 79}, {'source': 78, 'target': 22}, {'source': 81, 'target': 135}, {'source': 81, 'target': 253}, {'source': 82, 'target': 28}, {'source': 82, 'target': 106}, {'source': 84, 'target': 102}, {'source': 84, 'target': 250}, {'source': 86, 'target': 59}, {'source': 86, 'target': 67}, {'source': 86, 'target': 216}, {'source': 87, 'target': 207}, {'source': 88, 'target': 170}, {'source': 88, 'target': 259}, {'source': 91, 'target': 197}, {'source': 96, 'target': 119}, {'source': 96, 'target': 176}, {'source': 97, 'target': 132}, {'source': 97, 'target': 194}, {'source': 98, 'target': 130}, {'source': 98, 'target': 177}, {'source': 99, 'target': 234}, {'source': 99, 'target': 0}, {'source': 100, 'target': 104}, {'source': 100, 'target': 117}, {'source': 100, 'target': 23}, {'source': 101, 'target': 131}, {'source': 101, 'target': 155}, {'source': 104, 'target': 159}, {'source': 105, 'target': 29}, {'source': 105, 'target': 186}, {'source': 105, 'target': 180}, {'source': 106, 'target': 192}, {'source': 106, 'target': 161}, {'source': 106, 'target': 66}, {'source': 108, 'target': 162}, {'source': 109, 'target': 139}, {'source': 110, 'target': 171}, {'source': 111, 'target': 181}, {'source': 111, 'target': 97}, {'source': 111, 'target': 230}, {'source': 112, 'target': 27}, {'source': 114, 'target': 249}, {'source': 114, 'target': 152}, {'source': 116, 'target': 53}, {'source': 116, 'target': 63}, {'source': 117, 'target': 204}, {'source': 118, 'target': 231}, {'source': 120, 'target': 78}, {'source': 120, 'target': 208}, {'source': 120, 'target': 267}, {'source': 121, 'target': 218}, {'source': 121, 'target': 68}, {'source': 122, 'target': 229}, {'source': 124, 'target': 6}, {'source': 124, 'target': 98}, {'source': 125, 'target': 169}, {'source': 125, 'target': 227}, {'source': 125, 'target': 100}, {'source': 126, 'target': 55}, {'source': 128, 'target': 35}, {'source': 128, 'target': 70}, {'source': 128, 'target': 252}, {'source': 129, 'target': 223}, {'source': 130, 'target': 136}, {'source': 132, 'target': 89}, {'source': 134, 'target': 17}, {'source': 138, 'target': 236}, {'source': 139, 'target': 199}, {'source': 140, 'target': 14}, {'source': 141, 'target': 84}, {'source': 142, 'target': 133}, {'source': 142, 'target': 269}, {'source': 143, 'target': 54}, {'source': 144, 'target': 5}, {'source': 144, 'target': 113}, {'source': 145, 'target': 40}, {'source': 146, 'target': 258}, {'source': 147, 'target': 137}, {'source': 148, 'target': 143}, {'source': 148, 'target': 237}, {'source': 149, 'target': 124}, {'source': 152, 'target': 153}, {'source': 152, 'target': 257}, {'source': 154, 'target': 76}, {'source': 154, 'target': 80}, {'source': 156, 'target': 3}, {'source': 156, 'target': 142}, {'source': 158, 'target': 9}, {'source': 160, 'target': 184}, {'source': 161, 'target': 4}, {'source': 161, 'target': 12}, {'source': 162, 'target': 262}, {'source': 165, 'target': 13}, {'source': 165, 'target': 265}, {'source': 166, 'target': 228}, {'source': 167, 'target': 92}, {'source': 168, 'target': 144}, {'source': 168, 'target': 99}, {'source': 171, 'target': 8}, {'source': 171, 'target': 74}, {'source': 171, 'target': 243}, {'source': 172, 'target': 163}, {'source': 172, 'target': 241}, {'source': 173, 'target': 41}, {'source': 173, 'target': 125}, {'source': 175, 'target': 52}, {'source': 175, 'target': 69}, {'source': 176, 'target': 34}, {'source': 176, 'target': 2}, {'source': 177, 'target': 85}, {'source': 177, 'target': 48}, {'source': 178, 'target': 187}, {'source': 178, 'target': 160}, {'source': 179, 'target': 118}, {'source': 179, 'target': 189}, {'source': 180, 'target': 91}, {'source': 182, 'target': 71}, {'source': 182, 'target': 183}, {'source': 184, 'target': 16}, {'source': 184, 'target': 240}, {'source': 185, 'target': 147}, {'source': 189, 'target': 151}, {'source': 189, 'target': 81}, {'source': 189, 'target': 108}, {'source': 190, 'target': 110}, {'source': 191, 'target': 200}, {'source': 191, 'target': 260}, {'source': 193, 'target': 1}, {'source': 193, 'target': 109}, {'source': 196, 'target': 206}, {'source': 197, 'target': 73}, {'source': 199, 'target': 179}, {'source': 200, 'target': 46}, {'source': 202, 'target': 56}, {'source': 203, 'target': 256}, {'source': 206, 'target': 20}, {'source': 206, 'target': 7}, {'source': 212, 'target': 211}, {'source': 212, 'target': 268}, {'source': 213, 'target': 165}, {'source': 213, 'target': 96}, {'source': 214, 'target': 129}, {'source': 214, 'target': 191}, {'source': 216, 'target': 221}, {'source': 216, 'target': 232}, {'source': 216, 'target': 57}, {'source': 217, 'target': 173}, {'source': 218, 'target': 157}, {'source': 218, 'target': 217}, {'source': 220, 'target': 42}, {'source': 220, 'target': 213}, {'source': 222, 'target': 150}, {'source': 223, 'target': 83}, {'source': 223, 'target': 195}, {'source': 224, 'target': 205}, {'source': 227, 'target': 32}, {'source': 227, 'target': 239}, {'source': 228, 'target': 185}, {'source': 231, 'target': 190}, {'source': 231, 'target': 88}, {'source': 233, 'target': 245}, {'source': 234, 'target': 62}, {'source': 238, 'target': 120}, {'source': 239, 'target': 37}, {'source': 240, 'target': 134}, {'source': 241, 'target': 127}, {'source': 241, 'target': 233}, {'source': 242, 'target': 156}, {'source': 244, 'target': 18}, {'source': 244, 'target': 248}, {'source': 244, 'target': 212}, {'source': 245, 'target': 174}, {'source': 246, 'target': 263}, {'source': 249, 'target': 30}, {'source': 253, 'target': 158}, {'source': 254, 'target': 107}, {'source': 254, 'target': 111}, {'source': 255, 'target': 202}, {'source': 256, 'target': 21}, {'source': 259, 'target': 149}, {'source': 259, 'target': 26}, {'source': 261, 'target': 201}, {'source': 261, 'target': 87}, {'source': 262, 'target': 255}, {'source': 263, 'target': 49}, {'source': 263, 'target': 51}, {'source': 265, 'target': 90}, {'source': 265, 'target': 154}, {'source': 266, 'target': 166}, {'source': 267, 'target': 86}, {'source': 269, 'target': 31}]}",100
"{'directed': True, 'multigraph': False, 'graph': {}, 'nodes': [{'id': 0}, {'id': 1}, {'id': 2}, {'id': 3}, {'id': 4}, {'id': 5}, {'id': 6}, {'id': 7}, {'id': 8}, {'id': 9}, {'id': 10}, {'id': 11}, {'id': 12}, {'id': 13}, {'id': 14}, {'id': 15}, {'id': 16}, {'id': 17}, {'id': 18}, {'id': 19}, {'id': 20}, {'id': 21}, {'id': 22}, {'id': 23}, {'id': 24}, {'id': 25}, {'id': 26}, {'id': 27}, {'id': 28}, {'id': 29}, {'id': 30}, {'id': 31}, {'id': 32}, {'id': 33}, {'id': 34}, {'id': 35}, {'id': 36}, {'id': 37}, {'id': 38}, {'id': 39}, {'id': 40}, {'id': 41}, {'id': 42}, {'id': 43}, {'id': 44}, {'id': 45}, {'id': 46}, {'id': 47}, {'id': 48}, {'id': 49}, {'id': 50}, {'id': 51}, {'id': 52}, {'id': 53}, {'id': 54}, {'id': 55}, {'id': 56}, {'id': 57}, {'id': 58}, {'id': 59}, {'id': 60}, {'id': 61}, {'id': 62}, {'id': 63}, {'id': 64}, {'id': 65}, {'id': 66}, {'id': 67}, {'id': 68}, {'id': 69}, {'id': 70}, {'id': 71}, {'id': 72}, {'id': 73}, {'id': 74}, {'id': 75}, {'id': 76}, {'id': 77}, {'id': 78}, {'id': 79}, {'id': 80}, {'id': 81}, {'id': 82}, {'id': 83}, {'id': 84}, {'id': 85}, {'id': 86}, {'id': 87}, {'id': 88}, {'id': 89}, {'id': 90}, {'id': 91}, {'id': 92}, {'id': 93}, {'id': 94}, {'id': 95}, {'id': 96}, {'id': 97}, {'id': 98}, {'id': 99}, {'id': 100}, {'id': 101}, {'id': 102}, {'id': 103}, {'id': 104}, {'id': 105}, {'id': 106}, {'id': 107}, {'id': 108}, {'id': 109}, {'id': 110}, {'id': 111}, {'id': 112}, {'id': 113}, {'id': 114}, {'id': 115}, {'id': 116}, {'id': 117}, {'id': 118}, {'id': 119}, {'id': 120}, {'id': 121}, {'id': 122}, {'id': 123}, {'id': 124}, {'id': 125}, {'id': 126}, {'id': 127}, {'id': 128}, {'id': 129}, {'id': 130}, {'id': 131}, {'id': 132}, {'id': 133}, {'id': 134}, {'id': 135}, {'id': 136}, {'id': 137}, {'id': 138}, {'id': 139}, {'id': 140}, {'id': 141}, {'id': 142}, {'id': 143}, {'id': 144}, {'id': 145}, {'id': 146}, {'id': 147}, {'id': 148}, {'id': 149}, {'id': 150}, {'id': 151}, {'id': 152}, {'id': 153}, {'id': 154}, {'id': 155}, {'id': 156}, {'id': 157}, {'id': 158}, {'id': 159}, {'id': 160}, {'id': 161}, {'id': 162}, {'id': 163}, {'id': 164}, {'id': 165}, {'id': 166}, {'id': 167}, {'id': 168}, {'id': 169}, {'id': 170}, {'id': 171}, {'id': 172}, {'id': 173}, {'id': 174}, {'id': 175}, {'id': 176}, {'id': 177}, {'id': 178}, {'id': 179}, {'id': 180}, {'id': 181}, {'id': 182}, {'id': 183}, {'id': 184}, {'id': 185}, {'id': 186}, {'id': 187}, {'id': 188}, {'id': 189}, {'id': 190}, {'id': 191}, {'id': 192}, {'id': 193}, {'id': 194}, {'id': 195}, {'id': 196}, {'id': 197}, {'id': 198}, {'id': 199}, {'id': 200}, {'id': 201}, {'id': 202}, {'id': 203}, {'id': 204}, {'id': 205}, {'id': 206}, {'id': 207}, {'id': 208}, {'id': 209}, {'id': 210}, {'id': 211}, {'id': 212}, {'id': 213}, {'id': 214}, {'id': 215}, {'id': 216}, {'id': 217}, {'id': 218}, {'id': 219}, {'id': 220}, {'id': 221}, {'id': 222}, {'id': 223}, {'id': 224}, {'id': 225}, {'id': 226}, {'id': 227}, {'id': 228}, {'id': 229}, {'id': 230}, {'id': 231}, {'id': 232}, {'id': 233}, {'id': 234}, {'id': 235}, {'id': 236}, {'id': 237}, {'id': 238}, {'id': 239}, {'id': 240}, {'id': 241}, {'id': 242}, {'id': 243}, {'id': 244}, {'id': 245}, {'id': 246}, {'id': 247}, {'id': 248}, {'id': 249}, {'id': 250}, {'id': 251}, {'id': 252}, {'id': 253}, {'id': 254}, {'id': 255}, {'id': 256}, {'id': 257}, {'id': 258}, {'id': 259}, {'id': 260}, {'id': 261}, {'id': 262}, {'id': 263}, {'id': 264}, {'id': 265}, {'id': 266}, {'id': 267}, {'id': 268}, {'id': 269}, {'id': 270}, {'id': 271}, {'id': 272}, {'id': 273}, {'id': 274}, {'id': 275}, {'id': 276}, {'id': 277}, {'id': 278}, {'id': 279}, {'id': 280}, {'id': 281}, {'id': 282}, {'id': 283}, {'id': 284}, {'id': 285}, {'id': 286}, {'id': 287}, {'id': 288}, {'id': 289}, {'id': 290}, {'id': 291}, {'id': 292}, {'id': 293}, {'id': 294}, {'id': 295}, {'id': 296}, {'id': 297}, {'id': 298}, {'id': 299}], 'links': [{'source': 0, 'target': 219}, {'source': 1, 'target': 8}, {'source': 1, 'target': 241}, {'source': 3, 'target': 41}, {'source': 4, 'target': 217}, {'source': 4, 'target': 185}, {'source': 4, 'target': 278}, {'source': 5, 'target': 102}, {'source': 8, 'target': 44}, {'source': 9, 'target': 173}, {'source': 9, 'target': 0}, {'source': 10, 'target': 95}, {'source': 10, 'target': 40}, {'source': 11, 'target': 270}, {'source': 14, 'target': 290}, {'source': 16, 'target': 20}, {'source': 16, 'target': 296}, {'source': 16, 'target': 27}, {'source': 17, 'target': 52}, {'source': 17, 'target': 184}, {'source': 17, 'target': 97}, {'source': 18, 'target': 69}, {'source': 19, 'target': 5}, {'source': 19, 'target': 137}, {'source': 20, 'target': 32}, {'source': 21, 'target': 48}, {'source': 23, 'target': 202}, {'source': 24, 'target': 6}, {'source': 24, 'target': 255}, {'source': 25, 'target': 183}, {'source': 27, 'target': 289}, {'source': 27, 'target': 39}, {'source': 28, 'target': 11}, {'source': 29, 'target': 157}, {'source': 29, 'target': 87}, {'source': 31, 'target': 254}, {'source': 31, 'target': 283}, {'source': 31, 'target': 193}, {'source': 33, 'target': 242}, {'source': 34, 'target': 277}, {'source': 35, 'target': 38}, {'source': 37, 'target': 110}, {'source': 37, 'target': 126}, {'source': 38, 'target': 273}, {'source': 39, 'target': 268}, {'source': 39, 'target': 96}, {'source': 40, 'target': 30}, {'source': 40, 'target': 222}, {'source': 40, 'target': 47}, {'source': 40, 'target': 284}, {'source': 43, 'target': 125}, {'source': 43, 'target': 189}, {'source': 44, 'target': 12}, {'source': 47, 'target': 31}, {'source': 49, 'target': 132}, {'source': 50, 'target': 220}, {'source': 50, 'target': 292}, {'source': 51, 'target': 190}, {'source': 51, 'target': 54}, {'source': 52, 'target': 156}, {'source': 53, 'target': 264}, {'source': 54, 'target': 23}, {'source': 54, 'target': 53}, {'source': 55, 'target': 21}, {'source': 56, 'target': 37}, {'source': 56, 'target': 181}, {'source': 57, 'target': 143}, {'source': 58, 'target': 109}, {'source': 58, 'target': 249}, {'source': 59, 'target': 66}, {'source': 59, 'target': 186}, {'source': 60, 'target': 112}, {'source': 60, 'target': 107}, {'source': 60, 'target': 78}, {'source': 60, 'target': 100}, {'source': 61, 'target': 118}, {'source': 62, 'target': 206}, {'source': 64, 'target': 94}, {'source': 64, 'target': 167}, {'source': 64, 'target': 162}, {'source': 65, 'target': 279}, {'source': 67, 'target': 259}, {'source': 68, 'target': 103}, {'source': 68, 'target': 165}, {'source': 70, 'target': 216}, {'source': 71, 'target': 179}, {'source': 72, 'target': 258}, {'source': 72, 'target': 74}, {'source': 73, 'target': 248}, {'source': 73, 'target': 199}, {'source': 74, 'target': 203}, {'source': 75, 'target': 161}, {'source': 75, 'target': 209}, {'source': 78, 'target': 252}, {'source': 78, 'target': 176}, {'source': 80, 'target': 197}, {'source': 81, 'target': 280}, {'source': 83, 'target': 114}, {'source': 83, 'target': 246}, {'source': 84, 'target': 9}, {'source': 84, 'target': 146}, {'source': 86, 'target': 7}, {'source': 86, 'target': 134}, {'source': 86, 'target': 164}, {'source': 86, 'target': 247}, {'source': 87, 'target': 113}, {'source': 87, 'target': 295}, {'source': 88, 'target': 42}, {'source': 88, 'target': 267}, {'source': 89, 'target': 144}, {'source': 91, 'target': 75}, {'source': 92, 'target': 194}, {'source': 92, 'target': 238}, {'source': 93, 'target': 46}, {'source': 93, 'target': 130}, {'source': 93, 'target': 138}, {'source': 95, 'target': 35}, {'source': 96, 'target': 81}, {'source': 96, 'target': 243}, {'source': 96, 'target': 73}, {'source': 97, 'target': 131}, {'source': 98, 'target': 253}, {'source': 98, 'target': 271}, {'source': 99, 'target': 225}, {'source': 99, 'target': 34}, {'source': 100, 'target': 55}, {'source': 100, 'target': 221}, {'source': 100, 'target': 133}, {'source': 103, 'target': 79}, {'source': 104, 'target': 119}, {'source': 105, 'target': 4}, {'source': 106, 'target': 274}, {'source': 107, 'target': 148}, {'source': 107, 'target': 257}, {'source': 108, 'target': 56}, {'source': 109, 'target': 36}, {'source': 111, 'target': 298}, {'source': 113, 'target': 170}, {'source': 114, 'target': 68}, {'source': 115, 'target': 63}, {'source': 117, 'target': 215}, {'source': 118, 'target': 2}, {'source': 118, 'target': 3}, {'source': 119, 'target': 192}, {'source': 120, 'target': 140}, {'source': 120, 'target': 1}, {'source': 122, 'target': 233}, {'source': 123, 'target': 180}, {'source': 123, 'target': 201}, {'source': 123, 'target': 84}, {'source': 124, 'target': 239}, {'source': 124, 'target': 297}, {'source': 125, 'target': 61}, {'source': 125, 'target': 147}, {'source': 128, 'target': 172}, {'source': 131, 'target': 251}, {'source': 131, 'target': 88}, {'source': 132, 'target': 218}, {'source': 133, 'target': 145}, {'source': 133, 'target': 230}, {'source': 133, 'target': 188}, {'source': 136, 'target': 90}, {'source': 136, 'target': 25}, {'source': 136, 'target': 108}, {'source': 140, 'target': 235}, {'source': 141, 'target': 98}, {'source': 142, 'target': 17}, {'source': 142, 'target': 50}, {'source': 143, 'target': 51}, {'source': 143, 'target': 275}, {'source': 144, 'target': 77}, {'source': 144, 'target': 159}, {'source': 146, 'target': 240}, {'source': 146, 'target': 205}, {'source': 149, 'target': 71}, {'source': 152, 'target': 117}, {'source': 154, 'target': 10}, {'source': 155, 'target': 115}, {'source': 155, 'target': 187}, {'source': 159, 'target': 266}, {'source': 160, 'target': 149}, {'source': 162, 'target': 101}, {'source': 162, 'target': 208}, {'source': 162, 'target': 286}, {'source': 163, 'target': 223}, {'source': 168, 'target': 139}, {'source': 170, 'target': 105}, {'source': 171, 'target': 204}, {'source': 171, 'target': 231}, {'source': 171, 'target': 111}, {'source': 172, 'target': 121}, {'source': 173, 'target': 129}, {'source': 175, 'target': 174}, {'source': 175, 'target': 224}, {'source': 176, 'target': 152}, {'source': 177, 'target': 64}, {'source': 177, 'target': 263}, {'source': 180, 'target': 26}, {'source': 181, 'target': 293}, {'source': 181, 'target': 229}, {'source': 182, 'target': 116}, {'source': 182, 'target': 43}, {'source': 183, 'target': 24}, {'source': 184, 'target': 82}, {'source': 184, 'target': 182}, {'source': 185, 'target': 276}, {'source': 188, 'target': 212}, {'source': 188, 'target': 16}, {'source': 191, 'target': 260}, {'source': 192, 'target': 256}, {'source': 193, 'target': 28}, {'source': 193, 'target': 227}, {'source': 195, 'target': 14}, {'source': 197, 'target': 158}, {'source': 199, 'target': 191}, {'source': 200, 'target': 127}, {'source': 201, 'target': 91}, {'source': 202, 'target': 86}, {'source': 203, 'target': 85}, {'source': 203, 'target': 29}, {'source': 205, 'target': 195}, {'source': 209, 'target': 236}, {'source': 210, 'target': 175}, {'source': 210, 'target': 234}, {'source': 211, 'target': 228}, {'source': 211, 'target': 104}, {'source': 212, 'target': 76}, {'source': 212, 'target': 168}, {'source': 215, 'target': 57}, {'source': 218, 'target': 150}, {'source': 218, 'target': 285}, {'source': 220, 'target': 120}, {'source': 221, 'target': 122}, {'source': 221, 'target': 171}, {'source': 225, 'target': 226}, {'source': 225, 'target': 106}, {'source': 227, 'target': 72}, {'source': 228, 'target': 92}, {'source': 229, 'target': 244}, {'source': 229, 'target': 299}, {'source': 230, 'target': 151}, {'source': 230, 'target': 282}, {'source': 231, 'target': 245}, {'source': 233, 'target': 124}, {'source': 234, 'target': 213}, {'source': 234, 'target': 70}, {'source': 237, 'target': 18}, {'source': 240, 'target': 281}, {'source': 241, 'target': 33}, {'source': 243, 'target': 291}, {'source': 245, 'target': 62}, {'source': 245, 'target': 269}, {'source': 246, 'target': 45}, {'source': 246, 'target': 177}, {'source': 247, 'target': 13}, {'source': 248, 'target': 67}, {'source': 248, 'target': 89}, {'source': 249, 'target': 128}, {'source': 249, 'target': 272}, {'source': 251, 'target': 155}, {'source': 253, 'target': 262}, {'source': 254, 'target': 80}, {'source': 258, 'target': 93}, {'source': 258, 'target': 288}, {'source': 260, 'target': 287}, {'source': 260, 'target': 154}, {'source': 261, 'target': 163}, {'source': 261, 'target': 136}, {'source': 262, 'target': 178}, {'source': 263, 'target': 123}, {'source': 264, 'target': 169}, {'source': 267, 'target': 250}, {'source': 267, 'target': 141}, {'source': 268, 'target': 160}, {'source': 270, 'target': 207}, {'source': 270, 'target': 294}, {'source': 272, 'target': 22}, {'source': 274, 'target': 210}, {'source': 274, 'target': 265}, {'source': 276, 'target': 214}, {'source': 279, 'target': 142}, {'source': 282, 'target': 232}, {'source': 283, 'target': 166}, {'source': 283, 'target': 59}, {'source': 283, 'target': 198}, {'source': 283, 'target': 211}, {'source': 284, 'target': 153}, {'source': 284, 'target': 83}, {'source': 285, 'target': 200}, {'source': 286, 'target': 15}, {'source': 286, 'target': 58}, {'source': 289, 'target': 237}, {'source': 290, 'target': 261}, {'source': 294, 'target': 196}, {'source': 294, 'target': 99}, {'source': 296, 'target': 135}, {'source': 296, 'target': 65}, {'source': 299, 'target': 19}, {'source': 299, 'target': 49}]}",3
"{'directed': True, 'multigraph': False, 'graph': {}, 'nodes': [{'id': 0}, {'id': 1}, {'id': 2}, {'id': 3}, {'id': 4}, {'id': 5}, {'id': 6}, {'id': 7}, {'id': 8}, {'id': 9}, {'id': 10}, {'id': 11}, {'id': 12}, {'id': 13}, {'id': 14}, {'id': 15}, {'id': 16}, {'id': 17}, {'id': 18}, {'id': 19}, {'id': 20}, {'id': 21}, {'id': 22}, {'id': 23}, {'id': 24}, {'id': 25}, {'id': 26}, {'id': 27}, {'id': 28}, {'id': 29}, {'id': 30}, {'id': 31}, {'id': 32}, {'id': 33}, {'id': 34}, {'id': 35}, {'id': 36}, {'id': 37}, {'id': 38}, {'id': 39}, {'id': 40}, {'id': 41}, {'id': 42}, {'id': 43}, {'id': 44}, {'id': 45}, {'id': 46}, {'id': 47}, {'id': 48}, {'id': 49}, {'id': 50}, {'id': 51}, {'id': 52}, {'id': 53}, {'id': 54}, {'id': 55}, {'id': 56}, {'id': 57}, {'id': 58}, {'id': 59}, {'id': 60}, {'id': 61}, {'id': 62}, {'id': 63}, {'id': 64}, {'id': 65}, {'id': 66}, {'id': 67}, {'id': 68}, {'id': 69}, {'id': 70}, {'id': 71}, {'id': 72}, {'id': 73}, {'id': 74}, {'id': 75}, {'id': 76}, {'id': 77}, {'id': 78}, {'id': 79}, {'id': 80}, {'id': 81}, {'id': 82}, {'id': 83}, {'id': 84}, {'id': 85}, {'id': 86}, {'id': 87}, {'id': 88}, {'id': 89}, {'id': 90}, {'id': 91}, {'id': 92}, {'id': 93}, {'id': 94}, {'id': 95}, {'id': 96}, {'id': 97}, {'id': 98}, {'id': 99}, {'id': 100}, {'id': 101}, {'id': 102}, {'id': 103}, {'id': 104}, {'id': 105}, {'id': 106}, {'id': 107}, {'id': 108}, {'id': 109}, {'id': 110}, {'id': 111}, {'id': 112}, {'id': 113}, {'id': 114}, {'id': 115}, {'id': 116}, {'id': 117}, {'id': 118}, {'id': 119}, {'id': 120}, {'id': 121}, {'id': 122}, {'id': 123}, {'id': 124}, {'id': 125}, {'id': 126}, {'id': 127}, {'id': 128}, {'id': 129}, {'id': 130}, {'id': 131}, {'id': 132}, {'id': 133}, {'id': 134}, {'id': 135}, {'id': 136}, {'id': 137}, {'id': 138}, {'id': 139}, {'id': 140}, {'id': 141}, {'id': 142}, {'id': 143}, {'id': 144}, {'id': 145}, {'id': 146}, {'id': 147}, {'id': 148}, {'id': 149}, {'id': 150}, {'id': 151}, {'id': 152}, {'id': 153}, {'id': 154}, {'id': 155}, {'id': 156}, {'id': 157}, {'id': 158}, {'id': 159}, {'id': 160}, {'id': 161}, {'id': 162}, {'id': 163}, {'id': 164}, {'id': 165}, {'id': 166}, {'id': 167}, {'id': 168}, {'id': 169}, {'id': 170}, {'id': 171}, {'id': 172}, {'id': 173}, {'id': 174}, {'id': 175}, {'id': 176}, {'id': 177}, {'id': 178}, {'id': 179}, {'id': 180}, {'id': 181}, {'id': 182}, {'id': 183}, {'id': 184}, {'id': 185}, {'id': 186}, {'id': 187}, {'id': 188}, {'id': 189}, {'id': 190}, {'id': 191}, {'id': 192}, {'id': 193}, {'id': 194}, {'id': 195}, {'id': 196}, {'id': 197}, {'id': 198}, {'id': 199}, {'id': 200}, {'id': 201}, {'id': 202}, {'id': 203}, {'id': 204}, {'id': 205}, {'id': 206}, {'id': 207}, {'id': 208}, {'id': 209}, {'id': 210}, {'id': 211}, {'id': 212}, {'id': 213}, {'id': 214}, {'id': 215}, {'id': 216}, {'id': 217}, {'id': 218}, {'id': 219}, {'id': 220}, {'id': 221}, {'id': 222}, {'id': 223}, {'id': 224}, {'id': 225}, {'id': 226}, {'id': 227}, {'id': 228}, {'id': 229}, {'id': 230}, {'id': 231}, {'id': 232}, {'id': 233}, {'id': 234}, {'id': 235}, {'id': 236}, {'id': 237}, {'id': 238}, {'id': 239}, {'id': 240}, {'id': 241}, {'id': 242}, {'id': 243}, {'id': 244}, {'id': 245}, {'id': 246}, {'id': 247}, {'id': 248}, {'id': 249}, {'id': 250}, {'id': 251}, {'id': 252}, {'id': 253}, {'id': 254}, {'id': 255}, {'id': 256}, {'id': 257}, {'id': 258}, {'id': 259}, {'id': 260}, {'id': 261}, {'id': 262}, {'id': 263}, {'id': 264}, {'id': 265}, {'id': 266}, {'id': 267}, {'id': 268}, {'id': 269}, {'id': 270}, {'id': 271}, {'id': 272}, {'id': 273}, {'id': 274}, {'id': 275}, {'id': 276}, {'id': 277}, {'id': 278}, {'id': 279}, {'id': 280}, {'id': 281}, {'id': 282}, {'id': 283}, {'id': 284}, {'id': 285}, {'id': 286}, {'id': 287}, {'id': 288}, {'id': 289}, {'id': 290}, {'id': 291}, {'id': 292}, {'id': 293}, {'id': 294}, {'id': 295}, {'id': 296}, {'id': 297}, {'id': 298}, {'id': 299}], 'links': [{'source': 0, 'target': 175}, {'source': 1, 'target': 271}, {'source': 2, 'target': 242}, {'source': 3, 'target': 71}, {'source': 5, 'target': 284}, {'source': 5, 'target': 288}, {'source': 5, 'target': 292}, {'source': 6, 'target': 99}, {'source': 7, 'target': 172}, {'source': 7, 'target': 203}, {'source': 8, 'target': 19}, {'source': 9, 'target': 90}, {'source': 10, 'target': 148}, {'source': 11, 'target': 138}, {'source': 11, 'target': 278}, {'source': 14, 'target': 238}, {'source': 17, 'target': 146}, {'source': 20, 'target': 33}, {'source': 20, 'target': 68}, {'source': 20, 'target': 84}, {'source': 21, 'target': 116}, {'source': 22, 'target': 113}, {'source': 23, 'target': 287}, {'source': 24, 'target': 37}, {'source': 24, 'target': 294}, {'source': 25, 'target': 207}, {'source': 28, 'target': 51}, {'source': 29, 'target': 27}, {'source': 30, 'target': 102}, {'source': 30, 'target': 206}, {'source': 30, 'target': 115}, {'source': 31, 'target': 36}, {'source': 31, 'target': 83}, {'source': 34, 'target': 220}, {'source': 35, 'target': 122}, {'source': 35, 'target': 152}, {'source': 36, 'target': 274}, {'source': 37, 'target': 264}, {'source': 39, 'target': 167}, {'source': 40, 'target': 45}, {'source': 41, 'target': 54}, {'source': 43, 'target': 212}, {'source': 45, 'target': 262}, {'source': 46, 'target': 150}, {'source': 46, 'target': 129}, {'source': 46, 'target': 79}, {'source': 47, 'target': 95}, {'source': 47, 'target': 260}, {'source': 47, 'target': 280}, {'source': 51, 'target': 17}, {'source': 52, 'target': 12}, {'source': 53, 'target': 142}, {'source': 54, 'target': 163}, {'source': 54, 'target': 162}, {'source': 55, 'target': 217}, {'source': 56, 'target': 204}, {'source': 57, 'target': 192}, {'source': 60, 'target': 78}, {'source': 61, 'target': 114}, {'source': 62, 'target': 87}, {'source': 62, 'target': 67}, {'source': 63, 'target': 245}, {'source': 63, 'target': 153}, {'source': 64, 'target': 166}, {'source': 66, 'target': 137}, {'source': 66, 'target': 147}, {'source': 66, 'target': 170}, {'source': 66, 'target': 128}, {'source': 66, 'target': 213}, {'source': 67, 'target': 154}, {'source': 68, 'target': 277}, {'source': 74, 'target': 267}, {'source': 76, 'target': 57}, {'source': 76, 'target': 239}, {'source': 76, 'target': 244}, {'source': 76, 'target': 259}, {'source': 79, 'target': 23}, {'source': 80, 'target': 29}, {'source': 80, 'target': 182}, {'source': 81, 'target': 194}, {'source': 83, 'target': 285}, {'source': 84, 'target': 133}, {'source': 85, 'target': 201}, {'source': 86, 'target': 15}, {'source': 87, 'target': 16}, {'source': 87, 'target': 60}, {'source': 87, 'target': 21}, {'source': 88, 'target': 298}, {'source': 90, 'target': 229}, {'source': 91, 'target': 81}, {'source': 93, 'target': 169}, {'source': 94, 'target': 4}, {'source': 94, 'target': 100}, {'source': 94, 'target': 173}, {'source': 95, 'target': 35}, {'source': 95, 'target': 208}, {'source': 96, 'target': 282}, {'source': 97, 'target': 165}, {'source': 97, 'target': 109}, {'source': 97, 'target': 140}, {'source': 98, 'target': 59}, {'source': 98, 'target': 155}, {'source': 99, 'target': 160}, {'source': 99, 'target': 256}, {'source': 100, 'target': 41}, {'source': 101, 'target': 69}, {'source': 101, 'target': 254}, {'source': 101, 'target': 196}, {'source': 103, 'target': 119}, {'source': 103, 'target': 134}, {'source': 104, 'target': 111}, {'source': 105, 'target': 85}, {'source': 105, 'target': 112}, {'source': 106, 'target': 52}, {'source': 106, 'target': 276}, {'source': 107, 'target': 151}, {'source': 107, 'target': 200}, {'source': 108, 'target': 18}, {'source': 108, 'target': 1}, {'source': 109, 'target': 286}, {'source': 110, 'target': 89}, {'source': 111, 'target': 107}, {'source': 112, 'target': 86}, {'source': 112, 'target': 297}, {'source': 113, 'target': 268}, {'source': 114, 'target': 50}, {'source': 115, 'target': 106}, {'source': 115, 'target': 149}, {'source': 116, 'target': 250}, {'source': 117, 'target': 241}, {'source': 118, 'target': 74}, {'source': 120, 'target': 88}, {'source': 123, 'target': 143}, {'source': 123, 'target': 158}, {'source': 123, 'target': 96}, {'source': 124, 'target': 34}, {'source': 126, 'target': 180}, {'source': 127, 'target': 176}, {'source': 128, 'target': 43}, {'source': 129, 'target': 124}, {'source': 129, 'target': 272}, {'source': 129, 'target': 219}, {'source': 130, 'target': 48}, {'source': 130, 'target': 289}, {'source': 132, 'target': 190}, {'source': 132, 'target': 237}, {'source': 133, 'target': 30}, {'source': 134, 'target': 73}, {'source': 134, 'target': 31}, {'source': 135, 'target': 193}, {'source': 135, 'target': 118}, {'source': 137, 'target': 49}, {'source': 139, 'target': 178}, {'source': 140, 'target': 214}, {'source': 141, 'target': 177}, {'source': 143, 'target': 14}, {'source': 144, 'target': 156}, {'source': 144, 'target': 258}, {'source': 145, 'target': 171}, {'source': 145, 'target': 202}, {'source': 146, 'target': 141}, {'source': 148, 'target': 290}, {'source': 149, 'target': 8}, {'source': 149, 'target': 221}, {'source': 149, 'target': 240}, {'source': 149, 'target': 225}, {'source': 149, 'target': 5}, {'source': 152, 'target': 28}, {'source': 153, 'target': 77}, {'source': 153, 'target': 91}, {'source': 154, 'target': 26}, {'source': 154, 'target': 179}, {'source': 154, 'target': 97}, {'source': 157, 'target': 125}, {'source': 158, 'target': 13}, {'source': 158, 'target': 181}, {'source': 161, 'target': 53}, {'source': 161, 'target': 0}, {'source': 161, 'target': 189}, {'source': 162, 'target': 275}, {'source': 162, 'target': 46}, {'source': 164, 'target': 56}, {'source': 164, 'target': 224}, {'source': 164, 'target': 6}, {'source': 164, 'target': 283}, {'source': 166, 'target': 98}, {'source': 166, 'target': 93}, {'source': 166, 'target': 273}, {'source': 172, 'target': 136}, {'source': 173, 'target': 72}, {'source': 173, 'target': 131}, {'source': 173, 'target': 55}, {'source': 173, 'target': 296}, {'source': 177, 'target': 70}, {'source': 179, 'target': 187}, {'source': 180, 'target': 127}, {'source': 180, 'target': 145}, {'source': 180, 'target': 105}, {'source': 181, 'target': 249}, {'source': 183, 'target': 218}, {'source': 183, 'target': 261}, {'source': 183, 'target': 291}, {'source': 183, 'target': 232}, {'source': 184, 'target': 252}, {'source': 184, 'target': 123}, {'source': 185, 'target': 186}, {'source': 185, 'target': 161}, {'source': 187, 'target': 130}, {'source': 188, 'target': 222}, {'source': 188, 'target': 279}, {'source': 189, 'target': 211}, {'source': 191, 'target': 65}, {'source': 193, 'target': 230}, {'source': 194, 'target': 66}, {'source': 195, 'target': 253}, {'source': 195, 'target': 9}, {'source': 196, 'target': 62}, {'source': 198, 'target': 293}, {'source': 199, 'target': 3}, {'source': 200, 'target': 209}, {'source': 201, 'target': 210}, {'source': 204, 'target': 82}, {'source': 208, 'target': 61}, {'source': 209, 'target': 231}, {'source': 211, 'target': 215}, {'source': 212, 'target': 251}, {'source': 213, 'target': 120}, {'source': 214, 'target': 40}, {'source': 217, 'target': 44}, {'source': 217, 'target': 58}, {'source': 219, 'target': 184}, {'source': 221, 'target': 103}, {'source': 221, 'target': 24}, {'source': 225, 'target': 117}, {'source': 226, 'target': 234}, {'source': 227, 'target': 223}, {'source': 228, 'target': 39}, {'source': 229, 'target': 135}, {'source': 229, 'target': 295}, {'source': 231, 'target': 139}, {'source': 231, 'target': 227}, {'source': 232, 'target': 11}, {'source': 232, 'target': 195}, {'source': 233, 'target': 248}, {'source': 233, 'target': 269}, {'source': 234, 'target': 246}, {'source': 235, 'target': 281}, {'source': 240, 'target': 183}, {'source': 241, 'target': 94}, {'source': 245, 'target': 247}, {'source': 248, 'target': 64}, {'source': 248, 'target': 47}, {'source': 250, 'target': 233}, {'source': 251, 'target': 10}, {'source': 254, 'target': 198}, {'source': 255, 'target': 132}, {'source': 255, 'target': 101}, {'source': 256, 'target': 199}, {'source': 256, 'target': 25}, {'source': 256, 'target': 216}, {'source': 256, 'target': 236}, {'source': 257, 'target': 110}, {'source': 257, 'target': 126}, {'source': 258, 'target': 80}, {'source': 259, 'target': 226}, {'source': 261, 'target': 228}, {'source': 262, 'target': 191}, {'source': 262, 'target': 299}, {'source': 263, 'target': 75}, {'source': 264, 'target': 32}, {'source': 264, 'target': 108}, {'source': 264, 'target': 188}, {'source': 265, 'target': 144}, {'source': 265, 'target': 266}, {'source': 266, 'target': 63}, {'source': 267, 'target': 168}, {'source': 267, 'target': 263}, {'source': 267, 'target': 235}, {'source': 268, 'target': 20}, {'source': 269, 'target': 205}, {'source': 269, 'target': 104}, {'source': 269, 'target': 164}, {'source': 271, 'target': 174}, {'source': 273, 'target': 159}, {'source': 275, 'target': 197}, {'source': 276, 'target': 2}, {'source': 278, 'target': 157}, {'source': 281, 'target': 38}, {'source': 283, 'target': 185}, {'source': 284, 'target': 121}, {'source': 284, 'target': 7}, {'source': 285, 'target': 243}, {'source': 286, 'target': 42}, {'source': 289, 'target': 22}, {'source': 292, 'target': 76}, {'source': 292, 'target': 265}, {'source': 293, 'target': 257}, {'source': 296, 'target': 92}, {'source': 298, 'target': 270}]}",3
"{'directed': True, 'multigraph': False, 'graph': {}, 'nodes': [{'id': 0}, {'id': 1}, {'id': 2}, {'id': 3}, {'id': 4}, {'id': 5}, {'id': 6}, {'id': 7}, {'id': 8}, {'id': 9}, {'id': 10}, {'id': 11}, {'id': 12}, {'id': 13}, {'id': 14}, {'id': 15}, {'id': 16}, {'id': 17}, {'id': 18}, {'id': 19}, {'id': 20}, {'id': 21}, {'id': 22}, {'id': 23}, {'id': 24}, {'id': 25}, {'id': 26}, {'id': 27}, {'id': 28}, {'id': 29}, {'id': 30}, {'id': 31}, {'id': 32}, {'id': 33}, {'id': 34}, {'id': 35}, {'id': 36}, {'id': 37}, {'id': 38}, {'id': 39}, {'id': 40}, {'id': 41}, {'id': 42}, {'id': 43}, {'id': 44}, {'id': 45}, {'id': 46}, {'id': 47}, {'id': 48}, {'id': 49}, {'id': 50}, {'id': 51}, {'id': 52}, {'id': 53}, {'id': 54}, {'id': 55}, {'id': 56}, {'id': 57}, {'id': 58}, {'id': 59}, {'id': 60}, {'id': 61}, {'id': 62}, {'id': 63}, {'id': 64}, {'id': 65}, {'id': 66}, {'id': 67}, {'id': 68}, {'id': 69}, {'id': 70}, {'id': 71}, {'id': 72}, {'id': 73}, {'id': 74}, {'id': 75}, {'id': 76}, {'id': 77}, {'id': 78}, {'id': 79}, {'id': 80}, {'id': 81}, {'id': 82}, {'id': 83}, {'id': 84}, {'id': 85}, {'id': 86}, {'id': 87}, {'id': 88}, {'id': 89}, {'id': 90}, {'id': 91}, {'id': 92}, {'id': 93}, {'id': 94}, {'id': 95}, {'id': 96}, {'id': 97}, {'id': 98}, {'id': 99}, {'id': 100}, {'id': 101}, {'id': 102}, {'id': 103}, {'id': 104}, {'id': 105}, {'id': 106}, {'id': 107}, {'id': 108}, {'id': 109}, {'id': 110}, {'id': 111}, {'id': 112}, {'id': 113}, {'id': 114}, {'id': 115}, {'id': 116}, {'id': 117}, {'id': 118}, {'id': 119}, {'id': 120}, {'id': 121}, {'id': 122}, {'id': 123}, {'id': 124}, {'id': 125}, {'id': 126}, {'id': 127}, {'id': 128}, {'id': 129}, {'id': 130}, {'id': 131}, {'id': 132}, {'id': 133}, {'id': 134}, {'id': 135}, {'id': 136}, {'id': 137}, {'id': 138}, {'id': 139}, {'id': 140}, {'id': 141}, {'id': 142}, {'id': 143}, {'id': 144}, {'id': 145}, {'id': 146}, {'id': 147}, {'id': 148}, {'id': 149}, {'id': 150}, {'id': 151}, {'id': 152}, {'id': 153}, {'id': 154}, {'id': 155}, {'id': 156}, {'id': 157}, {'id': 158}, {'id': 159}, {'id': 160}, {'id': 161}, {'id': 162}, {'id': 163}, {'id': 164}, {'id': 165}, {'id': 166}, {'id': 167}, {'id': 168}, {'id': 169}, {'id': 170}, {'id': 171}, {'id': 172}, {'id': 173}, {'id': 174}, {'id': 175}, {'id': 176}, {'id': 177}, {'id': 178}, {'id': 179}, {'id': 180}, {'id': 181}, {'id': 182}, {'id': 183}, {'id': 184}, {'id': 185}, {'id': 186}, {'id': 187}, {'id': 188}, {'id': 189}, {'id': 190}, {'id': 191}, {'id': 192}, {'id': 193}, {'id': 194}, {'id': 195}, {'id': 196}, {'id': 197}, {'id': 198}, {'id': 199}, {'id': 200}, {'id': 201}, {'id': 202}, {'id': 203}, {'id': 204}, {'id': 205}, {'id': 206}, {'id': 207}, {'id': 208}, {'id': 209}, {'id': 210}, {'id': 211}, {'id': 212}, {'id': 213}, {'id': 214}, {'id': 215}, {'id': 216}, {'id': 217}, {'id': 218}, {'id': 219}, {'id': 220}, {'id': 221}, {'id': 222}, {'id': 223}, {'id': 224}, {'id': 225}, {'id': 226}, {'id': 227}, {'id': 228}, {'id': 229}, {'id': 230}, {'id': 231}, {'id': 232}, {'id': 233}, {'id': 234}, {'id': 235}, {'id': 236}, {'id': 237}, {'id': 238}, {'id': 239}, {'id': 240}, {'id': 241}, {'id': 242}, {'id': 243}, {'id': 244}, {'id': 245}, {'id': 246}, {'id': 247}, {'id': 248}, {'id': 249}, {'id': 250}, {'id': 251}, {'id': 252}, {'id': 253}, {'id': 254}, {'id': 255}, {'id': 256}, {'id': 257}, {'id': 258}, {'id': 259}, {'id': 260}, {'id': 261}, {'id': 262}, {'id': 263}, {'id': 264}, {'id': 265}, {'id': 266}, {'id': 267}, {'id': 268}, {'id': 269}, {'id': 270}, {'id': 271}, {'id': 272}, {'id': 273}, {'id': 274}, {'id': 275}, {'id': 276}, {'id': 277}, {'id': 278}, {'id': 279}, {'id': 280}, {'id': 281}, {'id': 282}, {'id': 283}, {'id': 284}, {'id': 285}, {'id': 286}, {'id': 287}, {'id': 288}, {'id': 289}, {'id': 290}, {'id': 291}, {'id': 292}, {'id': 293}, {'id': 294}, {'id': 295}, {'id': 296}, {'id': 297}, {'id': 298}, {'id': 299}], 'links': [{'source': 6, 'target': 83}, {'source': 10, 'target': 52}, {'source': 12, 'target': 105}, {'source': 14, 'target': 236}, {'source': 16, 'target': 230}, {'source': 16, 'target': 222}, {'source': 20, 'target': 26}, {'source': 20, 'target': 134}, {'source': 20, 'target': 212}, {'source': 20, 'target': 295}, {'source': 21, 'target': 78}, {'source': 21, 'target': 261}, {'source': 22, 'target': 14}, {'source': 22, 'target': 238}, {'source': 24, 'target': 256}, {'source': 25, 'target': 149}, {'source': 25, 'target': 133}, {'source': 25, 'target': 163}, {'source': 29, 'target': 185}, {'source': 30, 'target': 257}, {'source': 31, 'target': 255}, {'source': 32, 'target': 204}, {'source': 34, 'target': 7}, {'source': 34, 'target': 147}, {'source': 34, 'target': 131}, {'source': 35, 'target': 290}, {'source': 35, 'target': 12}, {'source': 36, 'target': 226}, {'source': 36, 'target': 70}, {'source': 36, 'target': 136}, {'source': 38, 'target': 34}, {'source': 39, 'target': 31}, {'source': 39, 'target': 195}, {'source': 39, 'target': 279}, {'source': 40, 'target': 49}, {'source': 41, 'target': 18}, {'source': 42, 'target': 101}, {'source': 42, 'target': 250}, {'source': 43, 'target': 99}, {'source': 45, 'target': 231}, {'source': 46, 'target': 157}, {'source': 46, 'target': 179}, {'source': 47, 'target': 144}, {'source': 47, 'target': 186}, {'source': 47, 'target': 287}, {'source': 53, 'target': 44}, {'source': 53, 'target': 55}, {'source': 53, 'target': 89}, {'source': 54, 'target': 168}, {'source': 54, 'target': 278}, {'source': 54, 'target': 220}, {'source': 55, 'target': 15}, {'source': 55, 'target': 161}, {'source': 55, 'target': 272}, {'source': 58, 'target': 63}, {'source': 58, 'target': 205}, {'source': 59, 'target': 254}, {'source': 60, 'target': 27}, {'source': 60, 'target': 90}, {'source': 60, 'target': 140}, {'source': 60, 'target': 262}, {'source': 62, 'target': 143}, {'source': 62, 'target': 20}, {'source': 64, 'target': 174}, {'source': 64, 'target': 151}, {'source': 64, 'target': 263}, {'source': 64, 'target': 209}, {'source': 65, 'target': 96}, {'source': 65, 'target': 188}, {'source': 67, 'target': 64}, {'source': 69, 'target': 259}, {'source': 70, 'target': 265}, {'source': 71, 'target': 57}, {'source': 72, 'target': 294}, {'source': 73, 'target': 197}, {'source': 75, 'target': 202}, {'source': 75, 'target': 54}, {'source': 76, 'target': 4}, {'source': 77, 'target': 228}, {'source': 77, 'target': 253}, {'source': 77, 'target': 281}, {'source': 77, 'target': 47}, {'source': 78, 'target': 73}, {'source': 78, 'target': 123}, {'source': 79, 'target': 16}, {'source': 80, 'target': 175}, {'source': 81, 'target': 199}, {'source': 81, 'target': 223}, {'source': 82, 'target': 181}, {'source': 82, 'target': 219}, {'source': 82, 'target': 29}, {'source': 89, 'target': 41}, {'source': 89, 'target': 152}, {'source': 92, 'target': 293}, {'source': 96, 'target': 42}, {'source': 102, 'target': 23}, {'source': 102, 'target': 88}, {'source': 104, 'target': 11}, {'source': 104, 'target': 184}, {'source': 104, 'target': 172}, {'source': 105, 'target': 10}, {'source': 105, 'target': 150}, {'source': 107, 'target': 196}, {'source': 107, 'target': 145}, {'source': 108, 'target': 17}, {'source': 108, 'target': 154}, {'source': 109, 'target': 284}, {'source': 110, 'target': 74}, {'source': 110, 'target': 76}, {'source': 110, 'target': 59}, {'source': 111, 'target': 160}, {'source': 112, 'target': 129}, {'source': 113, 'target': 277}, {'source': 113, 'target': 283}, {'source': 114, 'target': 146}, {'source': 114, 'target': 60}, {'source': 115, 'target': 200}, {'source': 116, 'target': 86}, {'source': 117, 'target': 111}, {'source': 118, 'target': 176}, {'source': 118, 'target': 25}, {'source': 123, 'target': 191}, {'source': 124, 'target': 1}, {'source': 124, 'target': 169}, {'source': 124, 'target': 137}, {'source': 124, 'target': 233}, {'source': 126, 'target': 82}, {'source': 126, 'target': 268}, {'source': 129, 'target': 192}, {'source': 130, 'target': 67}, {'source': 131, 'target': 177}, {'source': 132, 'target': 71}, {'source': 132, 'target': 126}, {'source': 133, 'target': 296}, {'source': 134, 'target': 94}, {'source': 135, 'target': 138}, {'source': 135, 'target': 282}, {'source': 135, 'target': 229}, {'source': 136, 'target': 9}, {'source': 136, 'target': 6}, {'source': 136, 'target': 289}, {'source': 137, 'target': 125}, {'source': 137, 'target': 104}, {'source': 141, 'target': 159}, {'source': 141, 'target': 182}, {'source': 142, 'target': 178}, {'source': 143, 'target': 121}, {'source': 143, 'target': 108}, {'source': 143, 'target': 109}, {'source': 145, 'target': 62}, {'source': 146, 'target': 158}, {'source': 147, 'target': 61}, {'source': 150, 'target': 242}, {'source': 150, 'target': 207}, {'source': 151, 'target': 203}, {'source': 151, 'target': 224}, {'source': 152, 'target': 218}, {'source': 152, 'target': 288}, {'source': 153, 'target': 28}, {'source': 154, 'target': 100}, {'source': 155, 'target': 95}, {'source': 155, 'target': 171}, {'source': 160, 'target': 103}, {'source': 162, 'target': 193}, {'source': 163, 'target': 127}, {'source': 163, 'target': 65}, {'source': 163, 'target': 135}, {'source': 163, 'target': 166}, {'source': 164, 'target': 87}, {'source': 165, 'target': 216}, {'source': 166, 'target': 245}, {'source': 168, 'target': 142}, {'source': 169, 'target': 56}, {'source': 169, 'target': 187}, {'source': 170, 'target': 35}, {'source': 172, 'target': 132}, {'source': 173, 'target': 189}, {'source': 175, 'target': 45}, {'source': 175, 'target': 69}, {'source': 177, 'target': 117}, {'source': 178, 'target': 37}, {'source': 179, 'target': 271}, {'source': 180, 'target': 91}, {'source': 181, 'target': 119}, {'source': 182, 'target': 80}, {'source': 185, 'target': 116}, {'source': 185, 'target': 237}, {'source': 185, 'target': 267}, {'source': 187, 'target': 68}, {'source': 188, 'target': 36}, {'source': 189, 'target': 286}, {'source': 190, 'target': 32}, {'source': 191, 'target': 285}, {'source': 194, 'target': 58}, {'source': 195, 'target': 122}, {'source': 195, 'target': 30}, {'source': 196, 'target': 156}, {'source': 198, 'target': 130}, {'source': 198, 'target': 170}, {'source': 200, 'target': 201}, {'source': 201, 'target': 225}, {'source': 202, 'target': 102}, {'source': 202, 'target': 275}, {'source': 204, 'target': 247}, {'source': 204, 'target': 298}, {'source': 207, 'target': 33}, {'source': 207, 'target': 165}, {'source': 207, 'target': 249}, {'source': 208, 'target': 198}, {'source': 209, 'target': 270}, {'source': 209, 'target': 266}, {'source': 210, 'target': 251}, {'source': 210, 'target': 264}, {'source': 213, 'target': 8}, {'source': 213, 'target': 162}, {'source': 213, 'target': 79}, {'source': 214, 'target': 258}, {'source': 215, 'target': 75}, {'source': 220, 'target': 53}, {'source': 221, 'target': 115}, {'source': 221, 'target': 92}, {'source': 221, 'target': 190}, {'source': 222, 'target': 118}, {'source': 225, 'target': 85}, {'source': 226, 'target': 164}, {'source': 227, 'target': 180}, {'source': 229, 'target': 93}, {'source': 229, 'target': 77}, {'source': 229, 'target': 107}, {'source': 230, 'target': 2}, {'source': 232, 'target': 273}, {'source': 233, 'target': 299}, {'source': 235, 'target': 0}, {'source': 235, 'target': 227}, {'source': 237, 'target': 48}, {'source': 242, 'target': 110}, {'source': 243, 'target': 72}, {'source': 244, 'target': 124}, {'source': 245, 'target': 210}, {'source': 246, 'target': 38}, {'source': 247, 'target': 50}, {'source': 248, 'target': 276}, {'source': 249, 'target': 221}, {'source': 251, 'target': 211}, {'source': 251, 'target': 235}, {'source': 251, 'target': 22}, {'source': 251, 'target': 291}, {'source': 252, 'target': 106}, {'source': 254, 'target': 167}, {'source': 256, 'target': 98}, {'source': 258, 'target': 244}, {'source': 259, 'target': 234}, {'source': 259, 'target': 39}, {'source': 259, 'target': 46}, {'source': 261, 'target': 208}, {'source': 262, 'target': 43}, {'source': 262, 'target': 141}, {'source': 263, 'target': 113}, {'source': 264, 'target': 3}, {'source': 264, 'target': 260}, {'source': 264, 'target': 297}, {'source': 265, 'target': 248}, {'source': 266, 'target': 213}, {'source': 267, 'target': 139}, {'source': 268, 'target': 183}, {'source': 268, 'target': 194}, {'source': 268, 'target': 243}, {'source': 270, 'target': 40}, {'source': 271, 'target': 269}, {'source': 271, 'target': 21}, {'source': 271, 'target': 214}, {'source': 272, 'target': 128}, {'source': 274, 'target': 19}, {'source': 274, 'target': 120}, {'source': 274, 'target': 81}, {'source': 274, 'target': 252}, {'source': 275, 'target': 51}, {'source': 275, 'target': 232}, {'source': 278, 'target': 241}, {'source': 279, 'target': 155}, {'source': 280, 'target': 206}, {'source': 281, 'target': 148}, {'source': 281, 'target': 112}, {'source': 285, 'target': 66}, {'source': 287, 'target': 84}, {'source': 287, 'target': 239}, {'source': 288, 'target': 153}, {'source': 289, 'target': 173}, {'source': 290, 'target': 97}, {'source': 292, 'target': 13}, {'source': 293, 'target': 280}, {'source': 293, 'target': 292}, {'source': 294, 'target': 246}, {'source': 295, 'target': 240}, {'source': 297, 'target': 217}, {'source': 297, 'target': 24}, {'source': 297, 'target': 274}, {'source': 298, 'target': 215}, {'source': 299, 'target': 5}]}",3
"{'directed': True, 'multigraph': False, 'graph': {}, 'nodes': [{'id': 0}, {'id': 1}, {'id': 2}, {'id': 3}, {'id': 4}, {'id': 5}, {'id': 6}, {'id': 7}, {'id': 8}, {'id': 9}, {'id': 10}, {'id': 11}, {'id': 12}, {'id': 13}, {'id': 14}, {'id': 15}, {'id': 16}, {'id': 17}, {'id': 18}, {'id': 19}, {'id': 20}, {'id': 21}, {'id': 22}, {'id': 23}, {'id': 24}, {'id': 25}, {'id': 26}, {'id': 27}, {'id': 28}, {'id': 29}, {'id': 30}, {'id': 31}, {'id': 32}, {'id': 33}, {'id': 34}, {'id': 35}, {'id': 36}, {'id': 37}, {'id': 38}, {'id': 39}, {'id': 40}, {'id': 41}, {'id': 42}, {'id': 43}, {'id': 44}, {'id': 45}, {'id': 46}, {'id': 47}, {'id': 48}, {'id': 49}, {'id': 50}, {'id': 51}, {'id': 52}, {'id': 53}, {'id': 54}, {'id': 55}, {'id': 56}, {'id': 57}, {'id': 58}, {'id': 59}, {'id': 60}, {'id': 61}, {'id': 62}, {'id': 63}, {'id': 64}, {'id': 65}, {'id': 66}, {'id': 67}, {'id': 68}, {'id': 69}, {'id': 70}, {'id': 71}, {'id': 72}, {'id': 73}, {'id': 74}, {'id': 75}, {'id': 76}, {'id': 77}, {'id': 78}, {'id': 79}, {'id': 80}, {'id': 81}, {'id': 82}, {'id': 83}, {'id': 84}, {'id': 85}, {'id': 86}, {'id': 87}, {'id': 88}, {'id': 89}, {'id': 90}, {'id': 91}, {'id': 92}, {'id': 93}, {'id': 94}, {'id': 95}, {'id': 96}, {'id': 97}, {'id': 98}, {'id': 99}, {'id': 100}, {'id': 101}, {'id': 102}, {'id': 103}, {'id': 104}, {'id': 105}, {'id': 106}, {'id': 107}, {'id': 108}, {'id': 109}, {'id': 110}, {'id': 111}, {'id': 112}, {'id': 113}, {'id': 114}, {'id': 115}, {'id': 116}, {'id': 117}, {'id': 118}, {'id': 119}, {'id': 120}, {'id': 121}, {'id': 122}, {'id': 123}, {'id': 124}, {'id': 125}, {'id': 126}, {'id': 127}, {'id': 128}, {'id': 129}, {'id': 130}, {'id': 131}, {'id': 132}, {'id': 133}, {'id': 134}, {'id': 135}, {'id': 136}, {'id': 137}, {'id': 138}, {'id': 139}, {'id': 140}, {'id': 141}, {'id': 142}, {'id': 143}, {'id': 144}, {'id': 145}, {'id': 146}, {'id': 147}, {'id': 148}, {'id': 149}, {'id': 150}, {'id': 151}, {'id': 152}, {'id': 153}, {'id': 154}, {'id': 155}, {'id': 156}, {'id': 157}, {'id': 158}, {'id': 159}, {'id': 160}, {'id': 161}, {'id': 162}, {'id': 163}, {'id': 164}, {'id': 165}, {'id': 166}, {'id': 167}, {'id': 168}, {'id': 169}, {'id': 170}, {'id': 171}, {'id': 172}, {'id': 173}, {'id': 174}, {'id': 175}, {'id': 176}, {'id': 177}, {'id': 178}, {'id': 179}, {'id': 180}, {'id': 181}, {'id': 182}, {'id': 183}, {'id': 184}, {'id': 185}, {'id': 186}, {'id': 187}, {'id': 188}, {'id': 189}, {'id': 190}, {'id': 191}, {'id': 192}, {'id': 193}, {'id': 194}, {'id': 195}, {'id': 196}, {'id': 197}, {'id': 198}, {'id': 199}, {'id': 200}, {'id': 201}, {'id': 202}, {'id': 203}, {'id': 204}, {'id': 205}, {'id': 206}, {'id': 207}, {'id': 208}, {'id': 209}, {'id': 210}, {'id': 211}, {'id': 212}, {'id': 213}, {'id': 214}, {'id': 215}, {'id': 216}, {'id': 217}, {'id': 218}, {'id': 219}, {'id': 220}, {'id': 221}, {'id': 222}, {'id': 223}, {'id': 224}, {'id': 225}, {'id': 226}, {'id': 227}, {'id': 228}, {'id': 229}, {'id': 230}, {'id': 231}, {'id': 232}, {'id': 233}, {'id': 234}, {'id': 235}, {'id': 236}, {'id': 237}, {'id': 238}, {'id': 239}, {'id': 240}, {'id': 241}, {'id': 242}, {'id': 243}, {'id': 244}, {'id': 245}, {'id': 246}, {'id': 247}, {'id': 248}, {'id': 249}, {'id': 250}, {'id': 251}, {'id': 252}, {'id': 253}, {'id': 254}, {'id': 255}, {'id': 256}, {'id': 257}, {'id': 258}, {'id': 259}, {'id': 260}, {'id': 261}, {'id': 262}, {'id': 263}, {'id': 264}, {'id': 265}, {'id': 266}, {'id': 267}, {'id': 268}, {'id': 269}, {'id': 270}, {'id': 271}, {'id': 272}, {'id': 273}, {'id': 274}, {'id': 275}, {'id': 276}, {'id': 277}, {'id': 278}, {'id': 279}, {'id': 280}, {'id': 281}, {'id': 282}, {'id': 283}, {'id': 284}, {'id': 285}, {'id': 286}, {'id': 287}, {'id': 288}, {'id': 289}, {'id': 290}, {'id': 291}, {'id': 292}, {'id': 293}, {'id': 294}, {'id': 295}, {'id': 296}, {'id': 297}, {'id': 298}, {'id': 299}], 'links': [{'source': 2, 'target': 98}, {'source': 3, 'target': 59}, {'source': 3, 'target': 203}, {'source': 3, 'target': 293}, {'source': 6, 'target': 146}, {'source': 9, 'target': 62}, {'source': 9, 'target': 30}, {'source': 10, 'target': 47}, {'source': 10, 'target': 78}, {'source': 12, 'target': 114}, {'source': 13, 'target': 226}, {'source': 15, 'target': 118}, {'source': 16, 'target': 284}, {'source': 17, 'target': 16}, {'source': 18, 'target': 54}, {'source': 18, 'target': 2}, {'source': 21, 'target': 254}, {'source': 22, 'target': 61}, {'source': 22, 'target': 299}, {'source': 27, 'target': 240}, {'source': 28, 'target': 69}, {'source': 29, 'target': 267}, {'source': 30, 'target': 72}, {'source': 32, 'target': 209}, {'source': 33, 'target': 39}, {'source': 33, 'target': 88}, {'source': 35, 'target': 150}, {'source': 35, 'target': 135}, {'source': 38, 'target': 55}, {'source': 39, 'target': 1}, {'source': 42, 'target': 3}, {'source': 43, 'target': 162}, {'source': 43, 'target': 108}, {'source': 43, 'target': 115}, {'source': 44, 'target': 201}, {'source': 45, 'target': 190}, {'source': 45, 'target': 138}, {'source': 45, 'target': 95}, {'source': 47, 'target': 19}, {'source': 47, 'target': 37}, {'source': 48, 'target': 14}, {'source': 48, 'target': 200}, {'source': 48, 'target': 92}, {'source': 49, 'target': 33}, {'source': 49, 'target': 185}, {'source': 49, 'target': 261}, {'source': 49, 'target': 264}, {'source': 49, 'target': 105}, {'source': 51, 'target': 158}, {'source': 53, 'target': 23}, {'source': 53, 'target': 36}, {'source': 53, 'target': 224}, {'source': 55, 'target': 227}, {'source': 57, 'target': 232}, {'source': 60, 'target': 56}, {'source': 60, 'target': 187}, {'source': 61, 'target': 173}, {'source': 62, 'target': 174}, {'source': 63, 'target': 57}, {'source': 65, 'target': 233}, {'source': 66, 'target': 5}, {'source': 66, 'target': 147}, {'source': 66, 'target': 287}, {'source': 66, 'target': 195}, {'source': 66, 'target': 237}, {'source': 66, 'target': 18}, {'source': 69, 'target': 245}, {'source': 69, 'target': 53}, {'source': 72, 'target': 28}, {'source': 73, 'target': 168}, {'source': 73, 'target': 197}, {'source': 74, 'target': 170}, {'source': 75, 'target': 25}, {'source': 80, 'target': 297}, {'source': 81, 'target': 58}, {'source': 82, 'target': 198}, {'source': 83, 'target': 46}, {'source': 83, 'target': 153}, {'source': 83, 'target': 202}, {'source': 83, 'target': 280}, {'source': 84, 'target': 65}, {'source': 85, 'target': 189}, {'source': 85, 'target': 143}, {'source': 86, 'target': 64}, {'source': 86, 'target': 132}, {'source': 86, 'target': 242}, {'source': 86, 'target': 270}, {'source': 86, 'target': 275}, {'source': 87, 'target': 6}, {'source': 87, 'target': 256}, {'source': 87, 'target': 126}, {'source': 89, 'target': 161}, {'source': 90, 'target': 7}, {'source': 90, 'target': 93}, {'source': 91, 'target': 123}, {'source': 92, 'target': 234}, {'source': 92, 'target': 141}, {'source': 93, 'target': 11}, {'source': 95, 'target': 235}, {'source': 95, 'target': 74}, {'source': 96, 'target': 246}, {'source': 98, 'target': 133}, {'source': 98, 'target': 117}, {'source': 100, 'target': 67}, {'source': 100, 'target': 97}, {'source': 100, 'target': 296}, {'source': 101, 'target': 219}, {'source': 101, 'target': 281}, {'source': 102, 'target': 205}, {'source': 103, 'target': 249}, {'source': 103, 'target': 113}, {'source': 105, 'target': 9}, {'source': 106, 'target': 0}, {'source': 108, 'target': 131}, {'source': 109, 'target': 90}, {'source': 110, 'target': 32}, {'source': 110, 'target': 172}, {'source': 111, 'target': 119}, {'source': 112, 'target': 137}, {'source': 113, 'target': 182}, {'source': 113, 'target': 48}, {'source': 114, 'target': 151}, {'source': 115, 'target': 80}, {'source': 116, 'target': 180}, {'source': 117, 'target': 149}, {'source': 117, 'target': 298}, {'source': 119, 'target': 63}, {'source': 121, 'target': 84}, {'source': 121, 'target': 171}, {'source': 122, 'target': 27}, {'source': 126, 'target': 51}, {'source': 127, 'target': 145}, {'source': 131, 'target': 103}, {'source': 133, 'target': 83}, {'source': 134, 'target': 193}, {'source': 135, 'target': 167}, {'source': 137, 'target': 13}, {'source': 138, 'target': 199}, {'source': 140, 'target': 217}, {'source': 141, 'target': 127}, {'source': 142, 'target': 166}, {'source': 142, 'target': 191}, {'source': 143, 'target': 248}, {'source': 144, 'target': 104}, {'source': 144, 'target': 247}, {'source': 144, 'target': 260}, {'source': 145, 'target': 156}, {'source': 145, 'target': 221}, {'source': 146, 'target': 68}, {'source': 148, 'target': 165}, {'source': 148, 'target': 179}, {'source': 149, 'target': 91}, {'source': 152, 'target': 24}, {'source': 153, 'target': 107}, {'source': 158, 'target': 276}, {'source': 159, 'target': 181}, {'source': 160, 'target': 128}, {'source': 161, 'target': 285}, {'source': 162, 'target': 70}, {'source': 162, 'target': 184}, {'source': 162, 'target': 101}, {'source': 163, 'target': 34}, {'source': 164, 'target': 50}, {'source': 164, 'target': 99}, {'source': 167, 'target': 238}, {'source': 169, 'target': 41}, {'source': 169, 'target': 268}, {'source': 170, 'target': 252}, {'source': 171, 'target': 4}, {'source': 171, 'target': 10}, {'source': 171, 'target': 110}, {'source': 172, 'target': 134}, {'source': 175, 'target': 31}, {'source': 177, 'target': 271}, {'source': 177, 'target': 42}, {'source': 179, 'target': 269}, {'source': 180, 'target': 152}, {'source': 180, 'target': 223}, {'source': 183, 'target': 96}, {'source': 183, 'target': 290}, {'source': 185, 'target': 159}, {'source': 191, 'target': 183}, {'source': 192, 'target': 94}, {'source': 193, 'target': 279}, {'source': 193, 'target': 207}, {'source': 194, 'target': 250}, {'source': 195, 'target': 289}, {'source': 196, 'target': 178}, {'source': 198, 'target': 73}, {'source': 198, 'target': 222}, {'source': 199, 'target': 106}, {'source': 199, 'target': 188}, {'source': 202, 'target': 125}, {'source': 202, 'target': 176}, {'source': 205, 'target': 20}, {'source': 205, 'target': 259}, {'source': 206, 'target': 40}, {'source': 206, 'target': 220}, {'source': 207, 'target': 139}, {'source': 207, 'target': 12}, {'source': 207, 'target': 218}, {'source': 207, 'target': 112}, {'source': 208, 'target': 8}, {'source': 208, 'target': 82}, {'source': 208, 'target': 294}, {'source': 209, 'target': 71}, {'source': 209, 'target': 216}, {'source': 211, 'target': 75}, {'source': 211, 'target': 278}, {'source': 211, 'target': 244}, {'source': 212, 'target': 241}, {'source': 212, 'target': 255}, {'source': 213, 'target': 154}, {'source': 213, 'target': 155}, {'source': 213, 'target': 212}, {'source': 214, 'target': 196}, {'source': 214, 'target': 230}, {'source': 216, 'target': 44}, {'source': 217, 'target': 265}, {'source': 219, 'target': 21}, {'source': 221, 'target': 277}, {'source': 223, 'target': 192}, {'source': 223, 'target': 89}, {'source': 223, 'target': 211}, {'source': 224, 'target': 160}, {'source': 224, 'target': 262}, {'source': 225, 'target': 79}, {'source': 226, 'target': 215}, {'source': 226, 'target': 266}, {'source': 226, 'target': 286}, {'source': 226, 'target': 43}, {'source': 228, 'target': 116}, {'source': 229, 'target': 163}, {'source': 230, 'target': 129}, {'source': 230, 'target': 22}, {'source': 233, 'target': 109}, {'source': 236, 'target': 124}, {'source': 236, 'target': 243}, {'source': 236, 'target': 258}, {'source': 237, 'target': 291}, {'source': 238, 'target': 29}, {'source': 240, 'target': 164}, {'source': 240, 'target': 140}, {'source': 242, 'target': 136}, {'source': 244, 'target': 177}, {'source': 245, 'target': 253}, {'source': 246, 'target': 272}, {'source': 248, 'target': 86}, {'source': 250, 'target': 49}, {'source': 251, 'target': 17}, {'source': 253, 'target': 142}, {'source': 256, 'target': 239}, {'source': 256, 'target': 45}, {'source': 256, 'target': 208}, {'source': 259, 'target': 282}, {'source': 261, 'target': 81}, {'source': 262, 'target': 148}, {'source': 263, 'target': 229}, {'source': 263, 'target': 66}, {'source': 264, 'target': 38}, {'source': 265, 'target': 273}, {'source': 267, 'target': 77}, {'source': 267, 'target': 263}, {'source': 268, 'target': 26}, {'source': 269, 'target': 295}, {'source': 269, 'target': 102}, {'source': 270, 'target': 231}, {'source': 271, 'target': 87}, {'source': 271, 'target': 35}, {'source': 272, 'target': 210}, {'source': 273, 'target': 292}, {'source': 273, 'target': 214}, {'source': 276, 'target': 283}, {'source': 277, 'target': 175}, {'source': 277, 'target': 100}, {'source': 278, 'target': 76}, {'source': 278, 'target': 85}, {'source': 281, 'target': 52}, {'source': 282, 'target': 144}, {'source': 282, 'target': 122}, {'source': 283, 'target': 121}, {'source': 284, 'target': 257}, {'source': 286, 'target': 157}, {'source': 287, 'target': 60}, {'source': 287, 'target': 204}, {'source': 287, 'target': 111}, {'source': 288, 'target': 169}, {'source': 289, 'target': 120}, {'source': 289, 'target': 130}, {'source': 290, 'target': 225}, {'source': 291, 'target': 15}, {'source': 292, 'target': 213}, {'source': 293, 'target': 186}, {'source': 293, 'target': 194}, {'source': 294, 'target': 274}, {'source': 297, 'target': 206}, {'source': 297, 'target': 236}, {'source': 297, 'target': 288}, {'source': 299, 'target': 251}]}",10
"{'directed': True, 'multigraph': False, 'graph': {}, 'nodes': [{'id': 0}, {'id': 1}, {'id': 2}, {'id': 3}, {'id': 4}, {'id': 5}, {'id': 6}, {'id': 7}, {'id': 8}, {'id': 9}, {'id': 10}, {'id': 11}, {'id': 12}, {'id': 13}, {'id': 14}, {'id': 15}, {'id': 16}, {'id': 17}, {'id': 18}, {'id': 19}, {'id': 20}, {'id': 21}, {'id': 22}, {'id': 23}, {'id': 24}, {'id': 25}, {'id': 26}, {'id': 27}, {'id': 28}, {'id': 29}, {'id': 30}, {'id': 31}, {'id': 32}, {'id': 33}, {'id': 34}, {'id': 35}, {'id': 36}, {'id': 37}, {'id': 38}, {'id': 39}, {'id': 40}, {'id': 41}, {'id': 42}, {'id': 43}, {'id': 44}, {'id': 45}, {'id': 46}, {'id': 47}, {'id': 48}, {'id': 49}, {'id': 50}, {'id': 51}, {'id': 52}, {'id': 53}, {'id': 54}, {'id': 55}, {'id': 56}, {'id': 57}, {'id': 58}, {'id': 59}, {'id': 60}, {'id': 61}, {'id': 62}, {'id': 63}, {'id': 64}, {'id': 65}, {'id': 66}, {'id': 67}, {'id': 68}, {'id': 69}, {'id': 70}, {'id': 71}, {'id': 72}, {'id': 73}, {'id': 74}, {'id': 75}, {'id': 76}, {'id': 77}, {'id': 78}, {'id': 79}, {'id': 80}, {'id': 81}, {'id': 82}, {'id': 83}, {'id': 84}, {'id': 85}, {'id': 86}, {'id': 87}, {'id': 88}, {'id': 89}, {'id': 90}, {'id': 91}, {'id': 92}, {'id': 93}, {'id': 94}, {'id': 95}, {'id': 96}, {'id': 97}, {'id': 98}, {'id': 99}, {'id': 100}, {'id': 101}, {'id': 102}, {'id': 103}, {'id': 104}, {'id': 105}, {'id': 106}, {'id': 107}, {'id': 108}, {'id': 109}, {'id': 110}, {'id': 111}, {'id': 112}, {'id': 113}, {'id': 114}, {'id': 115}, {'id': 116}, {'id': 117}, {'id': 118}, {'id': 119}, {'id': 120}, {'id': 121}, {'id': 122}, {'id': 123}, {'id': 124}, {'id': 125}, {'id': 126}, {'id': 127}, {'id': 128}, {'id': 129}, {'id': 130}, {'id': 131}, {'id': 132}, {'id': 133}, {'id': 134}, {'id': 135}, {'id': 136}, {'id': 137}, {'id': 138}, {'id': 139}, {'id': 140}, {'id': 141}, {'id': 142}, {'id': 143}, {'id': 144}, {'id': 145}, {'id': 146}, {'id': 147}, {'id': 148}, {'id': 149}, {'id': 150}, {'id': 151}, {'id': 152}, {'id': 153}, {'id': 154}, {'id': 155}, {'id': 156}, {'id': 157}, {'id': 158}, {'id': 159}, {'id': 160}, {'id': 161}, {'id': 162}, {'id': 163}, {'id': 164}, {'id': 165}, {'id': 166}, {'id': 167}, {'id': 168}, {'id': 169}, {'id': 170}, {'id': 171}, {'id': 172}, {'id': 173}, {'id': 174}, {'id': 175}, {'id': 176}, {'id': 177}, {'id': 178}, {'id': 179}, {'id': 180}, {'id': 181}, {'id': 182}, {'id': 183}, {'id': 184}, {'id': 185}, {'id': 186}, {'id': 187}, {'id': 188}, {'id': 189}, {'id': 190}, {'id': 191}, {'id': 192}, {'id': 193}, {'id': 194}, {'id': 195}, {'id': 196}, {'id': 197}, {'id': 198}, {'id': 199}, {'id': 200}, {'id': 201}, {'id': 202}, {'id': 203}, {'id': 204}, {'id': 205}, {'id': 206}, {'id': 207}, {'id': 208}, {'id': 209}, {'id': 210}, {'id': 211}, {'id': 212}, {'id': 213}, {'id': 214}, {'id': 215}, {'id': 216}, {'id': 217}, {'id': 218}, {'id': 219}, {'id': 220}, {'id': 221}, {'id': 222}, {'id': 223}, {'id': 224}, {'id': 225}, {'id': 226}, {'id': 227}, {'id': 228}, {'id': 229}, {'id': 230}, {'id': 231}, {'id': 232}, {'id': 233}, {'id': 234}, {'id': 235}, {'id': 236}, {'id': 237}, {'id': 238}, {'id': 239}, {'id': 240}, {'id': 241}, {'id': 242}, {'id': 243}, {'id': 244}, {'id': 245}, {'id': 246}, {'id': 247}, {'id': 248}, {'id': 249}, {'id': 250}, {'id': 251}, {'id': 252}, {'id': 253}, {'id': 254}, {'id': 255}, {'id': 256}, {'id': 257}, {'id': 258}, {'id': 259}, {'id': 260}, {'id': 261}, {'id': 262}, {'id': 263}, {'id': 264}, {'id': 265}, {'id': 266}, {'id': 267}, {'id': 268}, {'id': 269}, {'id': 270}, {'id': 271}, {'id': 272}, {'id': 273}, {'id': 274}, {'id': 275}, {'id': 276}, {'id': 277}, {'id': 278}, {'id': 279}, {'id': 280}, {'id': 281}, {'id': 282}, {'id': 283}, {'id': 284}, {'id': 285}, {'id': 286}, {'id': 287}, {'id': 288}, {'id': 289}, {'id': 290}, {'id': 291}, {'id': 292}, {'id': 293}, {'id': 294}, {'id': 295}, {'id': 296}, {'id': 297}, {'id': 298}, {'id': 299}], 'links': [{'source': 0, 'target': 19}, {'source': 1, 'target': 108}, {'source': 1, 'target': 120}, {'source': 1, 'target': 235}, {'source': 2, 'target': 85}, {'source': 3, 'target': 163}, {'source': 3, 'target': 276}, {'source': 3, 'target': 104}, {'source': 3, 'target': 223}, {'source': 5, 'target': 177}, {'source': 5, 'target': 210}, {'source': 8, 'target': 13}, {'source': 10, 'target': 16}, {'source': 12, 'target': 1}, {'source': 12, 'target': 60}, {'source': 13, 'target': 215}, {'source': 13, 'target': 267}, {'source': 14, 'target': 244}, {'source': 15, 'target': 247}, {'source': 16, 'target': 72}, {'source': 16, 'target': 285}, {'source': 17, 'target': 45}, {'source': 23, 'target': 87}, {'source': 23, 'target': 252}, {'source': 25, 'target': 268}, {'source': 25, 'target': 43}, {'source': 26, 'target': 82}, {'source': 26, 'target': 232}, {'source': 28, 'target': 287}, {'source': 30, 'target': 80}, {'source': 30, 'target': 15}, {'source': 31, 'target': 33}, {'source': 33, 'target': 155}, {'source': 33, 'target': 37}, {'source': 34, 'target': 141}, {'source': 35, 'target': 89}, {'source': 35, 'target': 180}, {'source': 35, 'target': 238}, {'source': 36, 'target': 131}, {'source': 37, 'target': 73}, {'source': 37, 'target': 194}, {'source': 37, 'target': 151}, {'source': 40, 'target': 258}, {'source': 41, 'target': 159}, {'source': 43, 'target': 55}, {'source': 43, 'target': 250}, {'source': 43, 'target': 290}, {'source': 44, 'target': 51}, {'source': 44, 'target': 113}, {'source': 46, 'target': 84}, {'source': 47, 'target': 256}, {'source': 48, 'target': 31}, {'source': 52, 'target': 266}, {'source': 53, 'target': 21}, {'source': 53, 'target': 44}, {'source': 53, 'target': 25}, {'source': 53, 'target': 195}, {'source': 54, 'target': 107}, {'source': 56, 'target': 165}, {'source': 57, 'target': 121}, {'source': 58, 'target': 146}, {'source': 58, 'target': 71}, {'source': 60, 'target': 297}, {'source': 61, 'target': 103}, {'source': 61, 'target': 40}, {'source': 62, 'target': 204}, {'source': 62, 'target': 189}, {'source': 62, 'target': 183}, {'source': 64, 'target': 123}, {'source': 64, 'target': 122}, {'source': 65, 'target': 190}, {'source': 68, 'target': 286}, {'source': 69, 'target': 171}, {'source': 70, 'target': 220}, {'source': 70, 'target': 193}, {'source': 71, 'target': 265}, {'source': 73, 'target': 200}, {'source': 76, 'target': 24}, {'source': 76, 'target': 30}, {'source': 80, 'target': 77}, {'source': 81, 'target': 233}, {'source': 86, 'target': 34}, {'source': 86, 'target': 245}, {'source': 88, 'target': 277}, {'source': 88, 'target': 283}, {'source': 89, 'target': 157}, {'source': 90, 'target': 124}, {'source': 94, 'target': 127}, {'source': 95, 'target': 225}, {'source': 98, 'target': 168}, {'source': 99, 'target': 207}, {'source': 99, 'target': 26}, {'source': 99, 'target': 161}, {'source': 100, 'target': 69}, {'source': 101, 'target': 174}, {'source': 102, 'target': 273}, {'source': 103, 'target': 117}, {'source': 103, 'target': 152}, {'source': 104, 'target': 90}, {'source': 105, 'target': 254}, {'source': 106, 'target': 236}, {'source': 109, 'target': 53}, {'source': 110, 'target': 11}, {'source': 110, 'target': 294}, {'source': 111, 'target': 263}, {'source': 112, 'target': 54}, {'source': 113, 'target': 6}, {'source': 114, 'target': 58}, {'source': 117, 'target': 78}, {'source': 118, 'target': 164}, {'source': 121, 'target': 166}, {'source': 121, 'target': 47}, {'source': 122, 'target': 116}, {'source': 122, 'target': 219}, {'source': 124, 'target': 102}, {'source': 126, 'target': 260}, {'source': 126, 'target': 169}, {'source': 127, 'target': 3}, {'source': 128, 'target': 179}, {'source': 129, 'target': 8}, {'source': 130, 'target': 149}, {'source': 130, 'target': 229}, {'source': 130, 'target': 293}, {'source': 131, 'target': 197}, {'source': 132, 'target': 36}, {'source': 132, 'target': 201}, {'source': 132, 'target': 224}, {'source': 132, 'target': 105}, {'source': 132, 'target': 10}, {'source': 134, 'target': 64}, {'source': 137, 'target': 274}, {'source': 137, 'target': 150}, {'source': 139, 'target': 203}, {'source': 140, 'target': 2}, {'source': 143, 'target': 196}, {'source': 144, 'target': 292}, {'source': 147, 'target': 191}, {'source': 147, 'target': 230}, {'source': 148, 'target': 173}, {'source': 150, 'target': 110}, {'source': 151, 'target': 112}, {'source': 151, 'target': 199}, {'source': 151, 'target': 106}, {'source': 153, 'target': 288}, {'source': 154, 'target': 39}, {'source': 154, 'target': 119}, {'source': 154, 'target': 5}, {'source': 154, 'target': 298}, {'source': 158, 'target': 22}, {'source': 159, 'target': 118}, {'source': 160, 'target': 86}, {'source': 161, 'target': 299}, {'source': 162, 'target': 18}, {'source': 163, 'target': 50}, {'source': 164, 'target': 184}, {'source': 164, 'target': 139}, {'source': 164, 'target': 205}, {'source': 167, 'target': 222}, {'source': 167, 'target': 295}, {'source': 168, 'target': 88}, {'source': 169, 'target': 42}, {'source': 169, 'target': 28}, {'source': 170, 'target': 38}, {'source': 173, 'target': 160}, {'source': 175, 'target': 32}, {'source': 175, 'target': 41}, {'source': 176, 'target': 125}, {'source': 181, 'target': 7}, {'source': 182, 'target': 95}, {'source': 182, 'target': 62}, {'source': 183, 'target': 99}, {'source': 185, 'target': 100}, {'source': 185, 'target': 198}, {'source': 187, 'target': 176}, {'source': 189, 'target': 49}, {'source': 189, 'target': 242}, {'source': 192, 'target': 227}, {'source': 193, 'target': 234}, {'source': 194, 'target': 148}, {'source': 195, 'target': 218}, {'source': 196, 'target': 93}, {'source': 196, 'target': 111}, {'source': 199, 'target': 211}, {'source': 200, 'target': 231}, {'source': 201, 'target': 92}, {'source': 201, 'target': 65}, {'source': 202, 'target': 237}, {'source': 202, 'target': 61}, {'source': 202, 'target': 153}, {'source': 202, 'target': 275}, {'source': 203, 'target': 115}, {'source': 203, 'target': 172}, {'source': 205, 'target': 96}, {'source': 205, 'target': 68}, {'source': 206, 'target': 75}, {'source': 206, 'target': 97}, {'source': 206, 'target': 253}, {'source': 206, 'target': 109}, {'source': 210, 'target': 213}, {'source': 210, 'target': 246}, {'source': 210, 'target': 279}, {'source': 211, 'target': 17}, {'source': 211, 'target': 185}, {'source': 211, 'target': 248}, {'source': 212, 'target': 91}, {'source': 215, 'target': 101}, {'source': 217, 'target': 156}, {'source': 218, 'target': 0}, {'source': 218, 'target': 63}, {'source': 218, 'target': 79}, {'source': 218, 'target': 46}, {'source': 218, 'target': 135}, {'source': 218, 'target': 154}, {'source': 219, 'target': 147}, {'source': 219, 'target': 114}, {'source': 221, 'target': 66}, {'source': 222, 'target': 226}, {'source': 223, 'target': 259}, {'source': 223, 'target': 264}, {'source': 223, 'target': 144}, {'source': 223, 'target': 271}, {'source': 225, 'target': 81}, {'source': 225, 'target': 12}, {'source': 225, 'target': 98}, {'source': 228, 'target': 243}, {'source': 233, 'target': 128}, {'source': 234, 'target': 134}, {'source': 235, 'target': 269}, {'source': 236, 'target': 251}, {'source': 236, 'target': 94}, {'source': 238, 'target': 4}, {'source': 239, 'target': 74}, {'source': 240, 'target': 14}, {'source': 241, 'target': 206}, {'source': 242, 'target': 202}, {'source': 243, 'target': 138}, {'source': 244, 'target': 57}, {'source': 245, 'target': 181}, {'source': 246, 'target': 67}, {'source': 248, 'target': 291}, {'source': 252, 'target': 289}, {'source': 254, 'target': 145}, {'source': 254, 'target': 158}, {'source': 255, 'target': 217}, {'source': 256, 'target': 228}, {'source': 256, 'target': 137}, {'source': 257, 'target': 280}, {'source': 257, 'target': 296}, {'source': 260, 'target': 208}, {'source': 260, 'target': 249}, {'source': 261, 'target': 239}, {'source': 262, 'target': 52}, {'source': 262, 'target': 240}, {'source': 263, 'target': 261}, {'source': 263, 'target': 278}, {'source': 263, 'target': 130}, {'source': 264, 'target': 133}, {'source': 264, 'target': 214}, {'source': 266, 'target': 212}, {'source': 266, 'target': 76}, {'source': 269, 'target': 178}, {'source': 271, 'target': 83}, {'source': 271, 'target': 182}, {'source': 273, 'target': 167}, {'source': 275, 'target': 23}, {'source': 277, 'target': 257}, {'source': 278, 'target': 136}, {'source': 278, 'target': 132}, {'source': 279, 'target': 129}, {'source': 281, 'target': 29}, {'source': 281, 'target': 221}, {'source': 282, 'target': 162}, {'source': 282, 'target': 209}, {'source': 283, 'target': 241}, {'source': 284, 'target': 262}, {'source': 285, 'target': 270}, {'source': 286, 'target': 9}, {'source': 286, 'target': 186}, {'source': 286, 'target': 272}, {'source': 287, 'target': 59}, {'source': 288, 'target': 27}, {'source': 290, 'target': 35}, {'source': 291, 'target': 170}, {'source': 291, 'target': 188}, {'source': 291, 'target': 143}, {'source': 291, 'target': 284}, {'source': 292, 'target': 56}, {'source': 292, 'target': 192}, {'source': 293, 'target': 175}, {'source': 295, 'target': 20}, {'source': 295, 'target': 187}, {'source': 295, 'target': 282}, {'source': 295, 'target': 126}, {'source': 296, 'target': 140}, {'source': 296, 'target': 142}, {'source': 296, 'target': 255}, {'source': 298, 'target': 216}, {'source': 298, 'target': 70}, {'source': 299, 'target': 281}]}",10
"{'directed': True, 'multigraph': False, 'graph': {}, 'nodes': [{'id': 0}, {'id': 1}, {'id': 2}, {'id': 3}, {'id': 4}, {'id': 5}, {'id': 6}, {'id': 7}, {'id': 8}, {'id': 9}, {'id': 10}, {'id': 11}, {'id': 12}, {'id': 13}, {'id': 14}, {'id': 15}, {'id': 16}, {'id': 17}, {'id': 18}, {'id': 19}, {'id': 20}, {'id': 21}, {'id': 22}, {'id': 23}, {'id': 24}, {'id': 25}, {'id': 26}, {'id': 27}, {'id': 28}, {'id': 29}, {'id': 30}, {'id': 31}, {'id': 32}, {'id': 33}, {'id': 34}, {'id': 35}, {'id': 36}, {'id': 37}, {'id': 38}, {'id': 39}, {'id': 40}, {'id': 41}, {'id': 42}, {'id': 43}, {'id': 44}, {'id': 45}, {'id': 46}, {'id': 47}, {'id': 48}, {'id': 49}, {'id': 50}, {'id': 51}, {'id': 52}, {'id': 53}, {'id': 54}, {'id': 55}, {'id': 56}, {'id': 57}, {'id': 58}, {'id': 59}, {'id': 60}, {'id': 61}, {'id': 62}, {'id': 63}, {'id': 64}, {'id': 65}, {'id': 66}, {'id': 67}, {'id': 68}, {'id': 69}, {'id': 70}, {'id': 71}, {'id': 72}, {'id': 73}, {'id': 74}, {'id': 75}, {'id': 76}, {'id': 77}, {'id': 78}, {'id': 79}, {'id': 80}, {'id': 81}, {'id': 82}, {'id': 83}, {'id': 84}, {'id': 85}, {'id': 86}, {'id': 87}, {'id': 88}, {'id': 89}, {'id': 90}, {'id': 91}, {'id': 92}, {'id': 93}, {'id': 94}, {'id': 95}, {'id': 96}, {'id': 97}, {'id': 98}, {'id': 99}, {'id': 100}, {'id': 101}, {'id': 102}, {'id': 103}, {'id': 104}, {'id': 105}, {'id': 106}, {'id': 107}, {'id': 108}, {'id': 109}, {'id': 110}, {'id': 111}, {'id': 112}, {'id': 113}, {'id': 114}, {'id': 115}, {'id': 116}, {'id': 117}, {'id': 118}, {'id': 119}, {'id': 120}, {'id': 121}, {'id': 122}, {'id': 123}, {'id': 124}, {'id': 125}, {'id': 126}, {'id': 127}, {'id': 128}, {'id': 129}, {'id': 130}, {'id': 131}, {'id': 132}, {'id': 133}, {'id': 134}, {'id': 135}, {'id': 136}, {'id': 137}, {'id': 138}, {'id': 139}, {'id': 140}, {'id': 141}, {'id': 142}, {'id': 143}, {'id': 144}, {'id': 145}, {'id': 146}, {'id': 147}, {'id': 148}, {'id': 149}, {'id': 150}, {'id': 151}, {'id': 152}, {'id': 153}, {'id': 154}, {'id': 155}, {'id': 156}, {'id': 157}, {'id': 158}, {'id': 159}, {'id': 160}, {'id': 161}, {'id': 162}, {'id': 163}, {'id': 164}, {'id': 165}, {'id': 166}, {'id': 167}, {'id': 168}, {'id': 169}, {'id': 170}, {'id': 171}, {'id': 172}, {'id': 173}, {'id': 174}, {'id': 175}, {'id': 176}, {'id': 177}, {'id': 178}, {'id': 179}, {'id': 180}, {'id': 181}, {'id': 182}, {'id': 183}, {'id': 184}, {'id': 185}, {'id': 186}, {'id': 187}, {'id': 188}, {'id': 189}, {'id': 190}, {'id': 191}, {'id': 192}, {'id': 193}, {'id': 194}, {'id': 195}, {'id': 196}, {'id': 197}, {'id': 198}, {'id': 199}, {'id': 200}, {'id': 201}, {'id': 202}, {'id': 203}, {'id': 204}, {'id': 205}, {'id': 206}, {'id': 207}, {'id': 208}, {'id': 209}, {'id': 210}, {'id': 211}, {'id': 212}, {'id': 213}, {'id': 214}, {'id': 215}, {'id': 216}, {'id': 217}, {'id': 218}, {'id': 219}, {'id': 220}, {'id': 221}, {'id': 222}, {'id': 223}, {'id': 224}, {'id': 225}, {'id': 226}, {'id': 227}, {'id': 228}, {'id': 229}, {'id': 230}, {'id': 231}, {'id': 232}, {'id': 233}, {'id': 234}, {'id': 235}, {'id': 236}, {'id': 237}, {'id': 238}, {'id': 239}, {'id': 240}, {'id': 241}, {'id': 242}, {'id': 243}, {'id': 244}, {'id': 245}, {'id': 246}, {'id': 247}, {'id': 248}, {'id': 249}, {'id': 250}, {'id': 251}, {'id': 252}, {'id': 253}, {'id': 254}, {'id': 255}, {'id': 256}, {'id': 257}, {'id': 258}, {'id': 259}, {'id': 260}, {'id': 261}, {'id': 262}, {'id': 263}, {'id': 264}, {'id': 265}, {'id': 266}, {'id': 267}, {'id': 268}, {'id': 269}, {'id': 270}, {'id': 271}, {'id': 272}, {'id': 273}, {'id': 274}, {'id': 275}, {'id': 276}, {'id': 277}, {'id': 278}, {'id': 279}, {'id': 280}, {'id': 281}, {'id': 282}, {'id': 283}, {'id': 284}, {'id': 285}, {'id': 286}, {'id': 287}, {'id': 288}, {'id': 289}, {'id': 290}, {'id': 291}, {'id': 292}, {'id': 293}, {'id': 294}, {'id': 295}, {'id': 296}, {'id': 297}, {'id': 298}, {'id': 299}], 'links': [{'source': 4, 'target': 160}, {'source': 4, 'target': 209}, {'source': 5, 'target': 56}, {'source': 7, 'target': 199}, {'source': 7, 'target': 106}, {'source': 8, 'target': 48}, {'source': 8, 'target': 145}, {'source': 9, 'target': 270}, {'source': 11, 'target': 260}, {'source': 12, 'target': 198}, {'source': 12, 'target': 225}, {'source': 12, 'target': 100}, {'source': 14, 'target': 32}, {'source': 14, 'target': 35}, {'source': 18, 'target': 151}, {'source': 18, 'target': 278}, {'source': 19, 'target': 128}, {'source': 20, 'target': 120}, {'source': 20, 'target': 283}, {'source': 22, 'target': 71}, {'source': 22, 'target': 173}, {'source': 22, 'target': 119}, {'source': 22, 'target': 29}, {'source': 23, 'target': 2}, {'source': 23, 'target': 157}, {'source': 24, 'target': 161}, {'source': 24, 'target': 277}, {'source': 26, 'target': 154}, {'source': 26, 'target': 271}, {'source': 27, 'target': 178}, {'source': 27, 'target': 275}, {'source': 29, 'target': 266}, {'source': 32, 'target': 170}, {'source': 32, 'target': 213}, {'source': 32, 'target': 11}, {'source': 34, 'target': 90}, {'source': 34, 'target': 138}, {'source': 35, 'target': 155}, {'source': 37, 'target': 287}, {'source': 37, 'target': 12}, {'source': 38, 'target': 226}, {'source': 41, 'target': 19}, {'source': 43, 'target': 3}, {'source': 43, 'target': 187}, {'source': 43, 'target': 192}, {'source': 44, 'target': 261}, {'source': 46, 'target': 191}, {'source': 46, 'target': 239}, {'source': 46, 'target': 284}, {'source': 47, 'target': 15}, {'source': 47, 'target': 289}, {'source': 48, 'target': 179}, {'source': 50, 'target': 140}, {'source': 50, 'target': 183}, {'source': 52, 'target': 166}, {'source': 52, 'target': 23}, {'source': 53, 'target': 185}, {'source': 54, 'target': 84}, {'source': 54, 'target': 117}, {'source': 55, 'target': 196}, {'source': 57, 'target': 89}, {'source': 57, 'target': 290}, {'source': 57, 'target': 256}, {'source': 57, 'target': 163}, {'source': 59, 'target': 42}, {'source': 59, 'target': 245}, {'source': 59, 'target': 247}, {'source': 59, 'target': 286}, {'source': 61, 'target': 54}, {'source': 62, 'target': 110}, {'source': 66, 'target': 137}, {'source': 69, 'target': 125}, {'source': 69, 'target': 148}, {'source': 72, 'target': 126}, {'source': 72, 'target': 223}, {'source': 74, 'target': 195}, {'source': 74, 'target': 259}, {'source': 74, 'target': 294}, {'source': 75, 'target': 159}, {'source': 76, 'target': 24}, {'source': 78, 'target': 236}, {'source': 78, 'target': 114}, {'source': 80, 'target': 242}, {'source': 80, 'target': 147}, {'source': 81, 'target': 51}, {'source': 81, 'target': 227}, {'source': 83, 'target': 124}, {'source': 83, 'target': 144}, {'source': 84, 'target': 60}, {'source': 85, 'target': 73}, {'source': 86, 'target': 93}, {'source': 87, 'target': 45}, {'source': 87, 'target': 121}, {'source': 87, 'target': 109}, {'source': 88, 'target': 53}, {'source': 91, 'target': 153}, {'source': 92, 'target': 50}, {'source': 93, 'target': 37}, {'source': 94, 'target': 92}, {'source': 94, 'target': 208}, {'source': 96, 'target': 269}, {'source': 97, 'target': 65}, {'source': 98, 'target': 272}, {'source': 98, 'target': 47}, {'source': 99, 'target': 167}, {'source': 100, 'target': 99}, {'source': 102, 'target': 219}, {'source': 103, 'target': 79}, {'source': 103, 'target': 295}, {'source': 106, 'target': 103}, {'source': 108, 'target': 158}, {'source': 108, 'target': 298}, {'source': 109, 'target': 235}, {'source': 110, 'target': 16}, {'source': 111, 'target': 180}, {'source': 111, 'target': 285}, {'source': 112, 'target': 104}, {'source': 113, 'target': 276}, {'source': 114, 'target': 6}, {'source': 114, 'target': 132}, {'source': 118, 'target': 46}, {'source': 119, 'target': 175}, {'source': 123, 'target': 217}, {'source': 123, 'target': 237}, {'source': 127, 'target': 281}, {'source': 128, 'target': 133}, {'source': 129, 'target': 81}, {'source': 130, 'target': 10}, {'source': 132, 'target': 282}, {'source': 133, 'target': 59}, {'source': 134, 'target': 299}, {'source': 137, 'target': 129}, {'source': 142, 'target': 207}, {'source': 144, 'target': 168}, {'source': 145, 'target': 177}, {'source': 145, 'target': 214}, {'source': 146, 'target': 172}, {'source': 146, 'target': 108}, {'source': 147, 'target': 43}, {'source': 150, 'target': 254}, {'source': 153, 'target': 176}, {'source': 155, 'target': 49}, {'source': 155, 'target': 72}, {'source': 155, 'target': 38}, {'source': 156, 'target': 86}, {'source': 157, 'target': 190}, {'source': 160, 'target': 136}, {'source': 162, 'target': 5}, {'source': 163, 'target': 279}, {'source': 163, 'target': 78}, {'source': 164, 'target': 111}, {'source': 165, 'target': 8}, {'source': 167, 'target': 253}, {'source': 167, 'target': 146}, {'source': 170, 'target': 1}, {'source': 171, 'target': 241}, {'source': 172, 'target': 18}, {'source': 173, 'target': 107}, {'source': 174, 'target': 169}, {'source': 174, 'target': 127}, {'source': 175, 'target': 102}, {'source': 176, 'target': 21}, {'source': 176, 'target': 249}, {'source': 184, 'target': 212}, {'source': 185, 'target': 70}, {'source': 186, 'target': 0}, {'source': 187, 'target': 188}, {'source': 188, 'target': 243}, {'source': 189, 'target': 156}, {'source': 192, 'target': 26}, {'source': 193, 'target': 118}, {'source': 194, 'target': 218}, {'source': 195, 'target': 149}, {'source': 196, 'target': 64}, {'source': 199, 'target': 101}, {'source': 199, 'target': 55}, {'source': 199, 'target': 87}, {'source': 200, 'target': 174}, {'source': 201, 'target': 240}, {'source': 201, 'target': 9}, {'source': 202, 'target': 68}, {'source': 202, 'target': 231}, {'source': 203, 'target': 255}, {'source': 203, 'target': 200}, {'source': 203, 'target': 41}, {'source': 203, 'target': 96}, {'source': 204, 'target': 293}, {'source': 204, 'target': 224}, {'source': 205, 'target': 17}, {'source': 206, 'target': 273}, {'source': 207, 'target': 201}, {'source': 207, 'target': 66}, {'source': 208, 'target': 83}, {'source': 208, 'target': 232}, {'source': 209, 'target': 234}, {'source': 210, 'target': 181}, {'source': 211, 'target': 186}, {'source': 211, 'target': 91}, {'source': 213, 'target': 95}, {'source': 213, 'target': 135}, {'source': 214, 'target': 112}, {'source': 216, 'target': 14}, {'source': 218, 'target': 22}, {'source': 218, 'target': 94}, {'source': 218, 'target': 203}, {'source': 220, 'target': 105}, {'source': 221, 'target': 58}, {'source': 221, 'target': 69}, {'source': 222, 'target': 123}, {'source': 224, 'target': 165}, {'source': 224, 'target': 211}, {'source': 225, 'target': 25}, {'source': 225, 'target': 39}, {'source': 226, 'target': 7}, {'source': 226, 'target': 297}, {'source': 227, 'target': 33}, {'source': 227, 'target': 27}, {'source': 228, 'target': 116}, {'source': 228, 'target': 202}, {'source': 229, 'target': 13}, {'source': 229, 'target': 262}, {'source': 229, 'target': 57}, {'source': 230, 'target': 63}, {'source': 232, 'target': 164}, {'source': 234, 'target': 228}, {'source': 234, 'target': 296}, {'source': 235, 'target': 182}, {'source': 237, 'target': 252}, {'source': 237, 'target': 113}, {'source': 238, 'target': 122}, {'source': 239, 'target': 248}, {'source': 241, 'target': 220}, {'source': 242, 'target': 233}, {'source': 244, 'target': 31}, {'source': 244, 'target': 36}, {'source': 244, 'target': 264}, {'source': 248, 'target': 210}, {'source': 248, 'target': 274}, {'source': 248, 'target': 20}, {'source': 249, 'target': 150}, {'source': 249, 'target': 222}, {'source': 249, 'target': 134}, {'source': 250, 'target': 189}, {'source': 251, 'target': 97}, {'source': 252, 'target': 244}, {'source': 253, 'target': 52}, {'source': 255, 'target': 131}, {'source': 256, 'target': 34}, {'source': 256, 'target': 291}, {'source': 257, 'target': 44}, {'source': 258, 'target': 67}, {'source': 259, 'target': 142}, {'source': 261, 'target': 268}, {'source': 261, 'target': 76}, {'source': 262, 'target': 30}, {'source': 262, 'target': 257}, {'source': 263, 'target': 197}, {'source': 265, 'target': 80}, {'source': 267, 'target': 258}, {'source': 269, 'target': 204}, {'source': 271, 'target': 115}, {'source': 271, 'target': 61}, {'source': 272, 'target': 141}, {'source': 273, 'target': 152}, {'source': 273, 'target': 75}, {'source': 274, 'target': 62}, {'source': 278, 'target': 40}, {'source': 278, 'target': 230}, {'source': 278, 'target': 265}, {'source': 279, 'target': 139}, {'source': 280, 'target': 77}, {'source': 280, 'target': 130}, {'source': 281, 'target': 221}, {'source': 281, 'target': 206}, {'source': 282, 'target': 171}, {'source': 282, 'target': 194}, {'source': 283, 'target': 246}, {'source': 284, 'target': 250}, {'source': 285, 'target': 184}, {'source': 285, 'target': 263}, {'source': 286, 'target': 162}, {'source': 286, 'target': 216}, {'source': 287, 'target': 98}, {'source': 289, 'target': 215}, {'source': 289, 'target': 288}, {'source': 291, 'target': 143}, {'source': 291, 'target': 74}, {'source': 292, 'target': 88}, {'source': 292, 'target': 229}, {'source': 293, 'target': 205}, {'source': 294, 'target': 251}, {'source': 294, 'target': 193}, {'source': 295, 'target': 85}, {'source': 295, 'target': 267}, {'source': 296, 'target': 280}, {'source': 297, 'target': 4}, {'source': 299, 'target': 28}, {'source': 299, 'target': 82}, {'source': 299, 'target': 238}]}",10
"{'directed': True, 'multigraph': False, 'graph': {}, 'nodes': [{'id': 0}, {'id': 1}, {'id': 2}, {'id': 3}, {'id': 4}, {'id': 5}, {'id': 6}, {'id': 7}, {'id': 8}, {'id': 9}, {'id': 10}, {'id': 11}, {'id': 12}, {'id': 13}, {'id': 14}, {'id': 15}, {'id': 16}, {'id': 17}, {'id': 18}, {'id': 19}, {'id': 20}, {'id': 21}, {'id': 22}, {'id': 23}, {'id': 24}, {'id': 25}, {'id': 26}, {'id': 27}, {'id': 28}, {'id': 29}, {'id': 30}, {'id': 31}, {'id': 32}, {'id': 33}, {'id': 34}, {'id': 35}, {'id': 36}, {'id': 37}, {'id': 38}, {'id': 39}, {'id': 40}, {'id': 41}, {'id': 42}, {'id': 43}, {'id': 44}, {'id': 45}, {'id': 46}, {'id': 47}, {'id': 48}, {'id': 49}, {'id': 50}, {'id': 51}, {'id': 52}, {'id': 53}, {'id': 54}, {'id': 55}, {'id': 56}, {'id': 57}, {'id': 58}, {'id': 59}, {'id': 60}, {'id': 61}, {'id': 62}, {'id': 63}, {'id': 64}, {'id': 65}, {'id': 66}, {'id': 67}, {'id': 68}, {'id': 69}, {'id': 70}, {'id': 71}, {'id': 72}, {'id': 73}, {'id': 74}, {'id': 75}, {'id': 76}, {'id': 77}, {'id': 78}, {'id': 79}, {'id': 80}, {'id': 81}, {'id': 82}, {'id': 83}, {'id': 84}, {'id': 85}, {'id': 86}, {'id': 87}, {'id': 88}, {'id': 89}, {'id': 90}, {'id': 91}, {'id': 92}, {'id': 93}, {'id': 94}, {'id': 95}, {'id': 96}, {'id': 97}, {'id': 98}, {'id': 99}, {'id': 100}, {'id': 101}, {'id': 102}, {'id': 103}, {'id': 104}, {'id': 105}, {'id': 106}, {'id': 107}, {'id': 108}, {'id': 109}, {'id': 110}, {'id': 111}, {'id': 112}, {'id': 113}, {'id': 114}, {'id': 115}, {'id': 116}, {'id': 117}, {'id': 118}, {'id': 119}, {'id': 120}, {'id': 121}, {'id': 122}, {'id': 123}, {'id': 124}, {'id': 125}, {'id': 126}, {'id': 127}, {'id': 128}, {'id': 129}, {'id': 130}, {'id': 131}, {'id': 132}, {'id': 133}, {'id': 134}, {'id': 135}, {'id': 136}, {'id': 137}, {'id': 138}, {'id': 139}, {'id': 140}, {'id': 141}, {'id': 142}, {'id': 143}, {'id': 144}, {'id': 145}, {'id': 146}, {'id': 147}, {'id': 148}, {'id': 149}, {'id': 150}, {'id': 151}, {'id': 152}, {'id': 153}, {'id': 154}, {'id': 155}, {'id': 156}, {'id': 157}, {'id': 158}, {'id': 159}, {'id': 160}, {'id': 161}, {'id': 162}, {'id': 163}, {'id': 164}, {'id': 165}, {'id': 166}, {'id': 167}, {'id': 168}, {'id': 169}, {'id': 170}, {'id': 171}, {'id': 172}, {'id': 173}, {'id': 174}, {'id': 175}, {'id': 176}, {'id': 177}, {'id': 178}, {'id': 179}, {'id': 180}, {'id': 181}, {'id': 182}, {'id': 183}, {'id': 184}, {'id': 185}, {'id': 186}, {'id': 187}, {'id': 188}, {'id': 189}, {'id': 190}, {'id': 191}, {'id': 192}, {'id': 193}, {'id': 194}, {'id': 195}, {'id': 196}, {'id': 197}, {'id': 198}, {'id': 199}, {'id': 200}, {'id': 201}, {'id': 202}, {'id': 203}, {'id': 204}, {'id': 205}, {'id': 206}, {'id': 207}, {'id': 208}, {'id': 209}, {'id': 210}, {'id': 211}, {'id': 212}, {'id': 213}, {'id': 214}, {'id': 215}, {'id': 216}, {'id': 217}, {'id': 218}, {'id': 219}, {'id': 220}, {'id': 221}, {'id': 222}, {'id': 223}, {'id': 224}, {'id': 225}, {'id': 226}, {'id': 227}, {'id': 228}, {'id': 229}, {'id': 230}, {'id': 231}, {'id': 232}, {'id': 233}, {'id': 234}, {'id': 235}, {'id': 236}, {'id': 237}, {'id': 238}, {'id': 239}, {'id': 240}, {'id': 241}, {'id': 242}, {'id': 243}, {'id': 244}, {'id': 245}, {'id': 246}, {'id': 247}, {'id': 248}, {'id': 249}, {'id': 250}, {'id': 251}, {'id': 252}, {'id': 253}, {'id': 254}, {'id': 255}, {'id': 256}, {'id': 257}, {'id': 258}, {'id': 259}, {'id': 260}, {'id': 261}, {'id': 262}, {'id': 263}, {'id': 264}, {'id': 265}, {'id': 266}, {'id': 267}, {'id': 268}, {'id': 269}, {'id': 270}, {'id': 271}, {'id': 272}, {'id': 273}, {'id': 274}, {'id': 275}, {'id': 276}, {'id': 277}, {'id': 278}, {'id': 279}, {'id': 280}, {'id': 281}, {'id': 282}, {'id': 283}, {'id': 284}, {'id': 285}, {'id': 286}, {'id': 287}, {'id': 288}, {'id': 289}, {'id': 290}, {'id': 291}, {'id': 292}, {'id': 293}, {'id': 294}, {'id': 295}, {'id': 296}, {'id': 297}, {'id': 298}, {'id': 299}], 'links': [{'source': 0, 'target': 276}, {'source': 1, 'target': 184}, {'source': 2, 'target': 186}, {'source': 5, 'target': 228}, {'source': 7, 'target': 107}, {'source': 7, 'target': 242}, {'source': 9, 'target': 34}, {'source': 10, 'target': 234}, {'source': 11, 'target': 101}, {'source': 12, 'target': 168}, {'source': 15, 'target': 220}, {'source': 17, 'target': 147}, {'source': 17, 'target': 209}, {'source': 17, 'target': 33}, {'source': 17, 'target': 253}, {'source': 18, 'target': 274}, {'source': 19, 'target': 172}, {'source': 20, 'target': 99}, {'source': 20, 'target': 100}, {'source': 22, 'target': 296}, {'source': 24, 'target': 247}, {'source': 25, 'target': 70}, {'source': 25, 'target': 12}, {'source': 25, 'target': 289}, {'source': 25, 'target': 177}, {'source': 26, 'target': 15}, {'source': 27, 'target': 232}, {'source': 27, 'target': 293}, {'source': 28, 'target': 49}, {'source': 29, 'target': 264}, {'source': 33, 'target': 283}, {'source': 34, 'target': 127}, {'source': 37, 'target': 55}, {'source': 38, 'target': 267}, {'source': 38, 'target': 61}, {'source': 41, 'target': 275}, {'source': 42, 'target': 51}, {'source': 43, 'target': 217}, {'source': 43, 'target': 58}, {'source': 44, 'target': 131}, {'source': 45, 'target': 63}, {'source': 46, 'target': 199}, {'source': 46, 'target': 104}, {'source': 49, 'target': 213}, {'source': 50, 'target': 257}, {'source': 52, 'target': 80}, {'source': 52, 'target': 298}, {'source': 54, 'target': 102}, {'source': 55, 'target': 238}, {'source': 57, 'target': 163}, {'source': 57, 'target': 288}, {'source': 57, 'target': 137}, {'source': 58, 'target': 236}, {'source': 58, 'target': 24}, {'source': 58, 'target': 106}, {'source': 58, 'target': 230}, {'source': 61, 'target': 210}, {'source': 61, 'target': 286}, {'source': 62, 'target': 56}, {'source': 62, 'target': 117}, {'source': 62, 'target': 92}, {'source': 64, 'target': 218}, {'source': 64, 'target': 255}, {'source': 65, 'target': 152}, {'source': 65, 'target': 157}, {'source': 65, 'target': 244}, {'source': 66, 'target': 41}, {'source': 66, 'target': 125}, {'source': 67, 'target': 183}, {'source': 68, 'target': 211}, {'source': 69, 'target': 159}, {'source': 69, 'target': 299}, {'source': 71, 'target': 169}, {'source': 72, 'target': 284}, {'source': 74, 'target': 42}, {'source': 74, 'target': 73}, {'source': 74, 'target': 151}, {'source': 74, 'target': 19}, {'source': 74, 'target': 239}, {'source': 76, 'target': 233}, {'source': 78, 'target': 149}, {'source': 79, 'target': 43}, {'source': 81, 'target': 241}, {'source': 83, 'target': 203}, {'source': 85, 'target': 295}, {'source': 85, 'target': 278}, {'source': 86, 'target': 231}, {'source': 86, 'target': 287}, {'source': 87, 'target': 223}, {'source': 87, 'target': 69}, {'source': 90, 'target': 116}, {'source': 91, 'target': 198}, {'source': 92, 'target': 90}, {'source': 96, 'target': 75}, {'source': 100, 'target': 113}, {'source': 101, 'target': 229}, {'source': 102, 'target': 2}, {'source': 102, 'target': 28}, {'source': 102, 'target': 191}, {'source': 103, 'target': 180}, {'source': 103, 'target': 83}, {'source': 104, 'target': 176}, {'source': 106, 'target': 135}, {'source': 106, 'target': 144}, {'source': 107, 'target': 226}, {'source': 108, 'target': 188}, {'source': 109, 'target': 256}, {'source': 110, 'target': 123}, {'source': 112, 'target': 105}, {'source': 112, 'target': 37}, {'source': 112, 'target': 297}, {'source': 115, 'target': 216}, {'source': 116, 'target': 45}, {'source': 116, 'target': 50}, {'source': 117, 'target': 142}, {'source': 119, 'target': 251}, {'source': 121, 'target': 93}, {'source': 124, 'target': 160}, {'source': 125, 'target': 277}, {'source': 126, 'target': 22}, {'source': 127, 'target': 109}, {'source': 127, 'target': 270}, {'source': 128, 'target': 103}, {'source': 130, 'target': 162}, {'source': 130, 'target': 246}, {'source': 133, 'target': 134}, {'source': 133, 'target': 164}, {'source': 134, 'target': 66}, {'source': 135, 'target': 175}, {'source': 135, 'target': 206}, {'source': 136, 'target': 292}, {'source': 137, 'target': 27}, {'source': 138, 'target': 18}, {'source': 138, 'target': 273}, {'source': 138, 'target': 165}, {'source': 139, 'target': 65}, {'source': 141, 'target': 94}, {'source': 144, 'target': 32}, {'source': 144, 'target': 59}, {'source': 144, 'target': 272}, {'source': 148, 'target': 25}, {'source': 149, 'target': 97}, {'source': 150, 'target': 141}, {'source': 150, 'target': 245}, {'source': 152, 'target': 129}, {'source': 154, 'target': 21}, {'source': 154, 'target': 5}, {'source': 155, 'target': 215}, {'source': 155, 'target': 280}, {'source': 156, 'target': 67}, {'source': 156, 'target': 9}, {'source': 160, 'target': 150}, {'source': 161, 'target': 282}, {'source': 164, 'target': 204}, {'source': 165, 'target': 271}, {'source': 165, 'target': 136}, {'source': 168, 'target': 23}, {'source': 169, 'target': 47}, {'source': 169, 'target': 86}, {'source': 170, 'target': 192}, {'source': 170, 'target': 171}, {'source': 171, 'target': 195}, {'source': 171, 'target': 237}, {'source': 173, 'target': 20}, {'source': 174, 'target': 119}, {'source': 174, 'target': 87}, {'source': 176, 'target': 48}, {'source': 176, 'target': 95}, {'source': 176, 'target': 108}, {'source': 176, 'target': 85}, {'source': 177, 'target': 263}, {'source': 178, 'target': 8}, {'source': 178, 'target': 153}, {'source': 179, 'target': 261}, {'source': 181, 'target': 124}, {'source': 184, 'target': 200}, {'source': 185, 'target': 71}, {'source': 186, 'target': 182}, {'source': 187, 'target': 227}, {'source': 187, 'target': 190}, {'source': 190, 'target': 205}, {'source': 191, 'target': 291}, {'source': 191, 'target': 259}, {'source': 193, 'target': 40}, {'source': 197, 'target': 36}, {'source': 197, 'target': 140}, {'source': 197, 'target': 91}, {'source': 197, 'target': 258}, {'source': 199, 'target': 7}, {'source': 201, 'target': 120}, {'source': 201, 'target': 139}, {'source': 201, 'target': 197}, {'source': 202, 'target': 89}, {'source': 202, 'target': 96}, {'source': 203, 'target': 156}, {'source': 204, 'target': 3}, {'source': 204, 'target': 279}, {'source': 205, 'target': 81}, {'source': 205, 'target': 224}, {'source': 205, 'target': 212}, {'source': 209, 'target': 170}, {'source': 211, 'target': 173}, {'source': 212, 'target': 0}, {'source': 214, 'target': 57}, {'source': 214, 'target': 46}, {'source': 215, 'target': 260}, {'source': 216, 'target': 285}, {'source': 217, 'target': 196}, {'source': 217, 'target': 11}, {'source': 218, 'target': 77}, {'source': 219, 'target': 248}, {'source': 219, 'target': 126}, {'source': 222, 'target': 281}, {'source': 222, 'target': 161}, {'source': 223, 'target': 6}, {'source': 223, 'target': 290}, {'source': 223, 'target': 219}, {'source': 224, 'target': 167}, {'source': 224, 'target': 243}, {'source': 228, 'target': 39}, {'source': 229, 'target': 10}, {'source': 229, 'target': 294}, {'source': 230, 'target': 88}, {'source': 230, 'target': 78}, {'source': 230, 'target': 130}, {'source': 232, 'target': 178}, {'source': 232, 'target': 74}, {'source': 232, 'target': 29}, {'source': 233, 'target': 122}, {'source': 234, 'target': 26}, {'source': 238, 'target': 252}, {'source': 242, 'target': 208}, {'source': 244, 'target': 84}, {'source': 246, 'target': 158}, {'source': 246, 'target': 214}, {'source': 249, 'target': 222}, {'source': 250, 'target': 128}, {'source': 250, 'target': 148}, {'source': 253, 'target': 262}, {'source': 254, 'target': 110}, {'source': 257, 'target': 114}, {'source': 258, 'target': 82}, {'source': 259, 'target': 143}, {'source': 259, 'target': 138}, {'source': 260, 'target': 98}, {'source': 260, 'target': 240}, {'source': 261, 'target': 79}, {'source': 262, 'target': 53}, {'source': 262, 'target': 72}, {'source': 263, 'target': 121}, {'source': 263, 'target': 225}, {'source': 263, 'target': 249}, {'source': 265, 'target': 35}, {'source': 269, 'target': 266}, {'source': 269, 'target': 185}, {'source': 269, 'target': 179}, {'source': 270, 'target': 30}, {'source': 270, 'target': 115}, {'source': 271, 'target': 154}, {'source': 272, 'target': 181}, {'source': 273, 'target': 187}, {'source': 274, 'target': 14}, {'source': 275, 'target': 16}, {'source': 276, 'target': 31}, {'source': 276, 'target': 235}, {'source': 276, 'target': 155}, {'source': 277, 'target': 201}, {'source': 278, 'target': 52}, {'source': 278, 'target': 174}, {'source': 279, 'target': 265}, {'source': 279, 'target': 54}, {'source': 280, 'target': 17}, {'source': 281, 'target': 68}, {'source': 281, 'target': 133}, {'source': 282, 'target': 44}, {'source': 282, 'target': 112}, {'source': 284, 'target': 146}, {'source': 285, 'target': 268}, {'source': 286, 'target': 60}, {'source': 286, 'target': 118}, {'source': 286, 'target': 132}, {'source': 286, 'target': 145}, {'source': 286, 'target': 166}, {'source': 286, 'target': 194}, {'source': 290, 'target': 111}, {'source': 291, 'target': 4}, {'source': 292, 'target': 38}, {'source': 293, 'target': 189}, {'source': 293, 'target': 221}, {'source': 293, 'target': 254}, {'source': 294, 'target': 13}, {'source': 294, 'target': 76}, {'source': 294, 'target': 250}, {'source': 295, 'target': 1}, {'source': 296, 'target': 207}, {'source': 297, 'target': 62}, {'source': 298, 'target': 202}, {'source': 299, 'target': 193}, {'source': 299, 'target': 64}]}",50
"{'directed': True, 'multigraph': False, 'graph': {}, 'nodes': [{'id': 0}, {'id': 1}, {'id': 2}, {'id': 3}, {'id': 4}, {'id': 5}, {'id': 6}, {'id': 7}, {'id': 8}, {'id': 9}, {'id': 10}, {'id': 11}, {'id': 12}, {'id': 13}, {'id': 14}, {'id': 15}, {'id': 16}, {'id': 17}, {'id': 18}, {'id': 19}, {'id': 20}, {'id': 21}, {'id': 22}, {'id': 23}, {'id': 24}, {'id': 25}, {'id': 26}, {'id': 27}, {'id': 28}, {'id': 29}, {'id': 30}, {'id': 31}, {'id': 32}, {'id': 33}, {'id': 34}, {'id': 35}, {'id': 36}, {'id': 37}, {'id': 38}, {'id': 39}, {'id': 40}, {'id': 41}, {'id': 42}, {'id': 43}, {'id': 44}, {'id': 45}, {'id': 46}, {'id': 47}, {'id': 48}, {'id': 49}, {'id': 50}, {'id': 51}, {'id': 52}, {'id': 53}, {'id': 54}, {'id': 55}, {'id': 56}, {'id': 57}, {'id': 58}, {'id': 59}, {'id': 60}, {'id': 61}, {'id': 62}, {'id': 63}, {'id': 64}, {'id': 65}, {'id': 66}, {'id': 67}, {'id': 68}, {'id': 69}, {'id': 70}, {'id': 71}, {'id': 72}, {'id': 73}, {'id': 74}, {'id': 75}, {'id': 76}, {'id': 77}, {'id': 78}, {'id': 79}, {'id': 80}, {'id': 81}, {'id': 82}, {'id': 83}, {'id': 84}, {'id': 85}, {'id': 86}, {'id': 87}, {'id': 88}, {'id': 89}, {'id': 90}, {'id': 91}, {'id': 92}, {'id': 93}, {'id': 94}, {'id': 95}, {'id': 96}, {'id': 97}, {'id': 98}, {'id': 99}, {'id': 100}, {'id': 101}, {'id': 102}, {'id': 103}, {'id': 104}, {'id': 105}, {'id': 106}, {'id': 107}, {'id': 108}, {'id': 109}, {'id': 110}, {'id': 111}, {'id': 112}, {'id': 113}, {'id': 114}, {'id': 115}, {'id': 116}, {'id': 117}, {'id': 118}, {'id': 119}, {'id': 120}, {'id': 121}, {'id': 122}, {'id': 123}, {'id': 124}, {'id': 125}, {'id': 126}, {'id': 127}, {'id': 128}, {'id': 129}, {'id': 130}, {'id': 131}, {'id': 132}, {'id': 133}, {'id': 134}, {'id': 135}, {'id': 136}, {'id': 137}, {'id': 138}, {'id': 139}, {'id': 140}, {'id': 141}, {'id': 142}, {'id': 143}, {'id': 144}, {'id': 145}, {'id': 146}, {'id': 147}, {'id': 148}, {'id': 149}, {'id': 150}, {'id': 151}, {'id': 152}, {'id': 153}, {'id': 154}, {'id': 155}, {'id': 156}, {'id': 157}, {'id': 158}, {'id': 159}, {'id': 160}, {'id': 161}, {'id': 162}, {'id': 163}, {'id': 164}, {'id': 165}, {'id': 166}, {'id': 167}, {'id': 168}, {'id': 169}, {'id': 170}, {'id': 171}, {'id': 172}, {'id': 173}, {'id': 174}, {'id': 175}, {'id': 176}, {'id': 177}, {'id': 178}, {'id': 179}, {'id': 180}, {'id': 181}, {'id': 182}, {'id': 183}, {'id': 184}, {'id': 185}, {'id': 186}, {'id': 187}, {'id': 188}, {'id': 189}, {'id': 190}, {'id': 191}, {'id': 192}, {'id': 193}, {'id': 194}, {'id': 195}, {'id': 196}, {'id': 197}, {'id': 198}, {'id': 199}, {'id': 200}, {'id': 201}, {'id': 202}, {'id': 203}, {'id': 204}, {'id': 205}, {'id': 206}, {'id': 207}, {'id': 208}, {'id': 209}, {'id': 210}, {'id': 211}, {'id': 212}, {'id': 213}, {'id': 214}, {'id': 215}, {'id': 216}, {'id': 217}, {'id': 218}, {'id': 219}, {'id': 220}, {'id': 221}, {'id': 222}, {'id': 223}, {'id': 224}, {'id': 225}, {'id': 226}, {'id': 227}, {'id': 228}, {'id': 229}, {'id': 230}, {'id': 231}, {'id': 232}, {'id': 233}, {'id': 234}, {'id': 235}, {'id': 236}, {'id': 237}, {'id': 238}, {'id': 239}, {'id': 240}, {'id': 241}, {'id': 242}, {'id': 243}, {'id': 244}, {'id': 245}, {'id': 246}, {'id': 247}, {'id': 248}, {'id': 249}, {'id': 250}, {'id': 251}, {'id': 252}, {'id': 253}, {'id': 254}, {'id': 255}, {'id': 256}, {'id': 257}, {'id': 258}, {'id': 259}, {'id': 260}, {'id': 261}, {'id': 262}, {'id': 263}, {'id': 264}, {'id': 265}, {'id': 266}, {'id': 267}, {'id': 268}, {'id': 269}, {'id': 270}, {'id': 271}, {'id': 272}, {'id': 273}, {'id': 274}, {'id': 275}, {'id': 276}, {'id': 277}, {'id': 278}, {'id': 279}, {'id': 280}, {'id': 281}, {'id': 282}, {'id': 283}, {'id': 284}, {'id': 285}, {'id': 286}, {'id': 287}, {'id': 288}, {'id': 289}, {'id': 290}, {'id': 291}, {'id': 292}, {'id': 293}, {'id': 294}, {'id': 295}, {'id': 296}, {'id': 297}, {'id': 298}, {'id': 299}], 'links': [{'source': 2, 'target': 56}, {'source': 3, 'target': 236}, {'source': 5, 'target': 74}, {'source': 5, 'target': 100}, {'source': 12, 'target': 278}, {'source': 13, 'target': 16}, {'source': 13, 'target': 152}, {'source': 14, 'target': 206}, {'source': 14, 'target': 32}, {'source': 16, 'target': 197}, {'source': 17, 'target': 251}, {'source': 21, 'target': 165}, {'source': 21, 'target': 109}, {'source': 23, 'target': 20}, {'source': 23, 'target': 77}, {'source': 26, 'target': 141}, {'source': 27, 'target': 149}, {'source': 27, 'target': 295}, {'source': 28, 'target': 154}, {'source': 29, 'target': 67}, {'source': 29, 'target': 70}, {'source': 30, 'target': 94}, {'source': 31, 'target': 199}, {'source': 32, 'target': 238}, {'source': 32, 'target': 42}, {'source': 33, 'target': 137}, {'source': 33, 'target': 248}, {'source': 34, 'target': 11}, {'source': 34, 'target': 253}, {'source': 35, 'target': 90}, {'source': 35, 'target': 190}, {'source': 39, 'target': 200}, {'source': 39, 'target': 40}, {'source': 40, 'target': 114}, {'source': 41, 'target': 44}, {'source': 41, 'target': 35}, {'source': 41, 'target': 223}, {'source': 41, 'target': 265}, {'source': 41, 'target': 158}, {'source': 42, 'target': 107}, {'source': 43, 'target': 231}, {'source': 45, 'target': 168}, {'source': 46, 'target': 235}, {'source': 46, 'target': 245}, {'source': 46, 'target': 144}, {'source': 46, 'target': 267}, {'source': 47, 'target': 212}, {'source': 51, 'target': 202}, {'source': 53, 'target': 0}, {'source': 56, 'target': 60}, {'source': 57, 'target': 214}, {'source': 57, 'target': 175}, {'source': 58, 'target': 273}, {'source': 59, 'target': 216}, {'source': 60, 'target': 71}, {'source': 61, 'target': 121}, {'source': 62, 'target': 36}, {'source': 62, 'target': 125}, {'source': 62, 'target': 191}, {'source': 63, 'target': 122}, {'source': 64, 'target': 289}, {'source': 65, 'target': 15}, {'source': 65, 'target': 204}, {'source': 65, 'target': 113}, {'source': 66, 'target': 86}, {'source': 68, 'target': 138}, {'source': 69, 'target': 89}, {'source': 69, 'target': 293}, {'source': 71, 'target': 134}, {'source': 73, 'target': 17}, {'source': 74, 'target': 10}, {'source': 75, 'target': 43}, {'source': 76, 'target': 2}, {'source': 77, 'target': 218}, {'source': 77, 'target': 280}, {'source': 79, 'target': 62}, {'source': 81, 'target': 96}, {'source': 82, 'target': 185}, {'source': 84, 'target': 274}, {'source': 85, 'target': 292}, {'source': 86, 'target': 53}, {'source': 88, 'target': 177}, {'source': 90, 'target': 174}, {'source': 90, 'target': 31}, {'source': 92, 'target': 72}, {'source': 92, 'target': 258}, {'source': 92, 'target': 266}, {'source': 93, 'target': 48}, {'source': 93, 'target': 145}, {'source': 94, 'target': 112}, {'source': 95, 'target': 73}, {'source': 96, 'target': 179}, {'source': 97, 'target': 12}, {'source': 98, 'target': 117}, {'source': 98, 'target': 275}, {'source': 100, 'target': 291}, {'source': 101, 'target': 189}, {'source': 102, 'target': 124}, {'source': 103, 'target': 143}, {'source': 103, 'target': 115}, {'source': 104, 'target': 106}, {'source': 104, 'target': 103}, {'source': 105, 'target': 259}, {'source': 106, 'target': 142}, {'source': 107, 'target': 150}, {'source': 107, 'target': 76}, {'source': 107, 'target': 162}, {'source': 109, 'target': 18}, {'source': 109, 'target': 91}, {'source': 109, 'target': 285}, {'source': 110, 'target': 21}, {'source': 110, 'target': 277}, {'source': 112, 'target': 239}, {'source': 113, 'target': 140}, {'source': 114, 'target': 294}, {'source': 115, 'target': 22}, {'source': 115, 'target': 82}, {'source': 116, 'target': 237}, {'source': 117, 'target': 130}, {'source': 118, 'target': 252}, {'source': 118, 'target': 85}, {'source': 118, 'target': 170}, {'source': 120, 'target': 211}, {'source': 126, 'target': 63}, {'source': 127, 'target': 228}, {'source': 127, 'target': 69}, {'source': 129, 'target': 153}, {'source': 129, 'target': 155}, {'source': 131, 'target': 65}, {'source': 133, 'target': 272}, {'source': 134, 'target': 8}, {'source': 134, 'target': 182}, {'source': 135, 'target': 54}, {'source': 136, 'target': 46}, {'source': 136, 'target': 205}, {'source': 137, 'target': 176}, {'source': 138, 'target': 181}, {'source': 140, 'target': 23}, {'source': 141, 'target': 215}, {'source': 141, 'target': 3}, {'source': 141, 'target': 219}, {'source': 142, 'target': 37}, {'source': 144, 'target': 260}, {'source': 146, 'target': 66}, {'source': 148, 'target': 187}, {'source': 151, 'target': 161}, {'source': 152, 'target': 281}, {'source': 157, 'target': 256}, {'source': 158, 'target': 45}, {'source': 158, 'target': 118}, {'source': 159, 'target': 180}, {'source': 159, 'target': 116}, {'source': 161, 'target': 1}, {'source': 162, 'target': 99}, {'source': 162, 'target': 27}, {'source': 162, 'target': 75}, {'source': 165, 'target': 123}, {'source': 165, 'target': 217}, {'source': 167, 'target': 6}, {'source': 168, 'target': 84}, {'source': 169, 'target': 186}, {'source': 170, 'target': 269}, {'source': 170, 'target': 282}, {'source': 171, 'target': 163}, {'source': 171, 'target': 131}, {'source': 174, 'target': 139}, {'source': 175, 'target': 184}, {'source': 175, 'target': 242}, {'source': 175, 'target': 240}, {'source': 177, 'target': 166}, {'source': 177, 'target': 221}, {'source': 180, 'target': 55}, {'source': 180, 'target': 128}, {'source': 181, 'target': 104}, {'source': 182, 'target': 279}, {'source': 182, 'target': 241}, {'source': 185, 'target': 255}, {'source': 186, 'target': 50}, {'source': 186, 'target': 160}, {'source': 186, 'target': 271}, {'source': 187, 'target': 126}, {'source': 188, 'target': 5}, {'source': 189, 'target': 243}, {'source': 190, 'target': 105}, {'source': 191, 'target': 167}, {'source': 192, 'target': 26}, {'source': 196, 'target': 249}, {'source': 196, 'target': 262}, {'source': 196, 'target': 210}, {'source': 199, 'target': 209}, {'source': 199, 'target': 250}, {'source': 199, 'target': 157}, {'source': 201, 'target': 52}, {'source': 201, 'target': 196}, {'source': 202, 'target': 97}, {'source': 204, 'target': 29}, {'source': 204, 'target': 81}, {'source': 205, 'target': 247}, {'source': 207, 'target': 129}, {'source': 207, 'target': 192}, {'source': 208, 'target': 93}, {'source': 209, 'target': 119}, {'source': 209, 'target': 88}, {'source': 210, 'target': 28}, {'source': 210, 'target': 98}, {'source': 211, 'target': 173}, {'source': 211, 'target': 297}, {'source': 213, 'target': 146}, {'source': 215, 'target': 203}, {'source': 216, 'target': 171}, {'source': 216, 'target': 283}, {'source': 218, 'target': 68}, {'source': 219, 'target': 151}, {'source': 219, 'target': 287}, {'source': 219, 'target': 136}, {'source': 220, 'target': 101}, {'source': 221, 'target': 25}, {'source': 221, 'target': 230}, {'source': 222, 'target': 244}, {'source': 223, 'target': 133}, {'source': 225, 'target': 164}, {'source': 225, 'target': 110}, {'source': 226, 'target': 61}, {'source': 226, 'target': 95}, {'source': 226, 'target': 34}, {'source': 227, 'target': 264}, {'source': 229, 'target': 270}, {'source': 231, 'target': 47}, {'source': 231, 'target': 298}, {'source': 232, 'target': 169}, {'source': 232, 'target': 296}, {'source': 233, 'target': 51}, {'source': 234, 'target': 224}, {'source': 234, 'target': 261}, {'source': 234, 'target': 233}, {'source': 234, 'target': 13}, {'source': 236, 'target': 193}, {'source': 236, 'target': 159}, {'source': 238, 'target': 135}, {'source': 238, 'target': 226}, {'source': 239, 'target': 213}, {'source': 240, 'target': 9}, {'source': 240, 'target': 92}, {'source': 241, 'target': 229}, {'source': 241, 'target': 64}, {'source': 241, 'target': 33}, {'source': 246, 'target': 232}, {'source': 246, 'target': 288}, {'source': 247, 'target': 254}, {'source': 248, 'target': 188}, {'source': 249, 'target': 19}, {'source': 249, 'target': 87}, {'source': 254, 'target': 41}, {'source': 255, 'target': 4}, {'source': 256, 'target': 132}, {'source': 257, 'target': 208}, {'source': 257, 'target': 286}, {'source': 259, 'target': 83}, {'source': 260, 'target': 30}, {'source': 262, 'target': 57}, {'source': 263, 'target': 257}, {'source': 264, 'target': 290}, {'source': 265, 'target': 178}, {'source': 265, 'target': 227}, {'source': 268, 'target': 108}, {'source': 268, 'target': 127}, {'source': 270, 'target': 147}, {'source': 271, 'target': 222}, {'source': 273, 'target': 263}, {'source': 273, 'target': 246}, {'source': 275, 'target': 198}, {'source': 276, 'target': 38}, {'source': 276, 'target': 172}, {'source': 277, 'target': 183}, {'source': 277, 'target': 284}, {'source': 279, 'target': 78}, {'source': 279, 'target': 111}, {'source': 280, 'target': 195}, {'source': 280, 'target': 201}, {'source': 282, 'target': 156}, {'source': 282, 'target': 299}, {'source': 283, 'target': 80}, {'source': 284, 'target': 59}, {'source': 284, 'target': 120}, {'source': 286, 'target': 234}, {'source': 288, 'target': 207}, {'source': 290, 'target': 220}, {'source': 290, 'target': 14}, {'source': 292, 'target': 24}, {'source': 293, 'target': 148}, {'source': 293, 'target': 79}, {'source': 294, 'target': 7}, {'source': 296, 'target': 49}, {'source': 296, 'target': 102}, {'source': 296, 'target': 276}, {'source': 296, 'target': 225}, {'source': 297, 'target': 268}, {'source': 298, 'target': 194}, {'source': 298, 'target': 39}]}",50
"{'directed': True, 'multigraph': False, 'graph': {}, 'nodes': [{'id': 0}, {'id': 1}, {'id': 2}, {'id': 3}, {'id': 4}, {'id': 5}, {'id': 6}, {'id': 7}, {'id': 8}, {'id': 9}, {'id': 10}, {'id': 11}, {'id': 12}, {'id': 13}, {'id': 14}, {'id': 15}, {'id': 16}, {'id': 17}, {'id': 18}, {'id': 19}, {'id': 20}, {'id': 21}, {'id': 22}, {'id': 23}, {'id': 24}, {'id': 25}, {'id': 26}, {'id': 27}, {'id': 28}, {'id': 29}, {'id': 30}, {'id': 31}, {'id': 32}, {'id': 33}, {'id': 34}, {'id': 35}, {'id': 36}, {'id': 37}, {'id': 38}, {'id': 39}, {'id': 40}, {'id': 41}, {'id': 42}, {'id': 43}, {'id': 44}, {'id': 45}, {'id': 46}, {'id': 47}, {'id': 48}, {'id': 49}, {'id': 50}, {'id': 51}, {'id': 52}, {'id': 53}, {'id': 54}, {'id': 55}, {'id': 56}, {'id': 57}, {'id': 58}, {'id': 59}, {'id': 60}, {'id': 61}, {'id': 62}, {'id': 63}, {'id': 64}, {'id': 65}, {'id': 66}, {'id': 67}, {'id': 68}, {'id': 69}, {'id': 70}, {'id': 71}, {'id': 72}, {'id': 73}, {'id': 74}, {'id': 75}, {'id': 76}, {'id': 77}, {'id': 78}, {'id': 79}, {'id': 80}, {'id': 81}, {'id': 82}, {'id': 83}, {'id': 84}, {'id': 85}, {'id': 86}, {'id': 87}, {'id': 88}, {'id': 89}, {'id': 90}, {'id': 91}, {'id': 92}, {'id': 93}, {'id': 94}, {'id': 95}, {'id': 96}, {'id': 97}, {'id': 98}, {'id': 99}, {'id': 100}, {'id': 101}, {'id': 102}, {'id': 103}, {'id': 104}, {'id': 105}, {'id': 106}, {'id': 107}, {'id': 108}, {'id': 109}, {'id': 110}, {'id': 111}, {'id': 112}, {'id': 113}, {'id': 114}, {'id': 115}, {'id': 116}, {'id': 117}, {'id': 118}, {'id': 119}, {'id': 120}, {'id': 121}, {'id': 122}, {'id': 123}, {'id': 124}, {'id': 125}, {'id': 126}, {'id': 127}, {'id': 128}, {'id': 129}, {'id': 130}, {'id': 131}, {'id': 132}, {'id': 133}, {'id': 134}, {'id': 135}, {'id': 136}, {'id': 137}, {'id': 138}, {'id': 139}, {'id': 140}, {'id': 141}, {'id': 142}, {'id': 143}, {'id': 144}, {'id': 145}, {'id': 146}, {'id': 147}, {'id': 148}, {'id': 149}, {'id': 150}, {'id': 151}, {'id': 152}, {'id': 153}, {'id': 154}, {'id': 155}, {'id': 156}, {'id': 157}, {'id': 158}, {'id': 159}, {'id': 160}, {'id': 161}, {'id': 162}, {'id': 163}, {'id': 164}, {'id': 165}, {'id': 166}, {'id': 167}, {'id': 168}, {'id': 169}, {'id': 170}, {'id': 171}, {'id': 172}, {'id': 173}, {'id': 174}, {'id': 175}, {'id': 176}, {'id': 177}, {'id': 178}, {'id': 179}, {'id': 180}, {'id': 181}, {'id': 182}, {'id': 183}, {'id': 184}, {'id': 185}, {'id': 186}, {'id': 187}, {'id': 188}, {'id': 189}, {'id': 190}, {'id': 191}, {'id': 192}, {'id': 193}, {'id': 194}, {'id': 195}, {'id': 196}, {'id': 197}, {'id': 198}, {'id': 199}, {'id': 200}, {'id': 201}, {'id': 202}, {'id': 203}, {'id': 204}, {'id': 205}, {'id': 206}, {'id': 207}, {'id': 208}, {'id': 209}, {'id': 210}, {'id': 211}, {'id': 212}, {'id': 213}, {'id': 214}, {'id': 215}, {'id': 216}, {'id': 217}, {'id': 218}, {'id': 219}, {'id': 220}, {'id': 221}, {'id': 222}, {'id': 223}, {'id': 224}, {'id': 225}, {'id': 226}, {'id': 227}, {'id': 228}, {'id': 229}, {'id': 230}, {'id': 231}, {'id': 232}, {'id': 233}, {'id': 234}, {'id': 235}, {'id': 236}, {'id': 237}, {'id': 238}, {'id': 239}, {'id': 240}, {'id': 241}, {'id': 242}, {'id': 243}, {'id': 244}, {'id': 245}, {'id': 246}, {'id': 247}, {'id': 248}, {'id': 249}, {'id': 250}, {'id': 251}, {'id': 252}, {'id': 253}, {'id': 254}, {'id': 255}, {'id': 256}, {'id': 257}, {'id': 258}, {'id': 259}, {'id': 260}, {'id': 261}, {'id': 262}, {'id': 263}, {'id': 264}, {'id': 265}, {'id': 266}, {'id': 267}, {'id': 268}, {'id': 269}, {'id': 270}, {'id': 271}, {'id': 272}, {'id': 273}, {'id': 274}, {'id': 275}, {'id': 276}, {'id': 277}, {'id': 278}, {'id': 279}, {'id': 280}, {'id': 281}, {'id': 282}, {'id': 283}, {'id': 284}, {'id': 285}, {'id': 286}, {'id': 287}, {'id': 288}, {'id': 289}, {'id': 290}, {'id': 291}, {'id': 292}, {'id': 293}, {'id': 294}, {'id': 295}, {'id': 296}, {'id': 297}, {'id': 298}, {'id': 299}], 'links': [{'source': 0, 'target': 140}, {'source': 0, 'target': 174}, {'source': 1, 'target': 88}, {'source': 3, 'target': 81}, {'source': 3, 'target': 212}, {'source': 5, 'target': 165}, {'source': 5, 'target': 79}, {'source': 6, 'target': 246}, {'source': 7, 'target': 30}, {'source': 7, 'target': 219}, {'source': 10, 'target': 69}, {'source': 11, 'target': 280}, {'source': 11, 'target': 297}, {'source': 12, 'target': 196}, {'source': 13, 'target': 25}, {'source': 13, 'target': 144}, {'source': 14, 'target': 125}, {'source': 18, 'target': 247}, {'source': 19, 'target': 27}, {'source': 19, 'target': 129}, {'source': 19, 'target': 242}, {'source': 20, 'target': 51}, {'source': 21, 'target': 2}, {'source': 21, 'target': 241}, {'source': 22, 'target': 171}, {'source': 31, 'target': 152}, {'source': 32, 'target': 101}, {'source': 32, 'target': 126}, {'source': 33, 'target': 127}, {'source': 33, 'target': 230}, {'source': 34, 'target': 142}, {'source': 36, 'target': 207}, {'source': 37, 'target': 17}, {'source': 37, 'target': 175}, {'source': 42, 'target': 279}, {'source': 43, 'target': 100}, {'source': 43, 'target': 244}, {'source': 46, 'target': 240}, {'source': 51, 'target': 74}, {'source': 52, 'target': 104}, {'source': 52, 'target': 236}, {'source': 55, 'target': 249}, {'source': 55, 'target': 289}, {'source': 56, 'target': 273}, {'source': 58, 'target': 32}, {'source': 58, 'target': 221}, {'source': 58, 'target': 72}, {'source': 59, 'target': 35}, {'source': 59, 'target': 7}, {'source': 59, 'target': 58}, {'source': 60, 'target': 250}, {'source': 61, 'target': 119}, {'source': 62, 'target': 56}, {'source': 63, 'target': 102}, {'source': 63, 'target': 275}, {'source': 63, 'target': 172}, {'source': 67, 'target': 95}, {'source': 67, 'target': 278}, {'source': 67, 'target': 94}, {'source': 69, 'target': 135}, {'source': 69, 'target': 168}, {'source': 70, 'target': 63}, {'source': 70, 'target': 201}, {'source': 71, 'target': 182}, {'source': 71, 'target': 229}, {'source': 72, 'target': 226}, {'source': 73, 'target': 173}, {'source': 73, 'target': 177}, {'source': 74, 'target': 75}, {'source': 75, 'target': 114}, {'source': 75, 'target': 238}, {'source': 76, 'target': 206}, {'source': 77, 'target': 85}, {'source': 78, 'target': 92}, {'source': 78, 'target': 61}, {'source': 79, 'target': 78}, {'source': 85, 'target': 287}, {'source': 86, 'target': 36}, {'source': 87, 'target': 264}, {'source': 88, 'target': 262}, {'source': 89, 'target': 211}, {'source': 89, 'target': 19}, {'source': 89, 'target': 284}, {'source': 91, 'target': 113}, {'source': 91, 'target': 62}, {'source': 93, 'target': 122}, {'source': 94, 'target': 82}, {'source': 94, 'target': 286}, {'source': 94, 'target': 169}, {'source': 96, 'target': 214}, {'source': 97, 'target': 149}, {'source': 97, 'target': 267}, {'source': 98, 'target': 83}, {'source': 100, 'target': 41}, {'source': 103, 'target': 3}, {'source': 108, 'target': 111}, {'source': 109, 'target': 187}, {'source': 110, 'target': 99}, {'source': 111, 'target': 222}, {'source': 113, 'target': 120}, {'source': 113, 'target': 272}, {'source': 113, 'target': 292}, {'source': 114, 'target': 194}, {'source': 115, 'target': 31}, {'source': 115, 'target': 235}, {'source': 116, 'target': 134}, {'source': 117, 'target': 48}, {'source': 118, 'target': 141}, {'source': 118, 'target': 70}, {'source': 119, 'target': 199}, {'source': 119, 'target': 21}, {'source': 121, 'target': 14}, {'source': 122, 'target': 49}, {'source': 122, 'target': 270}, {'source': 122, 'target': 285}, {'source': 124, 'target': 295}, {'source': 125, 'target': 110}, {'source': 125, 'target': 170}, {'source': 126, 'target': 205}, {'source': 127, 'target': 60}, {'source': 128, 'target': 150}, {'source': 132, 'target': 191}, {'source': 133, 'target': 71}, {'source': 134, 'target': 112}, {'source': 134, 'target': 190}, {'source': 136, 'target': 195}, {'source': 138, 'target': 66}, {'source': 138, 'target': 180}, {'source': 138, 'target': 0}, {'source': 142, 'target': 184}, {'source': 142, 'target': 193}, {'source': 142, 'target': 115}, {'source': 143, 'target': 209}, {'source': 144, 'target': 232}, {'source': 146, 'target': 164}, {'source': 146, 'target': 154}, {'source': 147, 'target': 54}, {'source': 147, 'target': 239}, {'source': 150, 'target': 6}, {'source': 150, 'target': 67}, {'source': 151, 'target': 73}, {'source': 151, 'target': 188}, {'source': 152, 'target': 90}, {'source': 153, 'target': 15}, {'source': 153, 'target': 157}, {'source': 154, 'target': 128}, {'source': 157, 'target': 233}, {'source': 158, 'target': 253}, {'source': 159, 'target': 123}, {'source': 159, 'target': 181}, {'source': 160, 'target': 26}, {'source': 160, 'target': 57}, {'source': 160, 'target': 271}, {'source': 161, 'target': 166}, {'source': 161, 'target': 89}, {'source': 163, 'target': 45}, {'source': 163, 'target': 34}, {'source': 163, 'target': 91}, {'source': 166, 'target': 38}, {'source': 166, 'target': 189}, {'source': 167, 'target': 153}, {'source': 169, 'target': 55}, {'source': 170, 'target': 76}, {'source': 172, 'target': 68}, {'source': 172, 'target': 276}, {'source': 172, 'target': 133}, {'source': 174, 'target': 159}, {'source': 177, 'target': 200}, {'source': 178, 'target': 9}, {'source': 179, 'target': 208}, {'source': 181, 'target': 80}, {'source': 181, 'target': 12}, {'source': 182, 'target': 16}, {'source': 182, 'target': 47}, {'source': 184, 'target': 162}, {'source': 186, 'target': 290}, {'source': 188, 'target': 186}, {'source': 192, 'target': 203}, {'source': 192, 'target': 248}, {'source': 192, 'target': 42}, {'source': 195, 'target': 50}, {'source': 195, 'target': 231}, {'source': 195, 'target': 237}, {'source': 195, 'target': 281}, {'source': 196, 'target': 39}, {'source': 197, 'target': 155}, {'source': 197, 'target': 103}, {'source': 197, 'target': 243}, {'source': 198, 'target': 46}, {'source': 200, 'target': 37}, {'source': 200, 'target': 269}, {'source': 201, 'target': 223}, {'source': 201, 'target': 77}, {'source': 202, 'target': 118}, {'source': 202, 'target': 299}, {'source': 204, 'target': 4}, {'source': 204, 'target': 53}, {'source': 204, 'target': 160}, {'source': 205, 'target': 139}, {'source': 206, 'target': 96}, {'source': 207, 'target': 107}, {'source': 207, 'target': 109}, {'source': 207, 'target': 43}, {'source': 210, 'target': 145}, {'source': 210, 'target': 20}, {'source': 212, 'target': 5}, {'source': 213, 'target': 131}, {'source': 213, 'target': 254}, {'source': 216, 'target': 18}, {'source': 218, 'target': 40}, {'source': 218, 'target': 106}, {'source': 219, 'target': 29}, {'source': 220, 'target': 22}, {'source': 220, 'target': 147}, {'source': 221, 'target': 215}, {'source': 221, 'target': 228}, {'source': 222, 'target': 216}, {'source': 222, 'target': 151}, {'source': 222, 'target': 11}, {'source': 222, 'target': 163}, {'source': 223, 'target': 282}, {'source': 224, 'target': 251}, {'source': 225, 'target': 24}, {'source': 225, 'target': 258}, {'source': 225, 'target': 293}, {'source': 225, 'target': 261}, {'source': 226, 'target': 28}, {'source': 226, 'target': 198}, {'source': 227, 'target': 298}, {'source': 229, 'target': 121}, {'source': 229, 'target': 204}, {'source': 229, 'target': 161}, {'source': 230, 'target': 158}, {'source': 230, 'target': 136}, {'source': 231, 'target': 176}, {'source': 231, 'target': 143}, {'source': 232, 'target': 197}, {'source': 232, 'target': 274}, {'source': 232, 'target': 294}, {'source': 233, 'target': 259}, {'source': 234, 'target': 156}, {'source': 234, 'target': 108}, {'source': 237, 'target': 52}, {'source': 237, 'target': 256}, {'source': 239, 'target': 255}, {'source': 239, 'target': 277}, {'source': 241, 'target': 44}, {'source': 241, 'target': 84}, {'source': 246, 'target': 252}, {'source': 247, 'target': 137}, {'source': 250, 'target': 1}, {'source': 251, 'target': 10}, {'source': 251, 'target': 192}, {'source': 252, 'target': 23}, {'source': 255, 'target': 65}, {'source': 255, 'target': 217}, {'source': 257, 'target': 283}, {'source': 259, 'target': 266}, {'source': 260, 'target': 183}, {'source': 260, 'target': 97}, {'source': 261, 'target': 296}, {'source': 262, 'target': 210}, {'source': 263, 'target': 185}, {'source': 266, 'target': 179}, {'source': 268, 'target': 260}, {'source': 269, 'target': 178}, {'source': 269, 'target': 132}, {'source': 270, 'target': 268}, {'source': 272, 'target': 263}, {'source': 272, 'target': 13}, {'source': 273, 'target': 64}, {'source': 273, 'target': 33}, {'source': 273, 'target': 227}, {'source': 276, 'target': 98}, {'source': 276, 'target': 213}, {'source': 276, 'target': 257}, {'source': 279, 'target': 117}, {'source': 279, 'target': 148}, {'source': 279, 'target': 225}, {'source': 280, 'target': 59}, {'source': 281, 'target': 130}, {'source': 281, 'target': 86}, {'source': 282, 'target': 218}, {'source': 282, 'target': 288}, {'source': 283, 'target': 265}, {'source': 286, 'target': 245}, {'source': 286, 'target': 167}, {'source': 286, 'target': 93}, {'source': 287, 'target': 291}, {'source': 288, 'target': 8}, {'source': 288, 'target': 138}, {'source': 289, 'target': 105}, {'source': 289, 'target': 202}, {'source': 291, 'target': 124}, {'source': 292, 'target': 224}, {'source': 293, 'target': 220}, {'source': 298, 'target': 116}, {'source': 298, 'target': 87}, {'source': 298, 'target': 146}]}",50
"{'directed': True, 'multigraph': False, 'graph': {}, 'nodes': [{'id': 0}, {'id': 1}, {'id': 2}, {'id': 3}, {'id': 4}, {'id': 5}, {'id': 6}, {'id': 7}, {'id': 8}, {'id': 9}, {'id': 10}, {'id': 11}, {'id': 12}, {'id': 13}, {'id': 14}, {'id': 15}, {'id': 16}, {'id': 17}, {'id': 18}, {'id': 19}, {'id': 20}, {'id': 21}, {'id': 22}, {'id': 23}, {'id': 24}, {'id': 25}, {'id': 26}, {'id': 27}, {'id': 28}, {'id': 29}, {'id': 30}, {'id': 31}, {'id': 32}, {'id': 33}, {'id': 34}, {'id': 35}, {'id': 36}, {'id': 37}, {'id': 38}, {'id': 39}, {'id': 40}, {'id': 41}, {'id': 42}, {'id': 43}, {'id': 44}, {'id': 45}, {'id': 46}, {'id': 47}, {'id': 48}, {'id': 49}, {'id': 50}, {'id': 51}, {'id': 52}, {'id': 53}, {'id': 54}, {'id': 55}, {'id': 56}, {'id': 57}, {'id': 58}, {'id': 59}, {'id': 60}, {'id': 61}, {'id': 62}, {'id': 63}, {'id': 64}, {'id': 65}, {'id': 66}, {'id': 67}, {'id': 68}, {'id': 69}, {'id': 70}, {'id': 71}, {'id': 72}, {'id': 73}, {'id': 74}, {'id': 75}, {'id': 76}, {'id': 77}, {'id': 78}, {'id': 79}, {'id': 80}, {'id': 81}, {'id': 82}, {'id': 83}, {'id': 84}, {'id': 85}, {'id': 86}, {'id': 87}, {'id': 88}, {'id': 89}, {'id': 90}, {'id': 91}, {'id': 92}, {'id': 93}, {'id': 94}, {'id': 95}, {'id': 96}, {'id': 97}, {'id': 98}, {'id': 99}, {'id': 100}, {'id': 101}, {'id': 102}, {'id': 103}, {'id': 104}, {'id': 105}, {'id': 106}, {'id': 107}, {'id': 108}, {'id': 109}, {'id': 110}, {'id': 111}, {'id': 112}, {'id': 113}, {'id': 114}, {'id': 115}, {'id': 116}, {'id': 117}, {'id': 118}, {'id': 119}, {'id': 120}, {'id': 121}, {'id': 122}, {'id': 123}, {'id': 124}, {'id': 125}, {'id': 126}, {'id': 127}, {'id': 128}, {'id': 129}, {'id': 130}, {'id': 131}, {'id': 132}, {'id': 133}, {'id': 134}, {'id': 135}, {'id': 136}, {'id': 137}, {'id': 138}, {'id': 139}, {'id': 140}, {'id': 141}, {'id': 142}, {'id': 143}, {'id': 144}, {'id': 145}, {'id': 146}, {'id': 147}, {'id': 148}, {'id': 149}, {'id': 150}, {'id': 151}, {'id': 152}, {'id': 153}, {'id': 154}, {'id': 155}, {'id': 156}, {'id': 157}, {'id': 158}, {'id': 159}, {'id': 160}, {'id': 161}, {'id': 162}, {'id': 163}, {'id': 164}, {'id': 165}, {'id': 166}, {'id': 167}, {'id': 168}, {'id': 169}, {'id': 170}, {'id': 171}, {'id': 172}, {'id': 173}, {'id': 174}, {'id': 175}, {'id': 176}, {'id': 177}, {'id': 178}, {'id': 179}, {'id': 180}, {'id': 181}, {'id': 182}, {'id': 183}, {'id': 184}, {'id': 185}, {'id': 186}, {'id': 187}, {'id': 188}, {'id': 189}, {'id': 190}, {'id': 191}, {'id': 192}, {'id': 193}, {'id': 194}, {'id': 195}, {'id': 196}, {'id': 197}, {'id': 198}, {'id': 199}, {'id': 200}, {'id': 201}, {'id': 202}, {'id': 203}, {'id': 204}, {'id': 205}, {'id': 206}, {'id': 207}, {'id': 208}, {'id': 209}, {'id': 210}, {'id': 211}, {'id': 212}, {'id': 213}, {'id': 214}, {'id': 215}, {'id': 216}, {'id': 217}, {'id': 218}, {'id': 219}, {'id': 220}, {'id': 221}, {'id': 222}, {'id': 223}, {'id': 224}, {'id': 225}, {'id': 226}, {'id': 227}, {'id': 228}, {'id': 229}, {'id': 230}, {'id': 231}, {'id': 232}, {'id': 233}, {'id': 234}, {'id': 235}, {'id': 236}, {'id': 237}, {'id': 238}, {'id': 239}, {'id': 240}, {'id': 241}, {'id': 242}, {'id': 243}, {'id': 244}, {'id': 245}, {'id': 246}, {'id': 247}, {'id': 248}, {'id': 249}, {'id': 250}, {'id': 251}, {'id': 252}, {'id': 253}, {'id': 254}, {'id': 255}, {'id': 256}, {'id': 257}, {'id': 258}, {'id': 259}, {'id': 260}, {'id': 261}, {'id': 262}, {'id': 263}, {'id': 264}, {'id': 265}, {'id': 266}, {'id': 267}, {'id': 268}, {'id': 269}, {'id': 270}, {'id': 271}, {'id': 272}, {'id': 273}, {'id': 274}, {'id': 275}, {'id': 276}, {'id': 277}, {'id': 278}, {'id': 279}, {'id': 280}, {'id': 281}, {'id': 282}, {'id': 283}, {'id': 284}, {'id': 285}, {'id': 286}, {'id': 287}, {'id': 288}, {'id': 289}, {'id': 290}, {'id': 291}, {'id': 292}, {'id': 293}, {'id': 294}, {'id': 295}, {'id': 296}, {'id': 297}, {'id': 298}, {'id': 299}], 'links': [{'source': 0, 'target': 55}, {'source': 0, 'target': 199}, {'source': 1, 'target': 229}, {'source': 4, 'target': 71}, {'source': 5, 'target': 64}, {'source': 7, 'target': 270}, {'source': 7, 'target': 19}, {'source': 9, 'target': 124}, {'source': 10, 'target': 191}, {'source': 10, 'target': 286}, {'source': 11, 'target': 172}, {'source': 13, 'target': 72}, {'source': 14, 'target': 186}, {'source': 14, 'target': 288}, {'source': 15, 'target': 240}, {'source': 17, 'target': 53}, {'source': 19, 'target': 287}, {'source': 21, 'target': 276}, {'source': 21, 'target': 152}, {'source': 23, 'target': 247}, {'source': 25, 'target': 109}, {'source': 27, 'target': 267}, {'source': 28, 'target': 40}, {'source': 29, 'target': 33}, {'source': 29, 'target': 126}, {'source': 31, 'target': 129}, {'source': 31, 'target': 115}, {'source': 31, 'target': 44}, {'source': 31, 'target': 185}, {'source': 32, 'target': 192}, {'source': 32, 'target': 144}, {'source': 34, 'target': 155}, {'source': 34, 'target': 189}, {'source': 34, 'target': 122}, {'source': 34, 'target': 294}, {'source': 35, 'target': 13}, {'source': 36, 'target': 16}, {'source': 36, 'target': 233}, {'source': 36, 'target': 237}, {'source': 36, 'target': 163}, {'source': 36, 'target': 255}, {'source': 37, 'target': 141}, {'source': 38, 'target': 261}, {'source': 39, 'target': 225}, {'source': 39, 'target': 242}, {'source': 39, 'target': 177}, {'source': 42, 'target': 132}, {'source': 43, 'target': 94}, {'source': 44, 'target': 176}, {'source': 45, 'target': 83}, {'source': 48, 'target': 154}, {'source': 50, 'target': 21}, {'source': 52, 'target': 12}, {'source': 52, 'target': 47}, {'source': 57, 'target': 52}, {'source': 59, 'target': 6}, {'source': 59, 'target': 262}, {'source': 60, 'target': 56}, {'source': 60, 'target': 184}, {'source': 62, 'target': 2}, {'source': 62, 'target': 208}, {'source': 63, 'target': 226}, {'source': 65, 'target': 101}, {'source': 65, 'target': 218}, {'source': 65, 'target': 238}, {'source': 65, 'target': 248}, {'source': 66, 'target': 80}, {'source': 67, 'target': 279}, {'source': 67, 'target': 156}, {'source': 67, 'target': 293}, {'source': 69, 'target': 241}, {'source': 69, 'target': 245}, {'source': 70, 'target': 3}, {'source': 70, 'target': 46}, {'source': 73, 'target': 215}, {'source': 73, 'target': 149}, {'source': 74, 'target': 181}, {'source': 74, 'target': 179}, {'source': 75, 'target': 77}, {'source': 77, 'target': 268}, {'source': 77, 'target': 291}, {'source': 79, 'target': 253}, {'source': 79, 'target': 45}, {'source': 81, 'target': 123}, {'source': 83, 'target': 117}, {'source': 84, 'target': 112}, {'source': 84, 'target': 206}, {'source': 84, 'target': 136}, {'source': 85, 'target': 139}, {'source': 86, 'target': 131}, {'source': 87, 'target': 17}, {'source': 87, 'target': 198}, {'source': 88, 'target': 178}, {'source': 89, 'target': 98}, {'source': 91, 'target': 205}, {'source': 97, 'target': 137}, {'source': 97, 'target': 135}, {'source': 99, 'target': 66}, {'source': 100, 'target': 49}, {'source': 100, 'target': 29}, {'source': 101, 'target': 25}, {'source': 102, 'target': 256}, {'source': 103, 'target': 5}, {'source': 104, 'target': 188}, {'source': 104, 'target': 249}, {'source': 106, 'target': 90}, {'source': 108, 'target': 221}, {'source': 109, 'target': 76}, {'source': 111, 'target': 275}, {'source': 113, 'target': 158}, {'source': 115, 'target': 107}, {'source': 115, 'target': 209}, {'source': 115, 'target': 42}, {'source': 116, 'target': 168}, {'source': 116, 'target': 213}, {'source': 116, 'target': 59}, {'source': 117, 'target': 82}, {'source': 117, 'target': 217}, {'source': 117, 'target': 193}, {'source': 119, 'target': 61}, {'source': 119, 'target': 277}, {'source': 120, 'target': 200}, {'source': 120, 'target': 150}, {'source': 121, 'target': 68}, {'source': 121, 'target': 180}, {'source': 122, 'target': 201}, {'source': 122, 'target': 157}, {'source': 122, 'target': 32}, {'source': 123, 'target': 145}, {'source': 123, 'target': 259}, {'source': 124, 'target': 93}, {'source': 124, 'target': 119}, {'source': 125, 'target': 148}, {'source': 125, 'target': 284}, {'source': 127, 'target': 171}, {'source': 128, 'target': 100}, {'source': 128, 'target': 182}, {'source': 130, 'target': 142}, {'source': 131, 'target': 219}, {'source': 132, 'target': 37}, {'source': 132, 'target': 14}, {'source': 132, 'target': 65}, {'source': 133, 'target': 95}, {'source': 133, 'target': 258}, {'source': 134, 'target': 194}, {'source': 135, 'target': 260}, {'source': 136, 'target': 30}, {'source': 136, 'target': 11}, {'source': 139, 'target': 170}, {'source': 139, 'target': 292}, {'source': 141, 'target': 27}, {'source': 143, 'target': 183}, {'source': 144, 'target': 159}, {'source': 144, 'target': 231}, {'source': 145, 'target': 143}, {'source': 147, 'target': 26}, {'source': 149, 'target': 246}, {'source': 150, 'target': 273}, {'source': 151, 'target': 127}, {'source': 151, 'target': 190}, {'source': 152, 'target': 271}, {'source': 152, 'target': 85}, {'source': 153, 'target': 272}, {'source': 156, 'target': 41}, {'source': 156, 'target': 204}, {'source': 156, 'target': 63}, {'source': 156, 'target': 174}, {'source': 156, 'target': 210}, {'source': 157, 'target': 38}, {'source': 158, 'target': 265}, {'source': 159, 'target': 133}, {'source': 162, 'target': 130}, {'source': 163, 'target': 216}, {'source': 163, 'target': 254}, {'source': 164, 'target': 197}, {'source': 165, 'target': 128}, {'source': 169, 'target': 166}, {'source': 170, 'target': 165}, {'source': 172, 'target': 211}, {'source': 173, 'target': 43}, {'source': 174, 'target': 280}, {'source': 176, 'target': 89}, {'source': 176, 'target': 121}, {'source': 176, 'target': 296}, {'source': 177, 'target': 236}, {'source': 178, 'target': 295}, {'source': 178, 'target': 263}, {'source': 179, 'target': 58}, {'source': 179, 'target': 147}, {'source': 179, 'target': 299}, {'source': 180, 'target': 15}, {'source': 180, 'target': 75}, {'source': 183, 'target': 224}, {'source': 184, 'target': 269}, {'source': 185, 'target': 78}, {'source': 185, 'target': 88}, {'source': 188, 'target': 167}, {'source': 191, 'target': 51}, {'source': 191, 'target': 23}, {'source': 191, 'target': 116}, {'source': 193, 'target': 290}, {'source': 193, 'target': 67}, {'source': 194, 'target': 8}, {'source': 194, 'target': 250}, {'source': 195, 'target': 104}, {'source': 195, 'target': 81}, {'source': 199, 'target': 24}, {'source': 199, 'target': 28}, {'source': 199, 'target': 220}, {'source': 199, 'target': 97}, {'source': 200, 'target': 187}, {'source': 200, 'target': 113}, {'source': 202, 'target': 252}, {'source': 209, 'target': 9}, {'source': 210, 'target': 114}, {'source': 210, 'target': 257}, {'source': 210, 'target': 214}, {'source': 212, 'target': 35}, {'source': 214, 'target': 281}, {'source': 215, 'target': 70}, {'source': 221, 'target': 227}, {'source': 222, 'target': 103}, {'source': 223, 'target': 110}, {'source': 225, 'target': 91}, {'source': 225, 'target': 207}, {'source': 226, 'target': 278}, {'source': 228, 'target': 87}, {'source': 229, 'target': 239}, {'source': 230, 'target': 153}, {'source': 231, 'target': 92}, {'source': 231, 'target': 283}, {'source': 232, 'target': 146}, {'source': 232, 'target': 266}, {'source': 235, 'target': 160}, {'source': 235, 'target': 108}, {'source': 236, 'target': 7}, {'source': 236, 'target': 79}, {'source': 237, 'target': 196}, {'source': 238, 'target': 57}, {'source': 238, 'target': 0}, {'source': 242, 'target': 105}, {'source': 243, 'target': 125}, {'source': 243, 'target': 39}, {'source': 245, 'target': 222}, {'source': 245, 'target': 230}, {'source': 246, 'target': 102}, {'source': 246, 'target': 111}, {'source': 248, 'target': 20}, {'source': 248, 'target': 138}, {'source': 248, 'target': 34}, {'source': 249, 'target': 169}, {'source': 249, 'target': 173}, {'source': 249, 'target': 212}, {'source': 251, 'target': 99}, {'source': 255, 'target': 151}, {'source': 256, 'target': 164}, {'source': 256, 'target': 62}, {'source': 257, 'target': 202}, {'source': 259, 'target': 134}, {'source': 261, 'target': 69}, {'source': 263, 'target': 195}, {'source': 263, 'target': 274}, {'source': 264, 'target': 54}, {'source': 267, 'target': 264}, {'source': 268, 'target': 140}, {'source': 269, 'target': 234}, {'source': 272, 'target': 18}, {'source': 273, 'target': 106}, {'source': 273, 'target': 84}, {'source': 273, 'target': 10}, {'source': 274, 'target': 22}, {'source': 274, 'target': 232}, {'source': 274, 'target': 243}, {'source': 277, 'target': 73}, {'source': 280, 'target': 175}, {'source': 281, 'target': 161}, {'source': 282, 'target': 118}, {'source': 282, 'target': 86}, {'source': 284, 'target': 203}, {'source': 286, 'target': 228}, {'source': 286, 'target': 36}, {'source': 286, 'target': 282}, {'source': 287, 'target': 285}, {'source': 289, 'target': 31}, {'source': 290, 'target': 235}, {'source': 290, 'target': 50}, {'source': 291, 'target': 4}, {'source': 291, 'target': 60}, {'source': 291, 'target': 120}, {'source': 292, 'target': 251}, {'source': 293, 'target': 96}, {'source': 293, 'target': 223}, {'source': 293, 'target': 74}, {'source': 295, 'target': 48}, {'source': 296, 'target': 244}, {'source': 296, 'target': 297}, {'source': 296, 'target': 298}, {'source': 297, 'target': 1}, {'source': 299, 'target': 162}]}",100
"{'directed': True, 'multigraph': False, 'graph': {}, 'nodes': [{'id': 0}, {'id': 1}, {'id': 2}, {'id': 3}, {'id': 4}, {'id': 5}, {'id': 6}, {'id': 7}, {'id': 8}, {'id': 9}, {'id': 10}, {'id': 11}, {'id': 12}, {'id': 13}, {'id': 14}, {'id': 15}, {'id': 16}, {'id': 17}, {'id': 18}, {'id': 19}, {'id': 20}, {'id': 21}, {'id': 22}, {'id': 23}, {'id': 24}, {'id': 25}, {'id': 26}, {'id': 27}, {'id': 28}, {'id': 29}, {'id': 30}, {'id': 31}, {'id': 32}, {'id': 33}, {'id': 34}, {'id': 35}, {'id': 36}, {'id': 37}, {'id': 38}, {'id': 39}, {'id': 40}, {'id': 41}, {'id': 42}, {'id': 43}, {'id': 44}, {'id': 45}, {'id': 46}, {'id': 47}, {'id': 48}, {'id': 49}, {'id': 50}, {'id': 51}, {'id': 52}, {'id': 53}, {'id': 54}, {'id': 55}, {'id': 56}, {'id': 57}, {'id': 58}, {'id': 59}, {'id': 60}, {'id': 61}, {'id': 62}, {'id': 63}, {'id': 64}, {'id': 65}, {'id': 66}, {'id': 67}, {'id': 68}, {'id': 69}, {'id': 70}, {'id': 71}, {'id': 72}, {'id': 73}, {'id': 74}, {'id': 75}, {'id': 76}, {'id': 77}, {'id': 78}, {'id': 79}, {'id': 80}, {'id': 81}, {'id': 82}, {'id': 83}, {'id': 84}, {'id': 85}, {'id': 86}, {'id': 87}, {'id': 88}, {'id': 89}, {'id': 90}, {'id': 91}, {'id': 92}, {'id': 93}, {'id': 94}, {'id': 95}, {'id': 96}, {'id': 97}, {'id': 98}, {'id': 99}, {'id': 100}, {'id': 101}, {'id': 102}, {'id': 103}, {'id': 104}, {'id': 105}, {'id': 106}, {'id': 107}, {'id': 108}, {'id': 109}, {'id': 110}, {'id': 111}, {'id': 112}, {'id': 113}, {'id': 114}, {'id': 115}, {'id': 116}, {'id': 117}, {'id': 118}, {'id': 119}, {'id': 120}, {'id': 121}, {'id': 122}, {'id': 123}, {'id': 124}, {'id': 125}, {'id': 126}, {'id': 127}, {'id': 128}, {'id': 129}, {'id': 130}, {'id': 131}, {'id': 132}, {'id': 133}, {'id': 134}, {'id': 135}, {'id': 136}, {'id': 137}, {'id': 138}, {'id': 139}, {'id': 140}, {'id': 141}, {'id': 142}, {'id': 143}, {'id': 144}, {'id': 145}, {'id': 146}, {'id': 147}, {'id': 148}, {'id': 149}, {'id': 150}, {'id': 151}, {'id': 152}, {'id': 153}, {'id': 154}, {'id': 155}, {'id': 156}, {'id': 157}, {'id': 158}, {'id': 159}, {'id': 160}, {'id': 161}, {'id': 162}, {'id': 163}, {'id': 164}, {'id': 165}, {'id': 166}, {'id': 167}, {'id': 168}, {'id': 169}, {'id': 170}, {'id': 171}, {'id': 172}, {'id': 173}, {'id': 174}, {'id': 175}, {'id': 176}, {'id': 177}, {'id': 178}, {'id': 179}, {'id': 180}, {'id': 181}, {'id': 182}, {'id': 183}, {'id': 184}, {'id': 185}, {'id': 186}, {'id': 187}, {'id': 188}, {'id': 189}, {'id': 190}, {'id': 191}, {'id': 192}, {'id': 193}, {'id': 194}, {'id': 195}, {'id': 196}, {'id': 197}, {'id': 198}, {'id': 199}, {'id': 200}, {'id': 201}, {'id': 202}, {'id': 203}, {'id': 204}, {'id': 205}, {'id': 206}, {'id': 207}, {'id': 208}, {'id': 209}, {'id': 210}, {'id': 211}, {'id': 212}, {'id': 213}, {'id': 214}, {'id': 215}, {'id': 216}, {'id': 217}, {'id': 218}, {'id': 219}, {'id': 220}, {'id': 221}, {'id': 222}, {'id': 223}, {'id': 224}, {'id': 225}, {'id': 226}, {'id': 227}, {'id': 228}, {'id': 229}, {'id': 230}, {'id': 231}, {'id': 232}, {'id': 233}, {'id': 234}, {'id': 235}, {'id': 236}, {'id': 237}, {'id': 238}, {'id': 239}, {'id': 240}, {'id': 241}, {'id': 242}, {'id': 243}, {'id': 244}, {'id': 245}, {'id': 246}, {'id': 247}, {'id': 248}, {'id': 249}, {'id': 250}, {'id': 251}, {'id': 252}, {'id': 253}, {'id': 254}, {'id': 255}, {'id': 256}, {'id': 257}, {'id': 258}, {'id': 259}, {'id': 260}, {'id': 261}, {'id': 262}, {'id': 263}, {'id': 264}, {'id': 265}, {'id': 266}, {'id': 267}, {'id': 268}, {'id': 269}, {'id': 270}, {'id': 271}, {'id': 272}, {'id': 273}, {'id': 274}, {'id': 275}, {'id': 276}, {'id': 277}, {'id': 278}, {'id': 279}, {'id': 280}, {'id': 281}, {'id': 282}, {'id': 283}, {'id': 284}, {'id': 285}, {'id': 286}, {'id': 287}, {'id': 288}, {'id': 289}, {'id': 290}, {'id': 291}, {'id': 292}, {'id': 293}, {'id': 294}, {'id': 295}, {'id': 296}, {'id': 297}, {'id': 298}, {'id': 299}], 'links': [{'source': 0, 'target': 218}, {'source': 3, 'target': 87}, {'source': 3, 'target': 169}, {'source': 5, 'target': 101}, {'source': 5, 'target': 115}, {'source': 5, 'target': 158}, {'source': 5, 'target': 100}, {'source': 6, 'target': 34}, {'source': 6, 'target': 124}, {'source': 7, 'target': 192}, {'source': 7, 'target': 234}, {'source': 8, 'target': 119}, {'source': 8, 'target': 136}, {'source': 8, 'target': 108}, {'source': 10, 'target': 122}, {'source': 10, 'target': 237}, {'source': 11, 'target': 257}, {'source': 12, 'target': 64}, {'source': 13, 'target': 276}, {'source': 16, 'target': 84}, {'source': 18, 'target': 62}, {'source': 18, 'target': 107}, {'source': 18, 'target': 213}, {'source': 18, 'target': 6}, {'source': 20, 'target': 287}, {'source': 20, 'target': 200}, {'source': 22, 'target': 162}, {'source': 22, 'target': 95}, {'source': 23, 'target': 134}, {'source': 23, 'target': 182}, {'source': 25, 'target': 111}, {'source': 25, 'target': 249}, {'source': 26, 'target': 272}, {'source': 28, 'target': 179}, {'source': 28, 'target': 139}, {'source': 28, 'target': 186}, {'source': 31, 'target': 219}, {'source': 31, 'target': 50}, {'source': 31, 'target': 252}, {'source': 32, 'target': 98}, {'source': 33, 'target': 88}, {'source': 33, 'target': 117}, {'source': 34, 'target': 189}, {'source': 34, 'target': 231}, {'source': 37, 'target': 131}, {'source': 39, 'target': 85}, {'source': 41, 'target': 235}, {'source': 42, 'target': 121}, {'source': 42, 'target': 148}, {'source': 43, 'target': 56}, {'source': 43, 'target': 3}, {'source': 44, 'target': 165}, {'source': 45, 'target': 29}, {'source': 46, 'target': 238}, {'source': 47, 'target': 2}, {'source': 47, 'target': 166}, {'source': 47, 'target': 284}, {'source': 48, 'target': 285}, {'source': 50, 'target': 152}, {'source': 50, 'target': 174}, {'source': 51, 'target': 220}, {'source': 53, 'target': 226}, {'source': 58, 'target': 12}, {'source': 58, 'target': 69}, {'source': 58, 'target': 248}, {'source': 60, 'target': 263}, {'source': 63, 'target': 102}, {'source': 63, 'target': 39}, {'source': 63, 'target': 212}, {'source': 67, 'target': 240}, {'source': 69, 'target': 221}, {'source': 70, 'target': 24}, {'source': 70, 'target': 125}, {'source': 70, 'target': 203}, {'source': 71, 'target': 16}, {'source': 71, 'target': 251}, {'source': 72, 'target': 129}, {'source': 73, 'target': 30}, {'source': 73, 'target': 281}, {'source': 74, 'target': 244}, {'source': 75, 'target': 123}, {'source': 75, 'target': 41}, {'source': 76, 'target': 246}, {'source': 76, 'target': 8}, {'source': 78, 'target': 224}, {'source': 81, 'target': 161}, {'source': 82, 'target': 72}, {'source': 83, 'target': 128}, {'source': 83, 'target': 198}, {'source': 84, 'target': 170}, {'source': 85, 'target': 32}, {'source': 85, 'target': 255}, {'source': 88, 'target': 9}, {'source': 89, 'target': 120}, {'source': 90, 'target': 77}, {'source': 90, 'target': 181}, {'source': 92, 'target': 225}, {'source': 93, 'target': 11}, {'source': 94, 'target': 81}, {'source': 95, 'target': 236}, {'source': 97, 'target': 140}, {'source': 97, 'target': 222}, {'source': 98, 'target': 66}, {'source': 99, 'target': 137}, {'source': 100, 'target': 149}, {'source': 100, 'target': 150}, {'source': 102, 'target': 141}, {'source': 105, 'target': 55}, {'source': 108, 'target': 206}, {'source': 108, 'target': 289}, {'source': 115, 'target': 91}, {'source': 115, 'target': 135}, {'source': 116, 'target': 145}, {'source': 117, 'target': 193}, {'source': 123, 'target': 103}, {'source': 124, 'target': 37}, {'source': 125, 'target': 74}, {'source': 126, 'target': 163}, {'source': 127, 'target': 35}, {'source': 127, 'target': 49}, {'source': 127, 'target': 232}, {'source': 130, 'target': 196}, {'source': 130, 'target': 185}, {'source': 131, 'target': 279}, {'source': 132, 'target': 167}, {'source': 132, 'target': 228}, {'source': 133, 'target': 277}, {'source': 136, 'target': 259}, {'source': 138, 'target': 5}, {'source': 139, 'target': 188}, {'source': 140, 'target': 260}, {'source': 140, 'target': 133}, {'source': 140, 'target': 0}, {'source': 141, 'target': 57}, {'source': 142, 'target': 116}, {'source': 142, 'target': 215}, {'source': 143, 'target': 18}, {'source': 144, 'target': 146}, {'source': 145, 'target': 205}, {'source': 147, 'target': 278}, {'source': 148, 'target': 45}, {'source': 148, 'target': 190}, {'source': 149, 'target': 269}, {'source': 150, 'target': 15}, {'source': 150, 'target': 126}, {'source': 150, 'target': 195}, {'source': 150, 'target': 197}, {'source': 151, 'target': 209}, {'source': 154, 'target': 68}, {'source': 155, 'target': 227}, {'source': 155, 'target': 178}, {'source': 158, 'target': 51}, {'source': 159, 'target': 89}, {'source': 159, 'target': 295}, {'source': 164, 'target': 171}, {'source': 165, 'target': 97}, {'source': 168, 'target': 127}, {'source': 169, 'target': 31}, {'source': 171, 'target': 267}, {'source': 171, 'target': 290}, {'source': 172, 'target': 297}, {'source': 173, 'target': 54}, {'source': 174, 'target': 7}, {'source': 175, 'target': 143}, {'source': 177, 'target': 299}, {'source': 178, 'target': 14}, {'source': 178, 'target': 283}, {'source': 178, 'target': 194}, {'source': 180, 'target': 17}, {'source': 181, 'target': 114}, {'source': 181, 'target': 262}, {'source': 182, 'target': 21}, {'source': 182, 'target': 105}, {'source': 184, 'target': 104}, {'source': 184, 'target': 33}, {'source': 184, 'target': 204}, {'source': 185, 'target': 52}, {'source': 185, 'target': 159}, {'source': 185, 'target': 138}, {'source': 186, 'target': 19}, {'source': 186, 'target': 177}, {'source': 187, 'target': 160}, {'source': 187, 'target': 175}, {'source': 187, 'target': 258}, {'source': 188, 'target': 83}, {'source': 190, 'target': 144}, {'source': 190, 'target': 168}, {'source': 190, 'target': 164}, {'source': 193, 'target': 233}, {'source': 193, 'target': 78}, {'source': 194, 'target': 59}, {'source': 194, 'target': 110}, {'source': 194, 'target': 256}, {'source': 195, 'target': 36}, {'source': 196, 'target': 183}, {'source': 197, 'target': 142}, {'source': 197, 'target': 253}, {'source': 197, 'target': 76}, {'source': 198, 'target': 113}, {'source': 198, 'target': 22}, {'source': 199, 'target': 293}, {'source': 199, 'target': 184}, {'source': 200, 'target': 53}, {'source': 203, 'target': 25}, {'source': 203, 'target': 292}, {'source': 204, 'target': 245}, {'source': 204, 'target': 296}, {'source': 205, 'target': 65}, {'source': 205, 'target': 79}, {'source': 206, 'target': 268}, {'source': 208, 'target': 26}, {'source': 209, 'target': 94}, {'source': 209, 'target': 71}, {'source': 210, 'target': 265}, {'source': 210, 'target': 155}, {'source': 211, 'target': 243}, {'source': 212, 'target': 156}, {'source': 212, 'target': 264}, {'source': 212, 'target': 266}, {'source': 213, 'target': 43}, {'source': 215, 'target': 180}, {'source': 217, 'target': 202}, {'source': 218, 'target': 282}, {'source': 219, 'target': 4}, {'source': 219, 'target': 86}, {'source': 222, 'target': 286}, {'source': 222, 'target': 199}, {'source': 224, 'target': 75}, {'source': 225, 'target': 273}, {'source': 225, 'target': 90}, {'source': 226, 'target': 132}, {'source': 227, 'target': 118}, {'source': 228, 'target': 38}, {'source': 228, 'target': 48}, {'source': 229, 'target': 106}, {'source': 229, 'target': 63}, {'source': 235, 'target': 61}, {'source': 235, 'target': 154}, {'source': 237, 'target': 254}, {'source': 238, 'target': 96}, {'source': 239, 'target': 23}, {'source': 239, 'target': 93}, {'source': 240, 'target': 60}, {'source': 240, 'target': 130}, {'source': 242, 'target': 20}, {'source': 245, 'target': 217}, {'source': 245, 'target': 223}, {'source': 246, 'target': 40}, {'source': 246, 'target': 280}, {'source': 248, 'target': 1}, {'source': 248, 'target': 191}, {'source': 251, 'target': 214}, {'source': 251, 'target': 247}, {'source': 251, 'target': 70}, {'source': 253, 'target': 153}, {'source': 254, 'target': 294}, {'source': 256, 'target': 172}, {'source': 257, 'target': 82}, {'source': 258, 'target': 46}, {'source': 258, 'target': 242}, {'source': 259, 'target': 173}, {'source': 261, 'target': 241}, {'source': 261, 'target': 92}, {'source': 261, 'target': 44}, {'source': 262, 'target': 288}, {'source': 263, 'target': 80}, {'source': 263, 'target': 275}, {'source': 266, 'target': 291}, {'source': 267, 'target': 216}, {'source': 267, 'target': 271}, {'source': 268, 'target': 211}, {'source': 268, 'target': 47}, {'source': 268, 'target': 298}, {'source': 269, 'target': 250}, {'source': 269, 'target': 239}, {'source': 274, 'target': 99}, {'source': 275, 'target': 112}, {'source': 280, 'target': 176}, {'source': 280, 'target': 207}, {'source': 280, 'target': 274}, {'source': 280, 'target': 210}, {'source': 281, 'target': 147}, {'source': 283, 'target': 10}, {'source': 285, 'target': 151}, {'source': 285, 'target': 261}, {'source': 286, 'target': 208}, {'source': 288, 'target': 42}, {'source': 289, 'target': 109}, {'source': 289, 'target': 230}, {'source': 289, 'target': 28}, {'source': 291, 'target': 58}, {'source': 291, 'target': 73}, {'source': 291, 'target': 67}, {'source': 293, 'target': 201}, {'source': 294, 'target': 270}, {'source': 297, 'target': 187}, {'source': 298, 'target': 27}, {'source': 299, 'target': 157}, {'source': 299, 'target': 13}]}",100
"{'directed': True, 'multigraph': False, 'graph': {}, 'nodes': [{'id': 0}, {'id': 1}, {'id': 2}, {'id': 3}, {'id': 4}, {'id': 5}, {'id': 6}, {'id': 7}, {'id': 8}, {'id': 9}, {'id': 10}, {'id': 11}, {'id': 12}, {'id': 13}, {'id': 14}, {'id': 15}, {'id': 16}, {'id': 17}, {'id': 18}, {'id': 19}, {'id': 20}, {'id': 21}, {'id': 22}, {'id': 23}, {'id': 24}, {'id': 25}, {'id': 26}, {'id': 27}, {'id': 28}, {'id': 29}, {'id': 30}, {'id': 31}, {'id': 32}, {'id': 33}, {'id': 34}, {'id': 35}, {'id': 36}, {'id': 37}, {'id': 38}, {'id': 39}, {'id': 40}, {'id': 41}, {'id': 42}, {'id': 43}, {'id': 44}, {'id': 45}, {'id': 46}, {'id': 47}, {'id': 48}, {'id': 49}, {'id': 50}, {'id': 51}, {'id': 52}, {'id': 53}, {'id': 54}, {'id': 55}, {'id': 56}, {'id': 57}, {'id': 58}, {'id': 59}, {'id': 60}, {'id': 61}, {'id': 62}, {'id': 63}, {'id': 64}, {'id': 65}, {'id': 66}, {'id': 67}, {'id': 68}, {'id': 69}, {'id': 70}, {'id': 71}, {'id': 72}, {'id': 73}, {'id': 74}, {'id': 75}, {'id': 76}, {'id': 77}, {'id': 78}, {'id': 79}, {'id': 80}, {'id': 81}, {'id': 82}, {'id': 83}, {'id': 84}, {'id': 85}, {'id': 86}, {'id': 87}, {'id': 88}, {'id': 89}, {'id': 90}, {'id': 91}, {'id': 92}, {'id': 93}, {'id': 94}, {'id': 95}, {'id': 96}, {'id': 97}, {'id': 98}, {'id': 99}, {'id': 100}, {'id': 101}, {'id': 102}, {'id': 103}, {'id': 104}, {'id': 105}, {'id': 106}, {'id': 107}, {'id': 108}, {'id': 109}, {'id': 110}, {'id': 111}, {'id': 112}, {'id': 113}, {'id': 114}, {'id': 115}, {'id': 116}, {'id': 117}, {'id': 118}, {'id': 119}, {'id': 120}, {'id': 121}, {'id': 122}, {'id': 123}, {'id': 124}, {'id': 125}, {'id': 126}, {'id': 127}, {'id': 128}, {'id': 129}, {'id': 130}, {'id': 131}, {'id': 132}, {'id': 133}, {'id': 134}, {'id': 135}, {'id': 136}, {'id': 137}, {'id': 138}, {'id': 139}, {'id': 140}, {'id': 141}, {'id': 142}, {'id': 143}, {'id': 144}, {'id': 145}, {'id': 146}, {'id': 147}, {'id': 148}, {'id': 149}, {'id': 150}, {'id': 151}, {'id': 152}, {'id': 153}, {'id': 154}, {'id': 155}, {'id': 156}, {'id': 157}, {'id': 158}, {'id': 159}, {'id': 160}, {'id': 161}, {'id': 162}, {'id': 163}, {'id': 164}, {'id': 165}, {'id': 166}, {'id': 167}, {'id': 168}, {'id': 169}, {'id': 170}, {'id': 171}, {'id': 172}, {'id': 173}, {'id': 174}, {'id': 175}, {'id': 176}, {'id': 177}, {'id': 178}, {'id': 179}, {'id': 180}, {'id': 181}, {'id': 182}, {'id': 183}, {'id': 184}, {'id': 185}, {'id': 186}, {'id': 187}, {'id': 188}, {'id': 189}, {'id': 190}, {'id': 191}, {'id': 192}, {'id': 193}, {'id': 194}, {'id': 195}, {'id': 196}, {'id': 197}, {'id': 198}, {'id': 199}, {'id': 200}, {'id': 201}, {'id': 202}, {'id': 203}, {'id': 204}, {'id': 205}, {'id': 206}, {'id': 207}, {'id': 208}, {'id': 209}, {'id': 210}, {'id': 211}, {'id': 212}, {'id': 213}, {'id': 214}, {'id': 215}, {'id': 216}, {'id': 217}, {'id': 218}, {'id': 219}, {'id': 220}, {'id': 221}, {'id': 222}, {'id': 223}, {'id': 224}, {'id': 225}, {'id': 226}, {'id': 227}, {'id': 228}, {'id': 229}, {'id': 230}, {'id': 231}, {'id': 232}, {'id': 233}, {'id': 234}, {'id': 235}, {'id': 236}, {'id': 237}, {'id': 238}, {'id': 239}, {'id': 240}, {'id': 241}, {'id': 242}, {'id': 243}, {'id': 244}, {'id': 245}, {'id': 246}, {'id': 247}, {'id': 248}, {'id': 249}, {'id': 250}, {'id': 251}, {'id': 252}, {'id': 253}, {'id': 254}, {'id': 255}, {'id': 256}, {'id': 257}, {'id': 258}, {'id': 259}, {'id': 260}, {'id': 261}, {'id': 262}, {'id': 263}, {'id': 264}, {'id': 265}, {'id': 266}, {'id': 267}, {'id': 268}, {'id': 269}, {'id': 270}, {'id': 271}, {'id': 272}, {'id': 273}, {'id': 274}, {'id': 275}, {'id': 276}, {'id': 277}, {'id': 278}, {'id': 279}, {'id': 280}, {'id': 281}, {'id': 282}, {'id': 283}, {'id': 284}, {'id': 285}, {'id': 286}, {'id': 287}, {'id': 288}, {'id': 289}, {'id': 290}, {'id': 291}, {'id': 292}, {'id': 293}, {'id': 294}, {'id': 295}, {'id': 296}, {'id': 297}, {'id': 298}, {'id': 299}], 'links': [{'source': 0, 'target': 43}, {'source': 1, 'target': 0}, {'source': 1, 'target': 126}, {'source': 1, 'target': 276}, {'source': 3, 'target': 224}, {'source': 3, 'target': 226}, {'source': 4, 'target': 221}, {'source': 5, 'target': 19}, {'source': 6, 'target': 32}, {'source': 6, 'target': 111}, {'source': 7, 'target': 200}, {'source': 8, 'target': 205}, {'source': 9, 'target': 129}, {'source': 9, 'target': 162}, {'source': 10, 'target': 92}, {'source': 11, 'target': 109}, {'source': 11, 'target': 128}, {'source': 12, 'target': 164}, {'source': 14, 'target': 280}, {'source': 16, 'target': 38}, {'source': 16, 'target': 63}, {'source': 18, 'target': 118}, {'source': 18, 'target': 211}, {'source': 18, 'target': 112}, {'source': 19, 'target': 71}, {'source': 19, 'target': 252}, {'source': 19, 'target': 254}, {'source': 21, 'target': 105}, {'source': 22, 'target': 40}, {'source': 22, 'target': 87}, {'source': 22, 'target': 141}, {'source': 23, 'target': 16}, {'source': 27, 'target': 166}, {'source': 28, 'target': 218}, {'source': 28, 'target': 135}, {'source': 31, 'target': 251}, {'source': 32, 'target': 223}, {'source': 33, 'target': 217}, {'source': 33, 'target': 130}, {'source': 34, 'target': 155}, {'source': 34, 'target': 259}, {'source': 35, 'target': 188}, {'source': 36, 'target': 146}, {'source': 37, 'target': 220}, {'source': 38, 'target': 143}, {'source': 41, 'target': 68}, {'source': 41, 'target': 267}, {'source': 43, 'target': 182}, {'source': 43, 'target': 233}, {'source': 45, 'target': 159}, {'source': 47, 'target': 284}, {'source': 48, 'target': 57}, {'source': 49, 'target': 72}, {'source': 49, 'target': 97}, {'source': 49, 'target': 33}, {'source': 50, 'target': 117}, {'source': 51, 'target': 263}, {'source': 51, 'target': 279}, {'source': 53, 'target': 299}, {'source': 55, 'target': 138}, {'source': 57, 'target': 95}, {'source': 58, 'target': 158}, {'source': 59, 'target': 64}, {'source': 59, 'target': 115}, {'source': 60, 'target': 50}, {'source': 60, 'target': 108}, {'source': 63, 'target': 185}, {'source': 65, 'target': 290}, {'source': 67, 'target': 24}, {'source': 67, 'target': 28}, {'source': 68, 'target': 172}, {'source': 69, 'target': 88}, {'source': 70, 'target': 151}, {'source': 70, 'target': 3}, {'source': 72, 'target': 153}, {'source': 72, 'target': 67}, {'source': 73, 'target': 231}, {'source': 74, 'target': 66}, {'source': 74, 'target': 11}, {'source': 75, 'target': 17}, {'source': 75, 'target': 125}, {'source': 76, 'target': 2}, {'source': 76, 'target': 144}, {'source': 76, 'target': 86}, {'source': 78, 'target': 79}, {'source': 78, 'target': 268}, {'source': 79, 'target': 13}, {'source': 80, 'target': 207}, {'source': 80, 'target': 225}, {'source': 81, 'target': 106}, {'source': 81, 'target': 189}, {'source': 81, 'target': 214}, {'source': 82, 'target': 147}, {'source': 83, 'target': 77}, {'source': 84, 'target': 140}, {'source': 84, 'target': 201}, {'source': 85, 'target': 236}, {'source': 86, 'target': 229}, {'source': 86, 'target': 181}, {'source': 86, 'target': 121}, {'source': 87, 'target': 228}, {'source': 87, 'target': 93}, {'source': 89, 'target': 257}, {'source': 91, 'target': 52}, {'source': 91, 'target': 35}, {'source': 92, 'target': 55}, {'source': 92, 'target': 209}, {'source': 92, 'target': 139}, {'source': 93, 'target': 99}, {'source': 93, 'target': 239}, {'source': 95, 'target': 59}, {'source': 96, 'target': 78}, {'source': 97, 'target': 148}, {'source': 98, 'target': 227}, {'source': 99, 'target': 196}, {'source': 100, 'target': 42}, {'source': 100, 'target': 8}, {'source': 100, 'target': 277}, {'source': 100, 'target': 127}, {'source': 100, 'target': 22}, {'source': 103, 'target': 167}, {'source': 105, 'target': 176}, {'source': 107, 'target': 262}, {'source': 107, 'target': 256}, {'source': 108, 'target': 133}, {'source': 110, 'target': 235}, {'source': 111, 'target': 157}, {'source': 111, 'target': 248}, {'source': 112, 'target': 136}, {'source': 112, 'target': 274}, {'source': 113, 'target': 54}, {'source': 113, 'target': 18}, {'source': 113, 'target': 240}, {'source': 114, 'target': 82}, {'source': 114, 'target': 107}, {'source': 115, 'target': 62}, {'source': 115, 'target': 104}, {'source': 116, 'target': 84}, {'source': 118, 'target': 142}, {'source': 119, 'target': 20}, {'source': 119, 'target': 122}, {'source': 120, 'target': 238}, {'source': 121, 'target': 294}, {'source': 124, 'target': 163}, {'source': 124, 'target': 187}, {'source': 125, 'target': 171}, {'source': 125, 'target': 287}, {'source': 126, 'target': 5}, {'source': 127, 'target': 177}, {'source': 127, 'target': 295}, {'source': 127, 'target': 65}, {'source': 128, 'target': 101}, {'source': 130, 'target': 123}, {'source': 130, 'target': 179}, {'source': 130, 'target': 73}, {'source': 130, 'target': 291}, {'source': 130, 'target': 169}, {'source': 132, 'target': 258}, {'source': 133, 'target': 69}, {'source': 135, 'target': 222}, {'source': 137, 'target': 75}, {'source': 139, 'target': 245}, {'source': 141, 'target': 110}, {'source': 146, 'target': 293}, {'source': 147, 'target': 271}, {'source': 148, 'target': 210}, {'source': 156, 'target': 282}, {'source': 158, 'target': 12}, {'source': 158, 'target': 199}, {'source': 159, 'target': 275}, {'source': 161, 'target': 46}, {'source': 161, 'target': 184}, {'source': 164, 'target': 203}, {'source': 164, 'target': 89}, {'source': 166, 'target': 183}, {'source': 166, 'target': 208}, {'source': 166, 'target': 14}, {'source': 168, 'target': 296}, {'source': 168, 'target': 53}, {'source': 169, 'target': 21}, {'source': 169, 'target': 261}, {'source': 171, 'target': 4}, {'source': 171, 'target': 246}, {'source': 171, 'target': 247}, {'source': 173, 'target': 48}, {'source': 173, 'target': 283}, {'source': 175, 'target': 244}, {'source': 176, 'target': 85}, {'source': 176, 'target': 266}, {'source': 177, 'target': 56}, {'source': 178, 'target': 180}, {'source': 179, 'target': 152}, {'source': 179, 'target': 165}, {'source': 180, 'target': 91}, {'source': 181, 'target': 74}, {'source': 181, 'target': 113}, {'source': 186, 'target': 237}, {'source': 187, 'target': 31}, {'source': 188, 'target': 131}, {'source': 188, 'target': 98}, {'source': 192, 'target': 289}, {'source': 192, 'target': 37}, {'source': 193, 'target': 27}, {'source': 196, 'target': 116}, {'source': 198, 'target': 161}, {'source': 199, 'target': 288}, {'source': 200, 'target': 23}, {'source': 201, 'target': 232}, {'source': 202, 'target': 58}, {'source': 203, 'target': 47}, {'source': 204, 'target': 137}, {'source': 205, 'target': 242}, {'source': 206, 'target': 94}, {'source': 206, 'target': 1}, {'source': 209, 'target': 134}, {'source': 210, 'target': 36}, {'source': 213, 'target': 250}, {'source': 216, 'target': 168}, {'source': 218, 'target': 255}, {'source': 219, 'target': 286}, {'source': 220, 'target': 29}, {'source': 220, 'target': 272}, {'source': 222, 'target': 132}, {'source': 226, 'target': 269}, {'source': 228, 'target': 178}, {'source': 230, 'target': 298}, {'source': 232, 'target': 160}, {'source': 233, 'target': 154}, {'source': 233, 'target': 81}, {'source': 234, 'target': 174}, {'source': 235, 'target': 241}, {'source': 235, 'target': 49}, {'source': 236, 'target': 150}, {'source': 238, 'target': 206}, {'source': 239, 'target': 170}, {'source': 240, 'target': 278}, {'source': 241, 'target': 25}, {'source': 241, 'target': 202}, {'source': 242, 'target': 197}, {'source': 245, 'target': 149}, {'source': 245, 'target': 100}, {'source': 246, 'target': 9}, {'source': 246, 'target': 265}, {'source': 247, 'target': 253}, {'source': 247, 'target': 114}, {'source': 249, 'target': 80}, {'source': 252, 'target': 83}, {'source': 253, 'target': 120}, {'source': 253, 'target': 173}, {'source': 254, 'target': 195}, {'source': 255, 'target': 6}, {'source': 256, 'target': 249}, {'source': 256, 'target': 156}, {'source': 257, 'target': 96}, {'source': 257, 'target': 219}, {'source': 258, 'target': 39}, {'source': 258, 'target': 61}, {'source': 258, 'target': 204}, {'source': 261, 'target': 145}, {'source': 261, 'target': 292}, {'source': 263, 'target': 30}, {'source': 263, 'target': 34}, {'source': 264, 'target': 270}, {'source': 264, 'target': 10}, {'source': 265, 'target': 191}, {'source': 265, 'target': 243}, {'source': 266, 'target': 60}, {'source': 266, 'target': 281}, {'source': 267, 'target': 260}, {'source': 269, 'target': 213}, {'source': 270, 'target': 26}, {'source': 271, 'target': 190}, {'source': 272, 'target': 70}, {'source': 272, 'target': 216}, {'source': 274, 'target': 7}, {'source': 275, 'target': 186}, {'source': 277, 'target': 45}, {'source': 279, 'target': 234}, {'source': 280, 'target': 194}, {'source': 281, 'target': 51}, {'source': 281, 'target': 76}, {'source': 282, 'target': 90}, {'source': 282, 'target': 212}, {'source': 282, 'target': 285}, {'source': 283, 'target': 193}, {'source': 284, 'target': 119}, {'source': 285, 'target': 198}, {'source': 288, 'target': 215}, {'source': 288, 'target': 230}, {'source': 290, 'target': 297}, {'source': 292, 'target': 124}, {'source': 292, 'target': 192}, {'source': 293, 'target': 15}, {'source': 294, 'target': 44}, {'source': 294, 'target': 102}, {'source': 297, 'target': 103}, {'source': 297, 'target': 175}, {'source': 298, 'target': 41}, {'source': 299, 'target': 273}]}",100
